# %ECSV 1.0
# ---
# datatype:
# - {name: t_mjd, datatype: float64}
# - {name: t_bjd, datatype: float64}
# - {name: t_visit, datatype: float64}
# - {name: t_orbit, datatype: float64}
# - {name: ivisit, datatype: float64}
# - {name: iorbit, datatype: float64}
# - {name: scan, datatype: float64}
# - {name: spec_opt, datatype: float64}
# - {name: var_opt, datatype: float64}
# - {name: wave, datatype: float64}
# schema: astropy-2.0
t_mjd t_bjd t_visit t_orbit ivisit iorbit scan spec_opt var_opt wave
59455.203888655 2459455.7091161143 1.4178257435560226 1.4178257435560226 0.0 0.0 0.0 5489616.1597783705 1149487.3597201174 1.41625
59455.20459458 2459455.7098220186 2.4343279749155045 2.4343279749155045 0.0 0.0 1.0 5526656.064910233 1157123.85474337 1.41625
59455.205300689995 2459455.7105281074 3.4510957449674606 3.4510957449674606 0.0 0.0 0.0 5526146.5355082145 1157026.168084355 1.41625
59455.20600662 2459455.7112340154 4.467603340744972 4.467603340744972 0.0 0.0 1.0 5547970.263746686 1161565.1546235795 1.41625
59455.20671273 2459455.7119401037 5.484370440244675 5.484370440244675 0.0 0.0 0.0 5541188.786476772 1160085.9273091292 1.41625
59455.207418655 2459455.712646005 6.500868648290634 6.500868648290634 0.0 0.0 1.0 5556393.962637591 1163291.723209157 1.41625
59455.208124765 2459455.713352092 7.517633736133575 7.517633736133575 0.0 0.0 0.0 5547359.644389465 1161405.5228561445 1.41625
59455.20883069 2459455.7140579927 8.534130603075027 8.534130603075027 0.0 0.0 1.0 5560525.52677205 1164170.19079188 1.41625
59455.209536805 2459455.7147640823 9.550899714231491 9.550899714231491 0.0 0.0 0.0 5549050.950992276 1161693.434873254 1.41625
59455.21024273 2459455.715469982 10.567395240068436 10.567395240068436 0.0 0.0 1.0 5564200.61869048 1164930.2940873068 1.41625
59455.21094884 2459455.716176065 11.584154963493347 11.584154963493347 0.0 0.0 0.0 5554522.7322087 1162857.4763071847 1.41625
59455.211654765 2459455.716881963 12.600647807121277 12.600647807121277 0.0 0.0 1.0 5563498.906940991 1164824.0366945139 1.41625
59455.212360875 2459455.7175880447 13.617405518889427 13.617405518889427 0.0 0.0 0.0 5557282.413701175 1163448.7981551418 1.41625
59455.213066805 2459455.7182939453 14.63390238583088 14.63390238583088 0.0 0.0 1.0 5566325.393168228 1165332.2067894305 1.41625
59455.213772915 2459455.7190000247 15.650656744837761 15.650656744837761 0.0 0.0 0.0 5556765.906525873 1163320.4677841563 1.41625
59455.214478840004 2459455.719705919 16.66714422404766 16.66714422404766 0.0 0.0 1.0 5564569.536937912 1164969.5921862118 1.41625
59455.21518495 2459455.7204119964 17.683895900845528 17.683895900845528 0.0 0.0 0.0 5557794.743112921 1163511.8902279113 1.41625
59455.215890875 2459455.721117888 18.70038002729416 18.70038002729416 0.0 0.0 1.0 5566356.581932894 1165358.753213869 1.41625
59455.216596989994 2459455.721823969 19.717136397957802 19.717136397957802 0.0 0.0 0.0 5559756.2667039195 1163942.1151611577 1.41625
59455.217302915 2459455.722529859 20.733617842197418 20.733617842197418 0.0 0.0 1.0 5566428.315030605 1165383.9930356701 1.41625
59455.218009025004 2459455.723235932 21.750363484025 21.750363484025 0.0 0.0 0.0 5557487.918860948 1163462.939690841 1.41625
59455.21871495 2459455.7239418197 22.76684157550335 22.76684157550335 0.0 0.0 1.0 5566914.897050547 1165475.7420490305 1.41625
59455.21942106 2459455.7246478912 23.783584535121918 23.783584535121918 0.0 0.0 0.0 5558655.958879972 1163701.8438773637 1.41625
59455.220126989996 2459455.725353782 24.80006732046604 24.80006732046604 0.0 0.0 1.0 5566124.312657165 1165262.2859379796 1.41625
59455.2208331 2459455.7260598517 25.816807597875595 25.816807597875595 0.0 0.0 0.0 5559000.056935529 1163798.1185366593 1.41625
59455.221539025 2459455.7267657355 26.833280324935913 26.833280324935913 0.0 0.0 1.0 5565651.79683449 1165213.5415519571 1.41625
59455.22224514 2459455.727471808 27.85002462565899 27.85002462565899 0.0 0.0 0.0 5558036.752935525 1163557.9280685526 1.41625
59455.22295106 2459455.728177685 28.8664872944355 28.8664872944355 0.0 0.0 1.0 5566358.47454857 1165360.7833644403 1.41625
59455.223657174996 2459455.728883756 29.883229583501816 29.883229583501816 0.0 0.0 0.0 5557845.076090594 1163522.924378113 1.41625
59455.2243631 2459455.729589636 30.899696946144104 30.899696946144104 0.0 0.0 1.0 5566749.398054567 1165479.7650534227 1.41625
59455.225069210006 2459455.7302957005 31.916429847478867 31.916429847478867 0.0 0.0 0.0 5558622.16451799 1163707.5935398957 1.41625
59455.22577514 2459455.731001584 32.93290190398693 32.93290190398693 0.0 0.0 1.0 5565188.365900547 1165137.7487383778 1.41625
59455.226481245 2459455.731707642 33.94962541759014 33.94962541759014 0.0 0.0 0.0 5557759.200885934 1163506.400735701 1.41625
59455.227187175 2459455.7324135243 34.9660961329937 34.9660961329937 0.0 0.0 1.0 5566224.200114206 1165314.0370762125 1.41625
59455.227893285 2459455.733119586 35.98282501101494 35.98282501101494 0.0 0.0 0.0 5559611.673507814 1163951.5449532215 1.41625
59455.22859921 2459455.7338254624 36.9992870092392 36.9992870092392 0.0 0.0 1.0 5567633.577203571 1165609.7370577403 1.41625
59455.229305325 2459455.7345315283 38.01602192223072 38.01602192223072 0.0 0.0 0.0 5557301.969954527 1163441.019717733 1.41625
59455.230011245 2459455.735237399 39.032475873827934 39.032475873827934 0.0 0.0 1.0 5563790.120113735 1164803.8130899125 1.41625
59455.23071736 2459455.735943464 40.04920944571495 40.04920944571495 0.0 0.0 0.0 5556831.8710084185 1163336.6278991464 1.41625
59455.231423285004 2459455.7366493386 41.065668761730194 41.065668761730194 0.0 0.0 1.0 5564813.718928377 1165021.496869863 1.41625
59455.268981245 2459455.7742054434 95.14645971357822 0.0 0.0 1.0 0.0 5549429.313879353 1161799.9274629331 1.41625
59455.269687175 2459455.774911353 96.1629693210125 1.0165096074342728 0.0 1.0 1.0 5550225.25816726 1162023.6948854472 1.41625
59455.270393285 2459455.7756174426 97.17973843216896 2.0332787185907364 0.0 1.0 0.0 5553407.405949617 1162608.1902066835 1.41625
59455.271099210004 2459455.776323346 98.19623932242393 3.0497796088457108 0.0 1.0 1.0 5552419.974615042 1162461.3868217943 1.41625
59455.271805325 2459455.77702944 99.21301446855068 4.066554754972458 0.0 1.0 0.0 5555562.045119152 1163075.2646884334 1.41625
59455.272511245 2459455.777735338 100.22950798273087 5.083048269152641 0.0 1.0 1.0 5554248.619829675 1162889.1874095227 1.41625
59455.273217359994 2459455.77844143 101.2462804466486 6.0998207330703735 0.0 1.0 0.0 5554928.935359842 1162921.1237219702 1.41625
59455.273923285 2459455.7791473316 102.26277865469456 7.116318941116333 0.0 1.0 1.0 5554633.471950003 1162940.0661647045 1.41625
59455.274629395004 2459455.779853418 103.27954307198524 8.13308335840702 0.0 1.0 0.0 5556093.606323928 1163175.9147529525 1.41625
59455.275335325 2459455.7805593233 104.29604664444923 9.14958693087101 0.0 1.0 1.0 5554929.555085927 1162899.6923165412 1.41625
59455.27604143 2459455.7812654027 105.31280100345612 10.166341289877892 0.0 1.0 0.0 5556306.373405507 1163243.384740318 1.41625
59455.276747359996 2459455.7819713065 106.32930256426334 11.18284285068512 0.0 1.0 1.0 5552841.961739279 1162538.8229836547 1.41625
59455.27745347 2459455.7826773897 107.34606228768826 12.199602574110031 0.0 1.0 0.0 5556122.192318829 1163164.1961902012 1.41625
59455.278159395 2459455.7833832866 108.36255379021168 13.216094076633453 0.0 1.0 1.0 5552905.681876064 1162651.3595555823 1.41625
59455.27886551 2459455.784089373 109.37931820750237 14.232858493924141 0.0 1.0 0.0 5555292.029236279 1163035.300285515 1.41625
59455.27957143 2459455.784795263 110.39579965174198 15.249339938163757 0.0 1.0 1.0 5553308.662879987 1162594.318830461 1.41625
59455.280277544996 2459455.7855013474 111.41256138682365 16.26610167324543 0.0 1.0 0.0 5556020.022829283 1163214.8796629955 1.41625
59455.28098347 2459455.78620724 112.4290468543768 17.28258714079857 0.0 1.0 1.0 5552899.506374888 1162513.6820541304 1.41625
59455.281689580006 2459455.7869133176 113.44579853117466 18.299338817596436 0.0 1.0 0.0 5556092.77174385 1163235.117285164 1.41625
59455.28239551 2459455.7876192136 114.46228869259357 19.31582897901535 0.0 1.0 1.0 5552838.332255057 1162556.307422778 1.41625
59455.283101615 2459455.7883252837 115.47902964055538 20.332569926977158 0.0 1.0 0.0 5555074.862206317 1162954.0260261453 1.41625
59455.283807545 2459455.7890311778 116.49551711976528 21.349057406187057 0.0 1.0 1.0 5554244.6324035125 1162802.3048043116 1.41625
59455.284513655 2459455.789737251 117.51226276159286 22.36580304801464 0.0 1.0 0.0 5555215.598075973 1163060.0438141292 1.41625
59455.28521958 2459455.790443138 118.52874018251896 23.382280468940735 0.0 1.0 1.0 5553067.594757374 1162575.3098295834 1.41625
59455.285925695 2459455.7911492144 119.54548984766006 24.39903013408184 0.0 1.0 0.0 5553985.309058934 1162742.470220101 1.41625
59455.286631615 2459455.791855094 120.5619565397501 25.415496826171875 0.0 1.0 1.0 5550900.087694739 1162198.673416394 1.41625
59455.28733773 2459455.792561169 121.57870419323444 26.43224447965622 0.0 1.0 0.0 5555457.000819086 1163123.4221819588 1.41625
59455.288043655004 2459455.7932670517 122.59517557919025 27.44871586561203 0.0 1.0 1.0 5553042.152783689 1162567.9946827674 1.41625
59455.288749765 2459455.793973119 123.61191250383854 28.465452790260315 0.0 1.0 0.0 5554582.658676305 1162887.1353329744 1.41625
59455.289455695 2459455.794679005 124.62838858366013 29.4819288700819 0.0 1.0 1.0 5553439.529952304 1162628.6127136413 1.41625
59455.2901618 2459455.795385066 125.64511612057686 30.498656406998634 0.0 1.0 0.0 5552844.252612229 1162533.1831522689 1.41625
59455.29086773 2459455.7960909507 126.66159018874168 31.51513047516346 0.0 1.0 1.0 5551892.226043883 1162384.9768709035 1.41625
59455.29157384 2459455.796797015 127.67832241952419 32.53186270594597 0.0 1.0 0.0 5552503.528064198 1162402.545770463 1.41625
59455.292279764995 2459455.797502893 128.69478709995747 33.54832738637924 0.0 1.0 1.0 5551032.866270608 1162123.6951624616 1.41625
59455.292985880005 2459455.7982089603 129.71152402460575 34.56506431102753 0.0 1.0 0.0 5553393.807135369 1162652.6005962605 1.41625
59455.293691800005 2459455.7989148325 130.72797998785973 35.5815202742815 0.0 1.0 1.0 5552872.005439067 1162561.7286595406 1.41625
59455.294397915 2459455.799620899 131.7447155714035 36.59825585782528 0.0 1.0 0.0 5551913.355076828 1162333.0675679035 1.41625
59455.29510384 2459455.8003267753 132.76117756962776 37.61471785604954 0.0 1.0 1.0 5551198.476218646 1162175.9246086946 1.41625
59455.295809949996 2459455.801032836 133.7779051065445 38.63144539296627 0.0 1.0 0.0 5550816.852576539 1162137.8625991999 1.41625
59455.29651588 2459455.801738716 134.79437246918678 39.64791275560856 0.0 1.0 1.0 5549070.66458685 1161794.969574616 1.41625
59455.297221985 2459455.802444771 135.81109128892422 40.66463157534599 0.0 1.0 0.0 5553105.804573684 1162512.3065863429 1.41625
59455.297927915 2459455.8031506506 136.82755798101425 41.68109826743603 0.0 1.0 1.0 5550262.676301156 1162032.3886629997 1.41625
59455.335150135 2459455.840371036 190.42491294443607 0.0 0.0 2.0 0.0 5530524.651720115 1157786.27918124 1.41625
59455.33585625 2459455.8410771303 191.44168876111507 1.0167758166790009 0.0 2.0 1.0 5536012.031310429 1159010.8579316388 1.41625
59455.33656217 2459455.8417830295 192.45818361639977 2.0332706719636917 0.0 2.0 0.0 5533111.188765539 1158418.918185702 1.41625
59455.337268285 2459455.8424891233 193.4749587625265 3.050045818090439 0.0 2.0 1.0 5535929.187228076 1158942.4415703649 1.41625
59455.33797421 2459455.8431950263 194.49145898222923 4.0665460377931595 0.0 2.0 0.0 5534181.879657882 1158564.8721320736 1.41625
59455.33868032 2459455.843901114 195.50822541117668 5.083312466740608 0.0 2.0 1.0 5537458.559406665 1159266.4775983756 1.41625
59455.339386249994 2459455.8446070217 196.52473233640194 6.099819391965866 0.0 2.0 0.0 5532495.327603843 1158230.3488593781 1.41625
59455.340092355 2459455.8453131034 197.5414900481701 7.116577103734016 0.0 2.0 1.0 5536909.265993577 1159194.1082763835 1.41625
59455.340798285004 2459455.846019009 198.55799429118633 8.13308134675026 0.0 2.0 0.0 5535460.282321089 1158871.203902179 1.41625
59455.341504395 2459455.8467250946 199.5747573673725 9.14984442293644 0.0 2.0 1.0 5537523.361254302 1159310.7526756825 1.41625
59455.34221032 2459455.847430994 200.5912522226572 10.16633927822113 0.0 2.0 0.0 5536363.534327566 1159148.5133841895 1.41625
59455.342916435 2459455.848137083 201.6080206632614 11.18310771882534 0.0 2.0 1.0 5536809.775025705 1159172.6510820175 1.41625
59455.343622355 2459455.848842975 202.6245054602623 12.199592515826225 0.0 2.0 0.0 5535698.183813095 1158924.8856238977 1.41625
59455.344328470004 2459455.8495490626 203.6412712186575 13.21635827422142 0.0 2.0 1.0 5539756.066661631 1159769.8702129258 1.41625
59455.345034394995 2459455.8502549585 204.6577613800764 14.232848435640335 0.0 2.0 0.0 5538278.5137677835 1159458.0135100514 1.41625
59455.345740505 2459455.850961039 205.6745170801878 15.249604135751724 0.0 2.0 1.0 5538049.390098602 1159428.073921199 1.41625
59455.346446434996 2459455.8516669376 206.69101126492023 16.26609832048416 0.0 2.0 0.0 5535295.44459583 1158814.6175207803 1.41625
59455.347152539995 2459455.852373011 207.70775690674782 17.282843962311745 0.0 2.0 1.0 5537308.1133408025 1159275.3675518793 1.41625
59455.347858470006 2459455.853078908 208.72424840927124 18.299335464835167 0.0 2.0 0.0 5535751.681244502 1158933.5389476218 1.41625
59455.34856458 2459455.8537849844 209.7409987449646 19.316085800528526 0.0 2.0 1.0 5537988.209789484 1159397.1851085774 1.41625
59455.349270505 2459455.8544908743 210.75748018920422 20.332567244768143 0.0 2.0 0.0 5535450.73937848 1158863.7284174315 1.41625
59455.34997662 2459455.8551969533 211.77423387765884 21.34932093322277 0.0 2.0 1.0 5536963.731836791 1159186.7247731274 1.41625
59455.350682539996 2459455.855902836 212.79070526361465 22.36579231917858 0.0 2.0 0.0 5535408.991316716 1158872.4514781327 1.41625
59455.351388655 2459455.8566089137 213.80745694041252 23.382543995976448 0.0 2.0 1.0 5537851.027782359 1159375.390288413 1.41625
59455.35209458 2459455.8573147994 214.82393234968185 24.39901940524578 0.0 2.0 0.0 5536015.385868243 1158961.5282348043 1.41625
59455.35280069 2459455.8580208695 215.84067329764366 25.415760353207588 0.0 2.0 1.0 5536782.12011741 1159157.9607040603 1.41625
59455.35350662 2459455.8587267585 216.85715340077877 26.432240456342697 0.0 2.0 0.0 5532417.831475645 1158217.5489591244 1.41625
59455.35421273 2459455.8594328267 217.87389166653156 27.44897872209549 0.0 2.0 1.0 5536580.212277992 1159096.8225195708 1.41625
59455.354918655 2459455.8601387087 218.89036171138287 28.465448766946793 0.0 2.0 0.0 5534051.58054863 1158597.2734943137 1.41625
59455.355624765 2459455.8608447756 219.9070979654789 29.482185021042824 0.0 2.0 1.0 5537092.152988953 1159292.5437673987 1.41625
59455.35633069 2459455.8615506557 220.92356532812119 30.498652383685112 0.0 2.0 0.0 5535229.438834321 1158827.3250325175 1.41625
59455.357036805 2459455.8622567253 221.94030560553074 31.515392661094666 0.0 2.0 1.0 5537378.493581705 1159312.432099869 1.41625
59455.35774273 2459455.8629626045 222.95677162706852 32.531858682632446 0.0 2.0 0.0 5534052.983410205 1158592.4900873133 1.41625
59455.358448839994 2459455.863668668 223.97350318729877 33.5485902428627 0.0 2.0 1.0 5538066.802947021 1159403.7938278452 1.41625
59455.359154765 2459455.8643745454 224.98996652662754 34.56505358219147 0.0 2.0 0.0 5532408.56345007 1158274.6208885356 1.41625
59455.359860875 2459455.8650806076 226.00669607520103 35.58178313076496 0.0 2.0 1.0 5535620.92035918 1158959.8698540817 1.41625
59455.360566805 2459455.865786489 227.02316544950008 36.59825250506401 0.0 2.0 0.0 5531737.964291857 1158098.6025158172 1.41625
59455.361272915005 2459455.8664925494 228.03989231586456 37.61497937142849 0.0 2.0 1.0 5535755.13580306 1158923.0759299311 1.41625
59455.361978839996 2459455.8671984253 229.05635364353657 38.631440699100494 0.0 2.0 0.0 5533052.437495298 1158384.2478705647 1.41625
59455.36268495 2459455.8679044857 230.07308050990105 39.64816756546497 0.0 2.0 1.0 5535330.538791338 1158848.6124935108 1.41625
59455.363390875 2459455.8686103607 231.08954049646854 40.66462755203247 0.0 2.0 0.0 5534227.942810532 1158613.0589455639 1.41625
59455.36409699 2459455.869316425 232.1062733978033 41.68136045336723 0.0 2.0 1.0 5534023.641430231 1158562.2378195024 1.41625
59455.40133069 2459455.9065482863 285.7201534509659 0.0 0.0 3.0 0.0 5522711.659757694 1156298.5257754768 1.41625
59455.402036805 2459455.9072543806 286.7369292676449 1.0167758166790009 0.0 3.0 1.0 5523414.183768402 1156415.247012382 1.41625
59455.40274273 2459455.9079602845 287.7534308284521 2.033277377486229 0.0 3.0 0.0 5526720.763477833 1157116.2629907143 1.41625
59455.40344884 2459455.9086663737 288.7701992690563 3.050045818090439 0.0 3.0 1.0 5525430.57912756 1156889.2576912984 1.41625
59455.404154765 2459455.9093722766 289.78669948875904 4.0665460377931595 0.0 3.0 0.0 5525102.986314541 1156746.7549847837 1.41625
59455.404860875 2459455.9100783644 290.8034659177065 5.083312466740608 0.0 3.0 1.0 5524409.174238392 1156662.6168299348 1.41625
59455.405566805 2459455.9107842715 291.8199721723795 6.099818721413612 0.0 3.0 0.0 5528984.875618351 1157619.4413715077 1.41625
59455.406272915 2459455.9114903584 292.83673726022243 7.116583809256554 0.0 3.0 1.0 5525719.181200284 1156920.4128827357 1.41625
59455.406978839994 2459455.912196259 293.8532341271639 8.133080676198006 0.0 3.0 0.0 5525609.336959602 1156833.5762534982 1.41625
59455.40768495 2459455.9129023445 294.86999720335007 9.149843752384186 0.0 3.0 1.0 5525520.732741765 1156856.5129434527 1.41625
59455.408390875 2459455.9136082437 295.88649205863476 10.166338607668877 0.0 3.0 0.0 5527231.000474385 1157207.04618197 1.41625
59455.40909699 2459455.914314332 296.90325915813446 11.183105707168579 0.0 3.0 1.0 5525589.267448145 1156925.9908709049 1.41625
59455.409802915005 2459455.91502023 297.91975267231464 12.199599221348763 0.0 3.0 0.0 5526862.266355253 1157158.267896201 1.41625
59455.410509025 2459455.915726312 298.9365103840828 13.216356933116913 0.0 3.0 1.0 5527237.924206252 1157213.7929133894 1.41625
59455.41121495 2459455.916432208 299.9530005455017 14.232847094535828 0.0 3.0 0.0 5527785.630152225 1157325.9428775485 1.41625
59455.411921060004 2459455.917138288 300.96975557506084 15.249602124094963 0.0 3.0 1.0 5527190.249059971 1157250.8267727748 1.41625
59455.41262699 2459455.917844187 301.98625043034554 16.266096979379654 0.0 3.0 0.0 5527411.294932961 1157220.380332861 1.41625
59455.4133331 2459455.9185502646 303.0030021071434 17.28284865617752 0.0 3.0 1.0 5525916.803338326 1156940.3073185903 1.41625
59455.414039024996 2459455.9192561572 304.01948757469654 18.29933412373066 0.0 3.0 0.0 5523530.184140013 1156460.249556648 1.41625
59455.414745140006 2459455.919962238 305.0362439453602 19.316090494394302 0.0 3.0 1.0 5523580.971685758 1156495.2533599474 1.41625
59455.415451060006 2459455.920668123 306.052718013525 20.332564562559128 0.0 3.0 0.0 5520717.321946566 1155840.467726494 1.41625
59455.416157175 2459455.921374202 307.06947170197964 21.349318251013756 0.0 3.0 1.0 5517924.706975622 1155338.3168393855 1.41625
59455.4168631 2459455.9220800903 308.0859511345625 22.36579768359661 0.0 3.0 0.0 5517446.06208832 1155204.23573669 1.41625
59455.417569209996 2459455.922786162 309.10269409418106 23.38254064321518 0.0 3.0 1.0 5517562.012973318 1155297.9438218079 1.41625
59455.41827514 2459455.923492053 310.11917755007744 24.399024099111557 0.0 3.0 0.0 5515781.240855432 1154882.787923406 1.41625
59455.418981245 2459455.9241981176 311.1359104514122 25.41575700044632 0.0 3.0 1.0 5516716.144788398 1155060.9300208357 1.41625
59455.419687175 2459455.924904007 312.15239122509956 26.432237774133682 0.0 3.0 0.0 5515493.618692513 1154730.1905492884 1.41625
59455.420393285 2459455.925610075 313.1691288203001 27.44897536933422 0.0 3.0 1.0 5513560.470851726 1154452.2384226504 1.41625
59455.42109921 2459455.926315957 314.18559953570366 28.465446084737778 0.0 3.0 0.0 5513955.109997956 1154431.1567811025 1.41625
59455.421805325 2459455.9270220282 315.20234182477 29.482188373804092 0.0 3.0 1.0 5513076.953260346 1154384.037239112 1.41625
59455.422511245 2459455.927727904 316.218803152442 30.498649701476097 0.0 3.0 0.0 5515362.180924999 1154735.5386040797 1.41625
59455.42321736 2459455.9284339733 317.2355427592993 31.515389308333397 0.0 3.0 1.0 5514839.455417466 1154708.2036636486 1.41625
59455.423923285 2459455.9291398525 318.25200878083706 32.53185532987118 0.0 3.0 0.0 5512978.411695851 1154283.9071374289 1.41625
59455.424629395 2459455.9298459156 319.26873967051506 33.54858621954918 0.0 3.0 1.0 5513448.0213287575 1154419.9741029297 1.41625
59455.425335325 2459455.930551798 320.2852103859186 34.565056934952736 0.0 3.0 0.0 5514189.795547266 1154489.4652004074 1.41625
59455.42604143 2459455.931257855 321.3019325584173 35.58177910745144 0.0 3.0 1.0 5512140.444130492 1154067.3936625593 1.41625
59455.426747360005 2459455.931963736 322.3184012621641 36.598247811198235 0.0 3.0 0.0 5510638.836778652 1153815.9947437877 1.41625
59455.42745347 2459455.9326697974 323.3351294696331 37.61497601866722 0.0 3.0 1.0 5510708.722157087 1153844.1208770794 1.41625
59455.428159395 2459455.9333756734 324.3515907973051 38.631437346339226 0.0 3.0 0.0 5510177.748971916 1153706.958021807 1.41625
59455.428865509995 2459455.9340817383 325.3683243691921 39.64817091822624 0.0 3.0 1.0 5512012.109733882 1154084.098366017 1.41625
59455.429571429995 2459455.934787608 326.38477697968483 40.66462352871895 0.0 3.0 0.0 5511067.946811945 1153865.8309518043 1.41625
59455.430277545 2459455.9354936727 327.4015098810196 41.68135643005371 0.0 3.0 1.0 5511619.363619057 1154043.9747967406 1.41625
59455.467488099996 2459455.9727023863 380.98205745220184 0.0 0.0 4.0 0.0 5495373.019223266 1150688.297386004 1.41625
59455.46819421 2459455.9734084755 381.99882589280605 1.01676844060421 0.0 4.0 1.0 5496196.506544365 1150932.3854067158 1.41625
59455.468900135 2459455.9741143794 383.0153274536133 2.033270001411438 0.0 4.0 0.0 5500707.759356294 1151762.0476472373 1.41625
59455.46960625 2459455.974820473 384.03210259974 3.050045147538185 0.0 4.0 1.0 5497712.225207684 1151201.346313205 1.41625
59455.47031217 2459455.9755263715 385.0485961139202 4.0665386617183685 0.0 4.0 0.0 5501026.956513095 1151871.29747748 1.41625
59455.471018284996 2459455.976232464 386.0653692483902 5.0833117961883545 0.0 4.0 1.0 5498812.698055248 1151415.2053897744 1.41625
59455.47172421 2459455.976938366 387.0818681269884 6.099810674786568 0.0 4.0 0.0 5500373.436648774 1151713.4547422635 1.41625
59455.472430320006 2459455.9776444524 388.0986325442791 7.116575092077255 0.0 4.0 1.0 5500110.110156433 1151643.6597400003 1.41625
59455.47313625 2459455.9783503585 389.1151374578476 8.133080005645752 0.0 4.0 0.0 5500671.164294106 1151782.564227808 1.41625
59455.473842355 2459455.9790564384 390.13189248740673 9.149835035204887 0.0 4.0 1.0 5499993.418539263 1151636.2550539142 1.41625
59455.474548285 2459455.9797623428 391.1483947187662 10.16633726656437 0.0 4.0 0.0 5499561.571060645 1151533.2009229197 1.41625
59455.475254395 2459455.9804684264 392.1651551127434 11.183097660541534 0.0 4.0 1.0 5501497.192530446 1151968.5481674576 1.41625
59455.47596032 2459455.981174324 393.1816479563713 12.199590504169464 0.0 4.0 0.0 5502432.993325278 1152185.1334507687 1.41625
59455.476666435 2459455.981880411 394.19841304421425 13.216355592012405 0.0 4.0 1.0 5502784.665980796 1152223.4676643438 1.41625
59455.477372355 2459455.982586302 395.2148958295584 14.23283837735653 0.0 4.0 0.0 5500836.603578121 1151838.3647795124 1.41625
59455.47807847 2459455.983292387 396.2316582351923 15.249600782990456 0.0 4.0 1.0 5500935.099812539 1151843.3514795227 1.41625
59455.478784395 2459455.9839982805 397.24814504384995 16.266087591648102 0.0 4.0 0.0 5501952.5686159255 1151999.5490819674 1.41625
59455.479490505 2459455.984704359 398.2648980617523 17.282840609550476 0.0 4.0 1.0 5503213.862302139 1152328.652507027 1.41625
59455.480196435004 2459455.985410256 399.28138956427574 18.2993321120739 0.0 4.0 0.0 5502114.489609594 1152053.846526336 1.41625
59455.48090254 2459455.986116327 400.29813185334206 19.316074401140213 0.0 4.0 1.0 5500457.843716165 1151757.0671484917 1.41625
59455.48160847 2459455.986822222 401.31462067365646 20.33256322145462 0.0 4.0 0.0 5502248.571559153 1152103.3925901663 1.41625
59455.482314580004 2459455.9875282957 402.3313669860363 21.349309533834457 0.0 4.0 1.0 5499955.1426128745 1151636.8274438684 1.41625
59455.483020505 2459455.9882341833 403.34784507751465 22.365787625312805 0.0 4.0 0.0 5502742.047266038 1152209.4751064563 1.41625
59455.483726620005 2459455.988940261 404.3645967543125 23.382539302110672 0.0 4.0 1.0 5500281.457531365 1151754.617554765 1.41625
59455.484432540004 2459455.9896461414 405.38106478750706 24.399007335305214 0.0 4.0 0.0 5503866.696307217 1152401.402804041 1.41625
59455.485138655 2459455.9903522166 406.39781311154366 25.415755659341812 0.0 4.0 1.0 5500796.228563025 1151792.382696234 1.41625
59455.48584458 2459455.9910581005 407.414285838604 26.43222838640213 0.0 4.0 0.0 5502389.785489217 1152163.9762334675 1.41625
59455.486550689995 2459455.9917641687 408.43102410435677 27.448966652154922 0.0 4.0 1.0 5502584.580713556 1152169.0257584353 1.41625
59455.48725662 2459455.9924700554 409.4475008547306 28.465443402528763 0.0 4.0 0.0 5502444.319453736 1152162.081879814 1.41625
59455.48796273 2459455.993176122 410.46423710882664 29.482179656624794 0.0 4.0 1.0 5500410.007236669 1151757.7441729405 1.41625
59455.488668655 2459455.9938820023 411.4807044714689 30.498647019267082 0.0 4.0 0.0 5502737.2317631915 1152231.049925657 1.41625
59455.489374765 2459455.994588067 412.4974373728037 31.515379920601845 0.0 4.0 1.0 5499772.160574425 1151581.7202371713 1.41625
59455.49008069 2459455.9952939455 413.5139027237892 32.53184527158737 0.0 4.0 0.0 5501829.552271108 1152008.6769745797 1.41625
59455.490786805 2459455.996000014 414.530640989542 33.548583537340164 0.0 4.0 1.0 5499241.545505213 1151515.8615908904 1.41625
59455.49149273 2459455.9967058916 415.547104999423 34.565047547221184 0.0 4.0 0.0 5502643.809157505 1152190.2990755835 1.41625
59455.49219884 2459455.9974119533 416.56383387744427 35.581776425242424 0.0 4.0 1.0 5500916.029297824 1151871.6093867833 1.41625
59455.492904765 2459455.9981178297 417.5802958756685 36.59823842346668 0.0 4.0 0.0 5501551.455021172 1151944.4809973475 1.41625
59455.493610875 2459455.998823891 418.5970240831375 37.61496663093567 0.0 4.0 1.0 5497803.7279075775 1151233.7235041447 1.41625
59455.494316805 2459455.9995297715 419.61349211633205 38.63143466413021 0.0 4.0 0.0 5501531.23274438 1151974.5755475613 1.41625
59455.495022915 2459456.0002358314 420.6302183121443 39.648160859942436 0.0 4.0 1.0 5499354.636662261 1151547.9255988577 1.41625
59455.495728840004 2459456.0009417064 421.6466782987118 40.66462084650993 0.0 4.0 0.0 5501386.828386703 1151931.1214949398 1.41625
59455.49643495 2459456.0016477657 422.66340382397175 41.681346371769905 0.0 4.0 1.0 5499844.108284472 1151611.8079515058 1.41625
59455.533657175 2459456.038868145 476.26075007021427 0.0 0.0 5.0 0.0 5479649.531721726 1147366.95716715 1.41625
59455.534363285 2459456.0395742343 477.2775185108185 1.01676844060421 0.0 5.0 1.0 5485903.2017915705 1148668.203883933 1.41625
59455.535069210004 2459456.040280138 478.2940200716257 2.033270001411438 0.0 5.0 0.0 5484103.301754364 1148249.0722385074 1.41625
59455.535775325 2459456.040986231 479.31079387664795 3.0500438064336777 0.0 5.0 1.0 5487571.480590656 1149033.8456854243 1.41625
59455.536481245 2459456.0416921293 480.32728739082813 4.066537320613861 0.0 5.0 0.0 5486234.013740006 1148721.9154124998 1.41625
59455.537187359994 2459456.0423982223 481.3440611958504 5.083311125636101 0.0 5.0 1.0 5486845.154888481 1148872.500603767 1.41625
59455.537893285 2459456.0431041243 482.3605600744486 6.099810004234314 0.0 5.0 0.0 5487591.447950884 1149006.5927746377 1.41625
59455.538599395004 2459456.0438102107 483.3773244917393 7.1165744215250015 0.0 5.0 1.0 5486664.271185637 1148884.9641858544 1.41625
59455.539305325 2459456.0445161164 484.3938287347555 8.133078664541245 0.0 5.0 0.0 5488033.095128087 1149070.8253494457 1.41625
59455.54001143 2459456.0452221963 485.41058376431465 9.14983369410038 0.0 5.0 1.0 5491628.672584098 1149879.4896492567 1.41625
59455.540717359996 2459456.0459281006 486.42708599567413 10.166335925459862 0.0 5.0 0.0 5487798.904850367 1149112.0893425294 1.41625
59455.54142347 2459456.0466341837 487.44384571909904 11.183095648884773 0.0 5.0 1.0 5489783.292851591 1149519.8176076715 1.41625
59455.542129395 2459456.0473400815 488.460338562727 12.199588492512703 0.0 5.0 0.0 5486825.42243475 1148863.4894712577 1.41625
59455.54283551 2459456.0480461684 489.4771036505699 13.216353580355644 0.0 5.0 1.0 5490632.672574355 1149668.6786044503 1.41625
59455.54354143 2459456.048752059 490.49358643591404 14.232836365699768 0.0 5.0 0.0 5492374.308946848 1149994.9326051404 1.41625
59455.544247544996 2459456.0494581438 491.5103481709957 15.24959810078144 0.0 5.0 1.0 5491043.610917608 1149793.061440507 1.41625
59455.54495347 2459456.050164038 492.5268356502056 16.26608557999134 0.0 5.0 0.0 5488771.347572975 1149243.4585474355 1.41625
59455.545659580006 2459456.050870116 493.54358799755573 17.28283792734146 0.0 5.0 1.0 5491990.393075306 1149938.0233050114 1.41625
59455.54636551 2459456.051576013 494.5600801706314 18.299330100417137 0.0 5.0 0.0 5488705.797625266 1149222.9467833838 1.41625
59455.547071615 2459456.052282084 495.57682178914547 19.316071718931198 0.0 5.0 1.0 5491704.376178306 1149928.7354684197 1.41625
59455.547777545 2459456.052987979 496.5933106094599 20.332560539245605 0.0 5.0 0.0 5489481.1202383805 1149362.2785260081 1.41625
59455.548483655 2459456.053694052 497.61005625128746 21.34930618107319 0.0 5.0 1.0 5490017.589170651 1149529.6703607212 1.41625
59455.54918958 2459456.0543999407 498.6265356838703 22.365785613656044 0.0 5.0 0.0 5488209.980049457 1149130.9549127053 1.41625
59455.549895695 2459456.0551060173 499.6432860195637 23.382535949349403 0.0 5.0 1.0 5491302.561803564 1149793.8979939683 1.41625
59455.550601615 2459456.0558118983 500.65975472331047 24.3990046530962 0.0 5.0 0.0 5489420.100420645 1149363.9301071283 1.41625
59455.55130773 2459456.056517973 501.6765023767948 25.415752306580544 0.0 5.0 1.0 5491488.467394593 1149853.5410502274 1.41625
59455.552013655004 2459456.057223857 502.69297510385513 26.43222503364086 0.0 5.0 0.0 5490983.307680292 1149723.9675976455 1.41625
59455.552719765 2459456.0579299247 503.7097126990557 27.4489626288414 0.0 5.0 1.0 5493880.93293998 1150370.4688538483 1.41625
59455.553425695 2459456.058635812 504.72619011998177 28.465440049767494 0.0 5.0 0.0 5494044.980160609 1150355.5380824364 1.41625
59455.5541318 2459456.059341873 505.74291832745075 29.48216825723648 0.0 5.0 1.0 5495601.279788757 1150727.743112233 1.41625
59455.55483773 2459456.0600477583 506.75939306616783 30.49864299595356 0.0 5.0 0.0 5496376.487807635 1150826.4193716724 1.41625
59455.55554384 2459456.0607538233 507.77612663805485 31.515376567840576 0.0 5.0 1.0 5499459.372775554 1151471.5145146742 1.41625
59455.556249764995 2459456.0614597024 508.79259265959263 32.53184258937836 0.0 5.0 0.0 5499354.172056707 1151448.304251717 1.41625
59455.556955880005 2459456.06216577 509.80933025479317 33.548580184578896 0.0 5.0 1.0 5501625.78399335 1151918.2580322037 1.41625
59455.557661800005 2459456.062871643 510.8257868885994 34.565036818385124 0.0 5.0 0.0 5498830.015024836 1151304.3918430344 1.41625
59455.558367915 2459456.0635777097 511.8425231426954 35.581773072481155 0.0 5.0 1.0 5498825.188181829 1151329.4576461187 1.41625
59455.55907384 2459456.0642835856 512.8589844703674 36.59823440015316 0.0 5.0 0.0 5499270.1412566155 1151380.066434917 1.41625
59455.559779949996 2459456.064989647 513.8757126778364 37.61496260762215 0.0 5.0 1.0 5498661.561075867 1151345.7108607276 1.41625
59455.56048588 2459456.0656955275 514.892180711031 38.63143064081669 0.0 5.0 0.0 5499005.506080907 1151372.8434928278 1.41625
59455.561191985 2459456.0664015827 515.9089002013206 39.64815013110638 0.0 5.0 1.0 5501584.883782812 1151899.927133123 1.41625
59455.561897915 2459456.0671074623 516.9253668934107 40.66461682319641 0.0 5.0 0.0 5497303.080292303 1150990.5353598255 1.41625
59455.562604025 2459456.067813522 517.9420930892229 41.68134301900864 0.0 5.0 1.0 5499126.096442099 1151459.0960289969 1.41625
59455.600555325 2459456.1057629506 572.5892700254917 0.0 0.0 6.0 0.0 5487605.2426435985 1149049.1323117863 1.41625
59455.60126143 2459456.106469034 573.6060304194689 1.0167603939771652 0.0 6.0 1.0 5488217.147784733 1149221.761088679 1.41625
59455.601967359995 2459456.1071749427 574.6225386857986 2.0332686603069305 0.0 6.0 0.0 5490194.075288489 1149601.294943017 1.41625
59455.60267347 2459456.107881031 575.6393057852983 3.050035759806633 0.0 6.0 1.0 5490012.255666311 1149565.1643084388 1.41625
59455.603379395005 2459456.108586933 576.6558046638966 4.066534638404846 0.0 6.0 0.0 5492976.6836144 1150137.2769573992 1.41625
59455.60408551 2459456.1092930255 577.6725777983665 5.083307772874832 0.0 6.0 1.0 5491958.196228157 1149935.1690312992 1.41625
59455.60479143 2459456.1099989214 578.6890679597855 6.099797934293747 0.0 6.0 0.0 5494384.7038948275 1150461.1083836127 1.41625
59455.605497545 2459456.110705012 579.7058384120464 7.116568386554718 0.0 6.0 1.0 5490847.043603079 1149734.639502221 1.41625
59455.60620347 2459456.111410912 580.7223346084356 8.133064582943916 0.0 6.0 0.0 5494405.956354289 1150512.3005100673 1.41625
59455.606909580005 2459456.112116996 581.739095672965 9.149825647473335 0.0 6.0 1.0 5493922.840007967 1150345.5752270422 1.41625
59455.60761551 2459456.1128228996 582.75559656322 10.16632653772831 0.0 6.0 0.0 5495035.165811447 1150659.6655050463 1.41625
59455.608321615 2459456.113528977 583.7723482400179 11.183078214526176 0.0 6.0 1.0 5490681.933252694 1149669.5278565304 1.41625
59455.609027545 2459456.1142348787 584.7888464480639 12.199576422572136 0.0 6.0 0.0 5492670.325562468 1150121.0889044341 1.41625
59455.60973347 2459456.114940774 585.8053359389305 13.216065913438797 0.0 6.0 1.0 5490649.384458414 1149659.4022456377 1.41625
59455.61043958 2459456.115646854 586.8220909684896 14.232820942997932 0.0 6.0 0.0 5496729.3373014815 1150935.3427379255 1.41625
59455.611145695 2459456.116352938 587.8388520330191 15.249582007527351 0.0 6.0 1.0 5492164.823772086 1150005.3343309143 1.41625
59455.611851615 2459456.1170588257 588.8553301244974 16.2660600990057 0.0 6.0 0.0 5493931.041840523 1150355.547535736 1.41625
59455.612557545 2459456.1177647226 589.8718216270208 17.28255160152912 0.0 6.0 1.0 5491798.166197293 1149949.8105743544 1.41625
59455.613263655 2459456.1184707982 590.8885706216097 18.299300596117973 0.0 6.0 0.0 5494230.202481261 1150434.285812675 1.41625
59455.613969765 2459456.1191768735 591.9053189456463 19.31604892015457 0.0 6.0 1.0 5493358.438890615 1150276.3101826003 1.41625
59455.614675695004 2459456.119882767 592.9218057543039 20.332535728812218 0.0 6.0 0.0 5494172.969132458 1150442.7356145435 1.41625
59455.6153818 2459456.120588835 593.9385433495045 21.349273324012756 0.0 6.0 1.0 5488422.866685919 1149225.4950115469 1.41625
59455.61608773 2459456.1212947266 594.9550274759531 22.365757450461388 0.0 6.0 0.0 5496810.60466076 1150962.516680173 1.41625
59455.61679384 2459456.1220007977 595.9717697650194 23.382499739527702 0.0 6.0 1.0 5492596.382916913 1150062.1195814286 1.41625
59455.617499765 2459456.1227066824 596.9882438331842 24.398973807692528 0.0 6.0 0.0 5492580.256254759 1150107.81732187 1.41625
59455.618205880004 2459456.123412756 598.0049894750118 25.41571944952011 0.0 6.0 1.0 5491041.090903389 1149771.0247984873 1.41625
59455.618911800004 2459456.124118634 599.0214541554451 26.432184129953384 0.0 6.0 0.0 5493715.391430951 1150353.6830252109 1.41625
59455.619617915 2459456.124824706 600.0381977856159 27.448927760124207 0.0 6.0 1.0 5490091.73403782 1149507.1013566998 1.41625
59455.62032384 2459456.125530587 601.0546664893627 28.465396463871002 0.0 6.0 0.0 5495485.5195375355 1150708.621674141 1.41625
59455.621029949994 2459456.1262366525 602.071400731802 29.482130706310272 0.0 6.0 1.0 5492694.917602369 1150106.092766739 1.41625
59455.621735880006 2459456.1269425373 603.0878747999668 30.498604774475098 0.0 6.0 0.0 5494367.981117062 1150470.750746595 1.41625
59455.622441985004 2459456.127648596 604.1045996546745 31.515329629182816 0.0 6.0 1.0 5492348.271903456 1150044.41862201 1.41625
59455.623147915 2459456.128354479 605.1210710406303 32.531801015138626 0.0 6.0 0.0 5493377.113028717 1150296.894184262 1.41625
59455.62385384 2459456.1290603564 606.1375343799591 33.54826435446739 0.0 6.0 1.0 5491866.645017518 1149942.2094080746 1.41625
59455.624559949996 2459456.129766418 607.1542632579803 34.56499323248863 0.0 6.0 0.0 5494350.578196339 1150449.9472322294 1.41625
59455.625266065 2459456.1304724845 608.1709988415241 35.58172881603241 0.0 6.0 1.0 5490309.149146792 1149571.4639899223 1.41625
59455.625971985 2459456.1311783553 609.1874527931213 36.59818276762962 0.0 6.0 0.0 5492021.522295224 1149966.9553173885 1.41625
59455.626677915 2459456.131884236 610.2039208263159 37.614650800824165 0.0 6.0 1.0 5490646.023538087 1149676.3600856576 1.41625
59455.627384025 2459456.132590296 611.2206476926804 38.631377667188644 0.0 6.0 0.0 5493173.205001391 1150249.7311468162 1.41625
59455.628090135 2459456.1332963556 612.2373732179403 39.648103192448616 0.0 6.0 1.0 5488186.121891393 1149210.5218630612 1.41625
59455.670902540005 2459456.176106704 673.8842748105526 0.0 0.0 7.0 0.0 5468794.518170899 1145175.0298983215 1.41625
59455.671608655 2459456.1768127945 674.9010452628136 1.016770452260971 0.0 7.0 1.0 5476359.797564993 1146667.592510386 1.41625
59455.67231458 2459456.1775186947 675.9175414592028 2.0332666486501694 0.0 7.0 0.0 5474079.400813083 1146219.288849993 1.41625
59455.673020505 2459456.1782245934 676.9340356439352 3.0497608333826065 0.0 7.0 1.0 5477941.575568921 1147049.1072610496 1.41625
59455.67372662 2459456.178930682 677.9508034139872 4.066528603434563 0.0 7.0 0.0 5474561.289111082 1146284.3291014074 1.41625
59455.67443273 2459456.1796367643 678.9675617963076 5.083286985754967 0.0 7.0 1.0 5479242.750043599 1147261.568504476 1.41625
59455.675138655 2459456.180342661 679.984053298831 6.099778488278389 0.0 7.0 0.0 5477270.227883296 1146856.8997972196 1.41625
59455.675844765 2459456.1810487416 681.0008089989424 7.116534188389778 0.0 7.0 1.0 5480795.050977427 1147599.8744883807 1.41625
59455.67655069 2459456.1817546366 682.0172978192568 8.133023008704185 0.0 7.0 0.0 5478087.900227337 1147024.4529760617 1.41625
59455.677256805 2459456.18246072 683.034058213234 9.14978340268135 0.0 7.0 1.0 5479074.2750964165 1147231.1582970065 1.41625
59455.67796273 2459456.1831666133 684.0505443513393 10.166269540786743 0.0 7.0 0.0 5477516.589772325 1146882.6562907328 1.41625
59455.678668655004 2459456.183872505 685.067028477788 11.182753667235374 0.0 7.0 1.0 5482477.760918167 1147971.7721324747 1.41625
59455.679374765 2459456.1845785812 686.0837781429291 12.19950333237648 0.0 7.0 0.0 5478524.600874468 1147128.1326457665 1.41625
59455.680080875 2459456.1852846555 687.1005251258612 13.21625031530857 0.0 7.0 1.0 5482109.765084503 1147857.3420574483 1.41625
59455.680786805 2459456.18599055 688.1170132756233 14.232738465070724 0.0 7.0 0.0 5476431.281420754 1146725.6341189772 1.41625
59455.681492915 2459456.1866966225 689.1337575763464 15.2494827657938 0.0 7.0 1.0 5481049.164081483 1147656.7951878405 1.41625
59455.682198840004 2459456.1874025096 690.1502349972725 16.265960186719894 0.0 7.0 0.0 5477599.504399716 1146919.1499969524 1.41625
59455.68290495 2459456.1881085797 691.1669759452343 17.2827011346817 0.0 7.0 1.0 5483223.04094755 1148080.9659587475 1.41625
59455.683610875 2459456.188814465 692.1834506839514 18.29917587339878 0.0 7.0 0.0 5477850.05655133 1146969.6006953896 1.41625
59455.684316804996 2459456.189520354 693.1999307870865 19.31565597653389 0.0 7.0 1.0 5480165.443506567 1147453.6429607372 1.41625
59455.685022915 2459456.1902264217 694.216668382287 20.33239357173443 0.0 7.0 0.0 5475980.904172061 1146613.8853842225 1.41625
59455.685729025005 2459456.1909324885 695.233404636383 21.34912982583046 0.0 7.0 1.0 5481186.338052556 1147707.5608542254 1.41625
59455.68643495 2459456.19163837 696.2498740106821 22.36559920012951 0.0 7.0 0.0 5476372.505090391 1146712.2578446525 1.41625
59455.687140875 2459456.19234425 697.2663413733244 23.382066562771797 0.0 7.0 1.0 5480967.2066334495 1147652.5390465409 1.41625
59455.68784699 2459456.19305032 698.283081650734 24.39880684018135 0.0 7.0 0.0 5476800.2590956325 1146720.939512931 1.41625
59455.6885531 2459456.193756384 699.2998138815165 25.41553907096386 0.0 7.0 1.0 5482093.838118504 1147907.3076571687 1.41625
59455.689259025 2459456.1944622616 700.3162778913975 26.43200308084488 0.0 7.0 0.0 5478980.633734405 1147217.2299364337 1.41625
59455.68996495 2459456.1951681394 701.3327419012785 27.4484670907259 0.0 7.0 1.0 5479510.318853103 1147338.043832298 1.41625
59455.69067106 2459456.1958742016 702.349471449852 28.465196639299393 0.0 7.0 0.0 5478831.983108615 1147171.1247182619 1.41625
59455.691377175 2459456.1965802675 703.3662063628435 29.481931552290916 0.0 7.0 1.0 5479366.272274934 1147252.2412988676 1.41625
59455.6920831 2459456.1972861434 704.3826676905155 30.49839287996292 0.0 7.0 0.0 5476422.059914398 1146693.7571178707 1.41625
59455.692789025 2459456.197992019 705.3991283476353 31.514853537082672 0.0 7.0 1.0 5478284.996873519 1147075.250009137 1.41625
59455.69349514 2459456.198698084 706.4158619195223 32.53158710896969 0.0 7.0 0.0 5477026.935688463 1146792.4363339276 1.41625
59455.694201245 2459456.1994041386 707.4325807392597 33.54830592870712 0.0 7.0 1.0 5479342.3474474605 1147353.7960509148 1.41625
