# %ECSV 1.0
# ---
# datatype:
# - {name: t_mjd, datatype: float64}
# - {name: t_bjd, datatype: float64}
# - {name: t_visit, datatype: float64}
# - {name: t_orbit, datatype: float64}
# - {name: ivisit, datatype: float64}
# - {name: iorbit, datatype: float64}
# - {name: scan, datatype: float64}
# - {name: spec_opt, datatype: float64}
# - {name: var_opt, datatype: float64}
# - {name: wave, datatype: float64}
# schema: astropy-2.0
t_mjd t_bjd t_visit t_orbit ivisit iorbit scan spec_opt var_opt wave
59455.203888655 2459455.7091161143 1.4178257435560226 1.4178257435560226 0.0 0.0 0.0 4618581.307543696 969429.6695526148 1.19125
59455.20459458 2459455.7098220186 2.4343279749155045 2.4343279749155045 0.0 0.0 1.0 4644631.005438948 974810.6616240653 1.19125
59455.205300689995 2459455.7105281074 3.4510957449674606 3.4510957449674606 0.0 0.0 0.0 4650631.078997771 976049.9187183059 1.19125
59455.20600662 2459455.7112340154 4.467603340744972 4.467603340744972 0.0 0.0 1.0 4661167.835742559 978259.3639189762 1.19125
59455.20671273 2459455.7119401037 5.484370440244675 5.484370440244675 0.0 0.0 0.0 4662953.330484115 978554.7337296089 1.19125
59455.207418655 2459455.712646005 6.500868648290634 6.500868648290634 0.0 0.0 1.0 4670503.684743935 980186.9060350128 1.19125
59455.208124765 2459455.713352092 7.517633736133575 7.517633736133575 0.0 0.0 0.0 4670974.600767704 980255.4727814703 1.19125
59455.20883069 2459455.7140579927 8.534130603075027 8.534130603075027 0.0 0.0 1.0 4672912.414988849 980708.7964137243 1.19125
59455.209536805 2459455.7147640823 9.550899714231491 9.550899714231491 0.0 0.0 0.0 4674473.7212003805 980918.2737740953 1.19125
59455.21024273 2459455.715469982 10.567395240068436 10.567395240068436 0.0 0.0 1.0 4674688.837188728 981060.3387835626 1.19125
59455.21094884 2459455.716176065 11.584154963493347 11.584154963493347 0.0 0.0 0.0 4674816.698133506 981024.970271322 1.19125
59455.211654765 2459455.716881963 12.600647807121277 12.600647807121277 0.0 0.0 1.0 4676404.117053332 981460.9323037855 1.19125
59455.212360875 2459455.7175880447 13.617405518889427 13.617405518889427 0.0 0.0 0.0 4674336.546408605 980935.5908238402 1.19125
59455.213066805 2459455.7182939453 14.63390238583088 14.63390238583088 0.0 0.0 1.0 4679283.550862872 981974.994522271 1.19125
59455.213772915 2459455.7190000247 15.650656744837761 15.650656744837761 0.0 0.0 0.0 4678844.376627527 981854.4089098288 1.19125
59455.214478840004 2459455.719705919 16.66714422404766 16.66714422404766 0.0 0.0 1.0 4677553.630889296 981629.0198803928 1.19125
59455.21518495 2459455.7204119964 17.683895900845528 17.683895900845528 0.0 0.0 0.0 4678767.993726707 981815.0061980509 1.19125
59455.215890875 2459455.721117888 18.70038002729416 18.70038002729416 0.0 0.0 1.0 4679115.972027555 981976.950893633 1.19125
59455.216596989994 2459455.721823969 19.717136397957802 19.717136397957802 0.0 0.0 0.0 4678283.900032543 981737.3508441395 1.19125
59455.217302915 2459455.722529859 20.733617842197418 20.733617842197418 0.0 0.0 1.0 4679174.709826283 981989.4490810076 1.19125
59455.218009025004 2459455.723235932 21.750363484025 21.750363484025 0.0 0.0 0.0 4676296.297262362 981315.2022402681 1.19125
59455.21871495 2459455.7239418197 22.76684157550335 22.76684157550335 0.0 0.0 1.0 4680135.748654773 982171.2033151292 1.19125
59455.21942106 2459455.7246478912 23.783584535121918 23.783584535121918 0.0 0.0 0.0 4678647.397394123 981797.8171411946 1.19125
59455.220126989996 2459455.725353782 24.80006732046604 24.80006732046604 0.0 0.0 1.0 4678399.216148271 981772.2458799671 1.19125
59455.2208331 2459455.7260598517 25.816807597875595 25.816807597875595 0.0 0.0 0.0 4680519.32639972 982199.9614353435 1.19125
59455.221539025 2459455.7267657355 26.833280324935913 26.833280324935913 0.0 0.0 1.0 4679289.9218093045 981997.9808505843 1.19125
59455.22224514 2459455.727471808 27.85002462565899 27.85002462565899 0.0 0.0 0.0 4679059.933314189 981866.4450880921 1.19125
59455.22295106 2459455.728177685 28.8664872944355 28.8664872944355 0.0 0.0 1.0 4678867.65277894 981926.8091264545 1.19125
59455.223657174996 2459455.728883756 29.883229583501816 29.883229583501816 0.0 0.0 0.0 4680403.591425144 982147.6680647304 1.19125
59455.2243631 2459455.729589636 30.899696946144104 30.899696946144104 0.0 0.0 1.0 4678900.545441999 981964.8978203135 1.19125
59455.225069210006 2459455.7302957005 31.916429847478867 31.916429847478867 0.0 0.0 0.0 4678653.239826641 981804.283856212 1.19125
59455.22577514 2459455.731001584 32.93290190398693 32.93290190398693 0.0 0.0 1.0 4679335.395656629 982047.5712118249 1.19125
59455.226481245 2459455.731707642 33.94962541759014 33.94962541759014 0.0 0.0 0.0 4678088.96829788 981679.4669117909 1.19125
59455.227187175 2459455.7324135243 34.9660961329937 34.9660961329937 0.0 0.0 1.0 4677522.532947376 981610.7731341319 1.19125
59455.227893285 2459455.733119586 35.98282501101494 35.98282501101494 0.0 0.0 0.0 4680496.557461609 982225.9808775327 1.19125
59455.22859921 2459455.7338254624 36.9992870092392 36.9992870092392 0.0 0.0 1.0 4677423.098767851 981610.7760600524 1.19125
59455.229305325 2459455.7345315283 38.01602192223072 38.01602192223072 0.0 0.0 0.0 4679179.679416053 981946.8206281621 1.19125
59455.230011245 2459455.735237399 39.032475873827934 39.032475873827934 0.0 0.0 1.0 4679194.953565622 981974.6528652256 1.19125
59455.23071736 2459455.735943464 40.04920944571495 40.04920944571495 0.0 0.0 0.0 4678157.466888536 981709.1687708132 1.19125
59455.231423285004 2459455.7366493386 41.065668761730194 41.065668761730194 0.0 0.0 1.0 4676358.102881162 981397.9891114716 1.19125
59455.268981245 2459455.7742054434 95.14645971357822 0.0 0.0 1.0 0.0 4671667.504746789 980376.9503326176 1.19125
59455.269687175 2459455.774911353 96.1629693210125 1.0165096074342728 0.0 1.0 1.0 4665620.278826775 979167.3608584058 1.19125
59455.270393285 2459455.7756174426 97.17973843216896 2.0332787185907364 0.0 1.0 0.0 4676115.540248712 981274.0498183753 1.19125
59455.271099210004 2459455.776323346 98.19623932242393 3.0497796088457108 0.0 1.0 1.0 4668218.351684122 979683.6400293171 1.19125
59455.271805325 2459455.77702944 99.21301446855068 4.066554754972458 0.0 1.0 0.0 4677976.851615365 981677.1610507654 1.19125
59455.272511245 2459455.777735338 100.22950798273087 5.083048269152641 0.0 1.0 1.0 4669375.8305923175 979970.3717815886 1.19125
59455.273217359994 2459455.77844143 101.2462804466486 6.0998207330703735 0.0 1.0 0.0 4677489.441217604 981555.1456391757 1.19125
59455.273923285 2459455.7791473316 102.26277865469456 7.116318941116333 0.0 1.0 1.0 4669453.377834247 979959.1542257232 1.19125
59455.274629395004 2459455.779853418 103.27954307198524 8.13308335840702 0.0 1.0 0.0 4677929.580833142 981665.8354245711 1.19125
59455.275335325 2459455.7805593233 104.29604664444923 9.14958693087101 0.0 1.0 1.0 4669862.963705251 979946.6976972581 1.19125
59455.27604143 2459455.7812654027 105.31280100345612 10.166341289877892 0.0 1.0 0.0 4678264.307942523 981746.9576362809 1.19125
59455.276747359996 2459455.7819713065 106.32930256426334 11.18284285068512 0.0 1.0 1.0 4667920.527669977 979623.486533754 1.19125
59455.27745347 2459455.7826773897 107.34606228768826 12.199602574110031 0.0 1.0 0.0 4676991.347104515 981452.7780570297 1.19125
59455.278159395 2459455.7833832866 108.36255379021168 13.216094076633453 0.0 1.0 1.0 4669489.456488654 980038.1191092825 1.19125
59455.27886551 2459455.784089373 109.37931820750237 14.232858493924141 0.0 1.0 0.0 4677162.901189962 981521.487812697 1.19125
59455.27957143 2459455.784795263 110.39579965174198 15.249339938163757 0.0 1.0 1.0 4668707.037213408 979761.3345213012 1.19125
59455.280277544996 2459455.7855013474 111.41256138682365 16.26610167324543 0.0 1.0 0.0 4679487.881740136 982033.0828613613 1.19125
59455.28098347 2459455.78620724 112.4290468543768 17.28258714079857 0.0 1.0 1.0 4667821.913404378 979562.0690372711 1.19125
59455.281689580006 2459455.7869133176 113.44579853117466 18.299338817596436 0.0 1.0 0.0 4676201.29211492 981371.8093255741 1.19125
59455.28239551 2459455.7876192136 114.46228869259357 19.31582897901535 0.0 1.0 1.0 4668038.4416371 979651.9406661453 1.19125
59455.283101615 2459455.7883252837 115.47902964055538 20.332569926977158 0.0 1.0 0.0 4678577.87902583 981792.1165348092 1.19125
59455.283807545 2459455.7890311778 116.49551711976528 21.349057406187057 0.0 1.0 1.0 4667275.108350115 979457.0857345555 1.19125
59455.284513655 2459455.789737251 117.51226276159286 22.36580304801464 0.0 1.0 0.0 4678201.559588204 981775.906255084 1.19125
59455.28521958 2459455.790443138 118.52874018251896 23.382280468940735 0.0 1.0 1.0 4669671.444491016 979967.9898485133 1.19125
59455.285925695 2459455.7911492144 119.54548984766006 24.39903013408184 0.0 1.0 0.0 4677827.661622964 981642.1778473004 1.19125
59455.286631615 2459455.791855094 120.5619565397501 25.415496826171875 0.0 1.0 1.0 4668219.077731536 979731.6286375938 1.19125
59455.28733773 2459455.792561169 121.57870419323444 26.43224447965622 0.0 1.0 0.0 4677063.506711805 981558.0847217229 1.19125
59455.288043655004 2459455.7932670517 122.59517557919025 27.44871586561203 0.0 1.0 1.0 4669037.732998734 979825.7470684864 1.19125
59455.288749765 2459455.793973119 123.61191250383854 28.465452790260315 0.0 1.0 0.0 4676965.922783865 981485.780060524 1.19125
59455.289455695 2459455.794679005 124.62838858366013 29.4819288700819 0.0 1.0 1.0 4667303.249144778 979443.3482889145 1.19125
59455.2901618 2459455.795385066 125.64511612057686 30.498656406998634 0.0 1.0 0.0 4676165.060582542 981328.4490343669 1.19125
59455.29086773 2459455.7960909507 126.66159018874168 31.51513047516346 0.0 1.0 1.0 4666451.041735445 979352.0599204492 1.19125
59455.29157384 2459455.796797015 127.67832241952419 32.53186270594597 0.0 1.0 0.0 4674614.93745016 980950.7857100847 1.19125
59455.292279764995 2459455.797502893 128.69478709995747 33.54832738637924 0.0 1.0 1.0 4668397.102029949 979679.5927341414 1.19125
59455.292985880005 2459455.7982089603 129.71152402460575 34.56506431102753 0.0 1.0 0.0 4677701.0794645725 981645.1736693556 1.19125
59455.293691800005 2459455.7989148325 130.72797998785973 35.5815202742815 0.0 1.0 1.0 4667277.357300848 979505.3442977505 1.19125
59455.294397915 2459455.799620899 131.7447155714035 36.59825585782528 0.0 1.0 0.0 4675957.170663339 981288.855602642 1.19125
59455.29510384 2459455.8003267753 132.76117756962776 37.61471785604954 0.0 1.0 1.0 4667066.361190241 979420.3026737532 1.19125
59455.295809949996 2459455.801032836 133.7779051065445 38.63144539296627 0.0 1.0 0.0 4675351.843512728 981179.3102861721 1.19125
59455.29651588 2459455.801738716 134.79437246918678 39.64791275560856 0.0 1.0 1.0 4668141.759898863 979685.1032175823 1.19125
59455.297221985 2459455.802444771 135.81109128892422 40.66463157534599 0.0 1.0 0.0 4675392.800797092 981093.9759767948 1.19125
59455.297927915 2459455.8031506506 136.82755798101425 41.68109826743603 0.0 1.0 1.0 4666937.444863905 979439.8641107546 1.19125
59455.335150135 2459455.840371036 190.42491294443607 0.0 0.0 2.0 0.0 4659072.7845031805 977663.4616981671 1.19125
59455.33585625 2459455.8410771303 191.44168876111507 1.0167758166790009 0.0 2.0 1.0 4654620.720316976 976848.060197892 1.19125
59455.33656217 2459455.8417830295 192.45818361639977 2.0332706719636917 0.0 2.0 0.0 4661269.928085217 978211.2981820537 1.19125
59455.337268285 2459455.8424891233 193.4749587625265 3.050045818090439 0.0 2.0 1.0 4655335.281533824 976944.8560256722 1.19125
59455.33797421 2459455.8431950263 194.49145898222923 4.0665460377931595 0.0 2.0 0.0 4658781.292453532 977626.5435563091 1.19125
59455.33868032 2459455.843901114 195.50822541117668 5.083312466740608 0.0 2.0 1.0 4657042.747176993 977294.8583955215 1.19125
59455.339386249994 2459455.8446070217 196.52473233640194 6.099819391965866 0.0 2.0 0.0 4661716.32405105 978242.3667794314 1.19125
59455.340092355 2459455.8453131034 197.5414900481701 7.116577103734016 0.0 2.0 1.0 4655962.736646442 977101.4548395105 1.19125
59455.340798285004 2459455.846019009 198.55799429118633 8.13308134675026 0.0 2.0 0.0 4661937.538540164 978324.6373921274 1.19125
59455.341504395 2459455.8467250946 199.5747573673725 9.14984442293644 0.0 2.0 1.0 4659400.8597464105 977811.6421031659 1.19125
59455.34221032 2459455.847430994 200.5912522226572 10.16633927822113 0.0 2.0 0.0 4662219.569383834 978459.0754411888 1.19125
59455.342916435 2459455.848137083 201.6080206632614 11.18310771882534 0.0 2.0 1.0 4658806.889121541 977708.6583294461 1.19125
59455.343622355 2459455.848842975 202.6245054602623 12.199592515826225 0.0 2.0 0.0 4661794.994812083 978302.0721641635 1.19125
59455.344328470004 2459455.8495490626 203.6412712186575 13.21635827422142 0.0 2.0 1.0 4658043.26502712 977534.4426501172 1.19125
59455.345034394995 2459455.8502549585 204.6577613800764 14.232848435640335 0.0 2.0 0.0 4661840.296615232 978310.6724340885 1.19125
59455.345740505 2459455.850961039 205.6745170801878 15.249604135751724 0.0 2.0 1.0 4656367.203552178 977184.1444545767 1.19125
59455.346446434996 2459455.8516669376 206.69101126492023 16.26609832048416 0.0 2.0 0.0 4662988.996522757 978509.6643411232 1.19125
59455.347152539995 2459455.852373011 207.70775690674782 17.282843962311745 0.0 2.0 1.0 4658140.83524864 977571.8519767887 1.19125
59455.347858470006 2459455.853078908 208.72424840927124 18.299335464835167 0.0 2.0 0.0 4660946.689611966 978119.3708267328 1.19125
59455.34856458 2459455.8537849844 209.7409987449646 19.316085800528526 0.0 2.0 1.0 4658009.6251369305 977524.8143524568 1.19125
59455.349270505 2459455.8544908743 210.75748018920422 20.332567244768143 0.0 2.0 0.0 4663452.0543915 978630.646919052 1.19125
59455.34997662 2459455.8551969533 211.77423387765884 21.34932093322277 0.0 2.0 1.0 4656862.870703587 977279.5330558795 1.19125
59455.350682539996 2459455.855902836 212.79070526361465 22.36579231917858 0.0 2.0 0.0 4662397.52516264 978421.2152062823 1.19125
59455.351388655 2459455.8566089137 213.80745694041252 23.382543995976448 0.0 2.0 1.0 4656255.176557532 977164.3730931092 1.19125
59455.35209458 2459455.8573147994 214.82393234968185 24.39901940524578 0.0 2.0 0.0 4663113.586590079 978548.3788649179 1.19125
59455.35280069 2459455.8580208695 215.84067329764366 25.415760353207588 0.0 2.0 1.0 4657726.743239516 977471.91220375 1.19125
59455.35350662 2459455.8587267585 216.85715340077877 26.432240456342697 0.0 2.0 0.0 4662268.4435955845 978356.0816313364 1.19125
59455.35421273 2459455.8594328267 217.87389166653156 27.44897872209549 0.0 2.0 1.0 4654467.201925659 976768.0670006091 1.19125
59455.354918655 2459455.8601387087 218.89036171138287 28.465448766946793 0.0 2.0 0.0 4660910.089827074 978122.038032704 1.19125
59455.355624765 2459455.8608447756 219.9070979654789 29.482185021042824 0.0 2.0 1.0 4657427.601899476 977464.7040862095 1.19125
59455.35633069 2459455.8615506557 220.92356532812119 30.498652383685112 0.0 2.0 0.0 4661267.669996278 978180.842600337 1.19125
59455.357036805 2459455.8622567253 221.94030560553074 31.515392661094666 0.0 2.0 1.0 4655943.046314175 977137.833371961 1.19125
59455.35774273 2459455.8629626045 222.95677162706852 32.531858682632446 0.0 2.0 0.0 4660538.663824787 978055.1150908385 1.19125
59455.358448839994 2459455.863668668 223.97350318729877 33.5485902428627 0.0 2.0 1.0 4656713.816733518 977253.5701625379 1.19125
59455.359154765 2459455.8643745454 224.98996652662754 34.56505358219147 0.0 2.0 0.0 4659937.3412045 977927.9549941613 1.19125
59455.359860875 2459455.8650806076 226.00669607520103 35.58178313076496 0.0 2.0 1.0 4655514.908243407 977060.1852712637 1.19125
59455.360566805 2459455.865786489 227.02316544950008 36.59825250506401 0.0 2.0 0.0 4661218.968300584 978164.8908742593 1.19125
59455.361272915005 2459455.8664925494 228.03989231586456 37.61497937142849 0.0 2.0 1.0 4655993.647617125 977078.0642727836 1.19125
59455.361978839996 2459455.8671984253 229.05635364353657 38.631440699100494 0.0 2.0 0.0 4662073.384969809 978355.9756052274 1.19125
59455.36268495 2459455.8679044857 230.07308050990105 39.64816756546497 0.0 2.0 1.0 4654643.999926117 976804.7592112342 1.19125
59455.363390875 2459455.8686103607 231.08954049646854 40.66462755203247 0.0 2.0 0.0 4658969.006187533 977698.9979429067 1.19125
59455.36409699 2459455.869316425 232.1062733978033 41.68136045336723 0.0 2.0 1.0 4652627.638443473 976397.3893095502 1.19125
59455.40133069 2459455.9065482863 285.7201534509659 0.0 0.0 3.0 0.0 4652374.757638259 976404.0276858117 1.19125
59455.402036805 2459455.9072543806 286.7369292676449 1.0167758166790009 0.0 3.0 1.0 4645328.6830586335 974902.3503963797 1.19125
59455.40274273 2459455.9079602845 287.7534308284521 2.033277377486229 0.0 3.0 0.0 4654935.428138348 976922.1687908928 1.19125
59455.40344884 2459455.9086663737 288.7701992690563 3.050045818090439 0.0 3.0 1.0 4647984.749318742 975517.2260777912 1.19125
59455.404154765 2459455.9093722766 289.78669948875904 4.0665460377931595 0.0 3.0 0.0 4655441.610778853 976992.2287231551 1.19125
59455.404860875 2459455.9100783644 290.8034659177065 5.083312466740608 0.0 3.0 1.0 4648673.391568744 975632.510275525 1.19125
59455.405566805 2459455.9107842715 291.8199721723795 6.099818721413612 0.0 3.0 0.0 4656350.1427740175 977249.8754145788 1.19125
59455.406272915 2459455.9114903584 292.83673726022243 7.116583809256554 0.0 3.0 1.0 4648025.459875648 975493.3690476535 1.19125
59455.406978839994 2459455.912196259 293.8532341271639 8.133080676198006 0.0 3.0 0.0 4657005.9821523605 977306.7000191273 1.19125
59455.40768495 2459455.9129023445 294.86999720335007 9.149843752384186 0.0 3.0 1.0 4649134.640100925 975710.4293653846 1.19125
59455.408390875 2459455.9136082437 295.88649205863476 10.166338607668877 0.0 3.0 0.0 4656121.221065915 977150.4075068487 1.19125
59455.40909699 2459455.914314332 296.90325915813446 11.183105707168579 0.0 3.0 1.0 4650856.983248707 976100.919623826 1.19125
59455.409802915005 2459455.91502023 297.91975267231464 12.199599221348763 0.0 3.0 0.0 4655909.547169966 977135.9240432595 1.19125
59455.410509025 2459455.915726312 298.9365103840828 13.216356933116913 0.0 3.0 1.0 4649390.976078613 975747.4229079745 1.19125
59455.41121495 2459455.916432208 299.9530005455017 14.232847094535828 0.0 3.0 0.0 4656882.393976241 977309.4678760499 1.19125
59455.411921060004 2459455.917138288 300.96975557506084 15.249602124094963 0.0 3.0 1.0 4648375.55600613 975593.4490676377 1.19125
59455.41262699 2459455.917844187 301.98625043034554 16.266096979379654 0.0 3.0 0.0 4654487.568469109 976776.3982777172 1.19125
59455.4133331 2459455.9185502646 303.0030021071434 17.28284865617752 0.0 3.0 1.0 4646523.878715149 975159.6346225279 1.19125
59455.414039024996 2459455.9192561572 304.01948757469654 18.29933412373066 0.0 3.0 0.0 4654974.172735051 976938.976328696 1.19125
59455.414745140006 2459455.919962238 305.0362439453602 19.316090494394302 0.0 3.0 1.0 4646894.430050931 975270.868027809 1.19125
59455.415451060006 2459455.920668123 306.052718013525 20.332564562559128 0.0 3.0 0.0 4652600.593723573 976393.0610901305 1.19125
59455.416157175 2459455.921374202 307.06947170197964 21.349318251013756 0.0 3.0 1.0 4642703.256192441 974412.562590485 1.19125
59455.4168631 2459455.9220800903 308.0859511345625 22.36579768359661 0.0 3.0 0.0 4649183.29324867 975732.5463420381 1.19125
59455.417569209996 2459455.922786162 309.10269409418106 23.38254064321518 0.0 3.0 1.0 4640961.841919222 974088.590397756 1.19125
59455.41827514 2459455.923492053 310.11917755007744 24.399024099111557 0.0 3.0 0.0 4648886.915801291 975696.2704202464 1.19125
59455.418981245 2459455.9241981176 311.1359104514122 25.41575700044632 0.0 3.0 1.0 4639006.536141936 973632.7259884631 1.19125
59455.419687175 2459455.924904007 312.15239122509956 26.432237774133682 0.0 3.0 0.0 4644807.143185204 974761.5004852519 1.19125
59455.420393285 2459455.925610075 313.1691288203001 27.44897536933422 0.0 3.0 1.0 4638789.6713095 973628.8740689915 1.19125
59455.42109921 2459455.926315957 314.18559953570366 28.465446084737778 0.0 3.0 0.0 4644004.404172866 974608.3435771553 1.19125
59455.421805325 2459455.9270220282 315.20234182477 29.482188373804092 0.0 3.0 1.0 4638557.221578312 973599.2732042109 1.19125
59455.422511245 2459455.927727904 316.218803152442 30.498649701476097 0.0 3.0 0.0 4646731.634376981 975197.5409038365 1.19125
59455.42321736 2459455.9284339733 317.2355427592993 31.515389308333397 0.0 3.0 1.0 4637465.728627799 973333.9360427875 1.19125
59455.423923285 2459455.9291398525 318.25200878083706 32.53185532987118 0.0 3.0 0.0 4646244.125332071 975127.3021359639 1.19125
59455.424629395 2459455.9298459156 319.26873967051506 33.54858621954918 0.0 3.0 1.0 4638649.825222008 973590.1897316064 1.19125
59455.425335325 2459455.930551798 320.2852103859186 34.565056934952736 0.0 3.0 0.0 4646577.62130099 975158.0138150956 1.19125
59455.42604143 2459455.931257855 321.3019325584173 35.58177910745144 0.0 3.0 1.0 4636474.179509489 973049.815893258 1.19125
59455.426747360005 2459455.931963736 322.3184012621641 36.598247811198235 0.0 3.0 0.0 4643768.558609485 974626.2357102296 1.19125
59455.42745347 2459455.9326697974 323.3351294696331 37.61497601866722 0.0 3.0 1.0 4636714.599813232 973178.4214511624 1.19125
59455.428159395 2459455.9333756734 324.3515907973051 38.631437346339226 0.0 3.0 0.0 4645050.091827587 974885.603613715 1.19125
59455.428865509995 2459455.9340817383 325.3683243691921 39.64817091822624 0.0 3.0 1.0 4638759.842290416 973574.7465167217 1.19125
59455.429571429995 2459455.934787608 326.38477697968483 40.66462352871895 0.0 3.0 0.0 4641353.927205742 974097.8597399591 1.19125
59455.430277545 2459455.9354936727 327.4015098810196 41.68135643005371 0.0 3.0 1.0 4637538.982881871 973371.8063465043 1.19125
59455.467488099996 2459455.9727023863 380.98205745220184 0.0 0.0 4.0 0.0 4631216.752123809 972046.1966793059 1.19125
59455.46819421 2459455.9734084755 381.99882589280605 1.01676844060421 0.0 4.0 1.0 4623524.216959752 970518.3388943058 1.19125
59455.468900135 2459455.9741143794 383.0153274536133 2.033270001411438 0.0 4.0 0.0 4632911.216847652 972370.3561955729 1.19125
59455.46960625 2459455.974820473 384.03210259974 3.050045147538185 0.0 4.0 1.0 4625592.110423021 970912.8438116827 1.19125
59455.47031217 2459455.9755263715 385.0485961139202 4.0665386617183685 0.0 4.0 0.0 4633580.344622902 972554.020704123 1.19125
59455.471018284996 2459455.976232464 386.0653692483902 5.0833117961883545 0.0 4.0 1.0 4628582.228828495 971506.7558284304 1.19125
59455.47172421 2459455.976938366 387.0818681269884 6.099810674786568 0.0 4.0 0.0 4637211.124943228 973297.3698814423 1.19125
59455.472430320006 2459455.9776444524 388.0986325442791 7.116575092077255 0.0 4.0 1.0 4626885.137601287 971135.5484117327 1.19125
59455.47313625 2459455.9783503585 389.1151374578476 8.133080005645752 0.0 4.0 0.0 4635975.385302794 973029.1821168181 1.19125
59455.473842355 2459455.9790564384 390.13189248740673 9.149835035204887 0.0 4.0 1.0 4626643.640857239 971089.8824072189 1.19125
59455.474548285 2459455.9797623428 391.1483947187662 10.16633726656437 0.0 4.0 0.0 4636980.9770120345 973212.3858970496 1.19125
59455.475254395 2459455.9804684264 392.1651551127434 11.183097660541534 0.0 4.0 1.0 4626538.897064837 971104.3179109864 1.19125
59455.47596032 2459455.981174324 393.1816479563713 12.199590504169464 0.0 4.0 0.0 4636407.352822242 973151.2729869882 1.19125
59455.476666435 2459455.981880411 394.19841304421425 13.216355592012405 0.0 4.0 1.0 4629112.545731533 971621.5885133883 1.19125
59455.477372355 2459455.982586302 395.2148958295584 14.23283837735653 0.0 4.0 0.0 4638501.05655752 973585.6038911407 1.19125
59455.47807847 2459455.983292387 396.2316582351923 15.249600782990456 0.0 4.0 1.0 4628966.93561724 971585.7481109943 1.19125
59455.478784395 2459455.9839982805 397.24814504384995 16.266087591648102 0.0 4.0 0.0 4637185.76115452 973242.650395842 1.19125
59455.479490505 2459455.984704359 398.2648980617523 17.282840609550476 0.0 4.0 1.0 4628196.612095047 971441.9861572093 1.19125
59455.480196435004 2459455.985410256 399.28138956427574 18.2993321120739 0.0 4.0 0.0 4638238.309005168 973479.3839189064 1.19125
59455.48090254 2459455.986116327 400.29813185334206 19.316074401140213 0.0 4.0 1.0 4628101.808667676 971422.5197292044 1.19125
59455.48160847 2459455.986822222 401.31462067365646 20.33256322145462 0.0 4.0 0.0 4634975.025980006 972831.9872898634 1.19125
59455.482314580004 2459455.9875282957 402.3313669860363 21.349309533834457 0.0 4.0 1.0 4628278.099427967 971442.9958289528 1.19125
59455.483020505 2459455.9882341833 403.34784507751465 22.365787625312805 0.0 4.0 0.0 4637017.1360076135 973251.8118659637 1.19125
59455.483726620005 2459455.988940261 404.3645967543125 23.382539302110672 0.0 4.0 1.0 4628029.240025088 971432.245711976 1.19125
59455.484432540004 2459455.9896461414 405.38106478750706 24.399007335305214 0.0 4.0 0.0 4637337.13490297 973279.9877809541 1.19125
59455.485138655 2459455.9903522166 406.39781311154366 25.415755659341812 0.0 4.0 1.0 4626900.237667049 971132.5122111541 1.19125
59455.48584458 2459455.9910581005 407.414285838604 26.43222838640213 0.0 4.0 0.0 4636536.5478914045 973173.7451170019 1.19125
59455.486550689995 2459455.9917641687 408.43102410435677 27.448966652154922 0.0 4.0 1.0 4629269.12530036 971645.375295012 1.19125
59455.48725662 2459455.9924700554 409.4475008547306 28.465443402528763 0.0 4.0 0.0 4636914.979770392 973243.6035125179 1.19125
59455.48796273 2459455.993176122 410.46423710882664 29.482179656624794 0.0 4.0 1.0 4628227.5857659485 971452.8900766167 1.19125
59455.488668655 2459455.9938820023 411.4807044714689 30.498647019267082 0.0 4.0 0.0 4637124.522543755 973297.9727687576 1.19125
59455.489374765 2459455.994588067 412.4974373728037 31.515379920601845 0.0 4.0 1.0 4626317.101113105 971011.94573856 1.19125
59455.49008069 2459455.9952939455 413.5139027237892 32.53184527158737 0.0 4.0 0.0 4635713.1815059 972973.1969532698 1.19125
59455.490786805 2459455.996000014 414.530640989542 33.548583537340164 0.0 4.0 1.0 4628235.697045721 971464.1536882685 1.19125
59455.49149273 2459455.9967058916 415.547104999423 34.565047547221184 0.0 4.0 0.0 4635516.506336312 972954.9862886792 1.19125
59455.49219884 2459455.9974119533 416.56383387744427 35.581776425242424 0.0 4.0 1.0 4626010.033880996 970998.3346462747 1.19125
59455.492904765 2459455.9981178297 417.5802958756685 36.59823842346668 0.0 4.0 0.0 4636104.858583637 973034.9006711305 1.19125
59455.493610875 2459455.998823891 418.5970240831375 37.61496663093567 0.0 4.0 1.0 4626309.457680222 971066.1639821006 1.19125
59455.494316805 2459455.9995297715 419.61349211633205 38.63143466413021 0.0 4.0 0.0 4637292.993439642 973330.2738282426 1.19125
59455.495022915 2459456.0002358314 420.6302183121443 39.648160859942436 0.0 4.0 1.0 4625825.606173291 970961.9019460188 1.19125
59455.495728840004 2459456.0009417064 421.6466782987118 40.66462084650993 0.0 4.0 0.0 4635468.01118026 972941.0521755429 1.19125
59455.49643495 2459456.0016477657 422.66340382397175 41.681346371769905 0.0 4.0 1.0 4625768.228950456 970909.9441972314 1.19125
59455.533657175 2459456.038868145 476.26075007021427 0.0 0.0 5.0 0.0 4619013.673857269 969460.0570509365 1.19125
59455.534363285 2459456.0395742343 477.2775185108185 1.01676844060421 0.0 5.0 1.0 4617027.284718705 969067.0113359794 1.19125
59455.535069210004 2459456.040280138 478.2940200716257 2.033270001411438 0.0 5.0 0.0 4622704.20440662 970206.3465714408 1.19125
59455.535775325 2459456.040986231 479.31079387664795 3.0500438064336777 0.0 5.0 1.0 4618914.970609816 969473.6769849074 1.19125
59455.536481245 2459456.0416921293 480.32728739082813 4.066537320613861 0.0 5.0 0.0 4626182.382808518 970943.8672512904 1.19125
59455.537187359994 2459456.0423982223 481.3440611958504 5.083311125636101 0.0 5.0 1.0 4619893.453526464 969664.4925928045 1.19125
59455.537893285 2459456.0431041243 482.3605600744486 6.099810004234314 0.0 5.0 0.0 4625558.270306513 970822.9357973025 1.19125
59455.538599395004 2459456.0438102107 483.3773244917393 7.1165744215250015 0.0 5.0 1.0 4618797.422838001 969491.4073734955 1.19125
59455.539305325 2459456.0445161164 484.3938287347555 8.133078664541245 0.0 5.0 0.0 4626911.295312466 971072.7746546066 1.19125
59455.54001143 2459456.0452221963 485.41058376431465 9.14983369410038 0.0 5.0 1.0 4619149.932938071 969526.536436676 1.19125
59455.540717359996 2459456.0459281006 486.42708599567413 10.166335925459862 0.0 5.0 0.0 4624192.783422025 970596.9416649763 1.19125
59455.54142347 2459456.0466341837 487.44384571909904 11.183095648884773 0.0 5.0 1.0 4620115.319587946 969754.2491768406 1.19125
59455.542129395 2459456.0473400815 488.460338562727 12.199588492512703 0.0 5.0 0.0 4626743.982444092 971077.897152407 1.19125
59455.54283551 2459456.0480461684 489.4771036505699 13.216353580355644 0.0 5.0 1.0 4619938.339679997 969697.1734808903 1.19125
59455.54354143 2459456.048752059 490.49358643591404 14.232836365699768 0.0 5.0 0.0 4625698.044282332 970846.4527696533 1.19125
59455.544247544996 2459456.0494581438 491.5103481709957 15.24959810078144 0.0 5.0 1.0 4620671.108941481 969878.5166563938 1.19125
59455.54495347 2459456.050164038 492.5268356502056 16.26608557999134 0.0 5.0 0.0 4626372.198713518 970978.5706472718 1.19125
59455.545659580006 2459456.050870116 493.54358799755573 17.28283792734146 0.0 5.0 1.0 4621012.420081628 969897.184958342 1.19125
59455.54636551 2459456.051576013 494.5600801706314 18.299330100417137 0.0 5.0 0.0 4627932.987834235 971307.2792866159 1.19125
59455.547071615 2459456.052282084 495.57682178914547 19.316071718931198 0.0 5.0 1.0 4621263.373267791 970002.8472422222 1.19125
59455.547777545 2459456.052987979 496.5933106094599 20.332560539245605 0.0 5.0 0.0 4627364.397809108 971167.4779282347 1.19125
59455.548483655 2459456.053694052 497.61005625128746 21.34930618107319 0.0 5.0 1.0 4619312.508791808 969558.0108734666 1.19125
59455.54918958 2459456.0543999407 498.6265356838703 22.365785613656044 0.0 5.0 0.0 4627991.506148029 971326.3873554898 1.19125
59455.549895695 2459456.0551060173 499.6432860195637 23.382535949349403 0.0 5.0 1.0 4619285.7271995945 969538.9861885974 1.19125
59455.550601615 2459456.0558118983 500.65975472331047 24.3990046530962 0.0 5.0 0.0 4627187.382081789 971133.6219847314 1.19125
59455.55130773 2459456.056517973 501.6765023767948 25.415752306580544 0.0 5.0 1.0 4621780.473702436 970080.7298165599 1.19125
59455.552013655004 2459456.057223857 502.69297510385513 26.43222503364086 0.0 5.0 0.0 4629945.55462278 971761.3403107072 1.19125
59455.552719765 2459456.0579299247 503.7097126990557 27.4489626288414 0.0 5.0 1.0 4624606.41236828 970682.298799738 1.19125
59455.553425695 2459456.058635812 504.72619011998177 28.465440049767494 0.0 5.0 0.0 4629410.754316408 971638.928947104 1.19125
59455.5541318 2459456.059341873 505.74291832745075 29.48216825723648 0.0 5.0 1.0 4625371.165999558 970853.3279148368 1.19125
59455.55483773 2459456.0600477583 506.75939306616783 30.49864299595356 0.0 5.0 0.0 4634425.52036208 972656.0736580566 1.19125
59455.55554384 2459456.0607538233 507.77612663805485 31.515376567840576 0.0 5.0 1.0 4628485.603552748 971433.9652255144 1.19125
59455.556249764995 2459456.0614597024 508.79259265959263 32.53184258937836 0.0 5.0 0.0 4635027.145315073 972791.9889524475 1.19125
59455.556955880005 2459456.06216577 509.80933025479317 33.548580184578896 0.0 5.0 1.0 4629001.44320255 971541.9610560047 1.19125
59455.557661800005 2459456.062871643 510.8257868885994 34.565036818385124 0.0 5.0 0.0 4635218.5604676325 972810.1002407975 1.19125
59455.558367915 2459456.0635777097 511.8425231426954 35.581773072481155 0.0 5.0 1.0 4628562.735357171 971438.2477655712 1.19125
59455.55907384 2459456.0642835856 512.8589844703674 36.59823440015316 0.0 5.0 0.0 4634894.899252218 972703.5048032542 1.19125
59455.559779949996 2459456.064989647 513.8757126778364 37.61496260762215 0.0 5.0 1.0 4628479.776195537 971456.5580120687 1.19125
59455.56048588 2459456.0656955275 514.892180711031 38.63143064081669 0.0 5.0 0.0 4634826.740111785 972743.9985190281 1.19125
59455.561191985 2459456.0664015827 515.9089002013206 39.64815013110638 0.0 5.0 1.0 4626255.236489895 970960.1920157732 1.19125
59455.561897915 2459456.0671074623 516.9253668934107 40.66461682319641 0.0 5.0 0.0 4635145.527514701 972781.0278386212 1.19125
59455.562604025 2459456.067813522 517.9420930892229 41.68134301900864 0.0 5.0 1.0 4628958.103572995 971589.8252747084 1.19125
59455.600555325 2459456.1057629506 572.5892700254917 0.0 0.0 6.0 0.0 4626971.097180307 971149.4320371689 1.19125
59455.60126143 2459456.106469034 573.6060304194689 1.0167603939771652 0.0 6.0 1.0 4619033.257141273 969542.2430420257 1.19125
59455.601967359995 2459456.1071749427 574.6225386857986 2.0332686603069305 0.0 6.0 0.0 4630291.700014277 971854.6450024816 1.19125
59455.60267347 2459456.107881031 575.6393057852983 3.050035759806633 0.0 6.0 1.0 4621069.292235319 969935.3229804223 1.19125
59455.603379395005 2459456.108586933 576.6558046638966 4.066534638404846 0.0 6.0 0.0 4630911.880403577 971939.4124920989 1.19125
59455.60408551 2459456.1092930255 577.6725777983665 5.083307772874832 0.0 6.0 1.0 4619033.340320126 969491.0494646867 1.19125
59455.60479143 2459456.1099989214 578.6890679597855 6.099797934293747 0.0 6.0 0.0 4633034.27181834 972420.3763072221 1.19125
59455.605497545 2459456.110705012 579.7058384120464 7.116568386554718 0.0 6.0 1.0 4620145.566342089 969727.9406129554 1.19125
59455.60620347 2459456.111410912 580.7223346084356 8.133064582943916 0.0 6.0 0.0 4633119.737166479 972466.8499782259 1.19125
59455.606909580005 2459456.112116996 581.739095672965 9.149825647473335 0.0 6.0 1.0 4620331.424254692 969765.1201987757 1.19125
59455.60761551 2459456.1128228996 582.75559656322 10.16632653772831 0.0 6.0 0.0 4632438.257231208 972349.3358075409 1.19125
59455.608321615 2459456.113528977 583.7723482400179 11.183078214526176 0.0 6.0 1.0 4620433.328426539 969773.5009113167 1.19125
59455.609027545 2459456.1142348787 584.7888464480639 12.199576422572136 0.0 6.0 0.0 4632301.938221922 972267.1184978314 1.19125
59455.60973347 2459456.114940774 585.8053359389305 13.216065913438797 0.0 6.0 1.0 4621343.201149608 969958.8767205427 1.19125
59455.61043958 2459456.115646854 586.8220909684896 14.232820942997932 0.0 6.0 0.0 4632020.336745348 972198.4767054911 1.19125
59455.611145695 2459456.116352938 587.8388520330191 15.249582007527351 0.0 6.0 1.0 4621351.496413583 969993.6452937487 1.19125
59455.611851615 2459456.1170588257 588.8553301244974 16.2660600990057 0.0 6.0 0.0 4631819.312266137 972144.0906803312 1.19125
59455.612557545 2459456.1177647226 589.8718216270208 17.28255160152912 0.0 6.0 1.0 4621470.073173916 970024.6448977354 1.19125
59455.613263655 2459456.1184707982 590.8885706216097 18.299300596117973 0.0 6.0 0.0 4631328.761630911 972067.2191367977 1.19125
59455.613969765 2459456.1191768735 591.9053189456463 19.31604892015457 0.0 6.0 1.0 4621540.510972333 970046.8978258369 1.19125
59455.614675695004 2459456.119882767 592.9218057543039 20.332535728812218 0.0 6.0 0.0 4629965.309255314 971782.2182950081 1.19125
59455.6153818 2459456.120588835 593.9385433495045 21.349273324012756 0.0 6.0 1.0 4621518.442180478 970014.4185738901 1.19125
59455.61608773 2459456.1212947266 594.9550274759531 22.365757450461388 0.0 6.0 0.0 4629764.882015279 971728.0544683273 1.19125
59455.61679384 2459456.1220007977 595.9717697650194 23.382499739527702 0.0 6.0 1.0 4619012.94841763 969478.6852751378 1.19125
59455.617499765 2459456.1227066824 596.9882438331842 24.398973807692528 0.0 6.0 0.0 4630788.790340197 971954.2311476615 1.19125
59455.618205880004 2459456.123412756 598.0049894750118 25.41571944952011 0.0 6.0 1.0 4619933.912590162 969692.8247941748 1.19125
59455.618911800004 2459456.124118634 599.0214541554451 26.432184129953384 0.0 6.0 0.0 4630730.415679439 971962.0105944048 1.19125
59455.619617915 2459456.124824706 600.0381977856159 27.448927760124207 0.0 6.0 1.0 4621816.026308077 970024.5494249492 1.19125
59455.62032384 2459456.125530587 601.0546664893627 28.465396463871002 0.0 6.0 0.0 4632859.609387276 972396.5628532054 1.19125
59455.621029949994 2459456.1262366525 602.071400731802 29.482130706310272 0.0 6.0 1.0 4620717.07847055 969855.1937176654 1.19125
59455.621735880006 2459456.1269425373 603.0878747999668 30.498604774475098 0.0 6.0 0.0 4629793.847534773 971747.7339071974 1.19125
59455.622441985004 2459456.127648596 604.1045996546745 31.515329629182816 0.0 6.0 1.0 4620355.448388632 969791.8958293569 1.19125
59455.623147915 2459456.128354479 605.1210710406303 32.531801015138626 0.0 6.0 0.0 4629966.358365293 971817.4203195664 1.19125
59455.62385384 2459456.1290603564 606.1375343799591 33.54826435446739 0.0 6.0 1.0 4620792.2707224665 969876.0060206542 1.19125
59455.624559949996 2459456.129766418 607.1542632579803 34.56499323248863 0.0 6.0 0.0 4630928.037718382 971972.9236359718 1.19125
59455.625266065 2459456.1304724845 608.1709988415241 35.58172881603241 0.0 6.0 1.0 4621234.932991389 969920.0708276614 1.19125
59455.625971985 2459456.1311783553 609.1874527931213 36.59818276762962 0.0 6.0 0.0 4632121.830971133 972210.3953653639 1.19125
59455.626677915 2459456.131884236 610.2039208263159 37.614650800824165 0.0 6.0 1.0 4620812.565082646 969881.1035621582 1.19125
59455.627384025 2459456.132590296 611.2206476926804 38.631377667188644 0.0 6.0 0.0 4630289.134024699 971866.5413938885 1.19125
59455.628090135 2459456.1332963556 612.2373732179403 39.648103192448616 0.0 6.0 1.0 4620886.310148518 969920.1322031367 1.19125
59455.670902540005 2459456.176106704 673.8842748105526 0.0 0.0 7.0 0.0 4612105.1508443495 968088.9847970987 1.19125
59455.671608655 2459456.1768127945 674.9010452628136 1.016770452260971 0.0 7.0 1.0 4610986.491286018 967804.7090493826 1.19125
59455.67231458 2459456.1775186947 675.9175414592028 2.0332666486501694 0.0 7.0 0.0 4616828.874833692 969021.918933129 1.19125
59455.673020505 2459456.1782245934 676.9340356439352 3.0497608333826065 0.0 7.0 1.0 4612445.965374506 968148.980512944 1.19125
59455.67372662 2459456.178930682 677.9508034139872 4.066528603434563 0.0 7.0 0.0 4614172.017034757 968441.2405215153 1.19125
59455.67443273 2459456.1796367643 678.9675617963076 5.083286985754967 0.0 7.0 1.0 4611502.195066989 967906.199254966 1.19125
59455.675138655 2459456.180342661 679.984053298831 6.099778488278389 0.0 7.0 0.0 4616738.2927691685 968973.6594909019 1.19125
59455.675844765 2459456.1810487416 681.0008089989424 7.116534188389778 0.0 7.0 1.0 4611995.248637491 968020.994714097 1.19125
59455.67655069 2459456.1817546366 682.0172978192568 8.133023008704185 0.0 7.0 0.0 4619093.392495732 969462.4127553344 1.19125
59455.677256805 2459456.18246072 683.034058213234 9.14978340268135 0.0 7.0 1.0 4613346.165670946 968298.2738356524 1.19125
59455.67796273 2459456.1831666133 684.0505443513393 10.166269540786743 0.0 7.0 0.0 4616777.867072353 968964.8605805207 1.19125
59455.678668655004 2459456.183872505 685.067028477788 11.182753667235374 0.0 7.0 1.0 4615078.652989858 968690.9735267257 1.19125
59455.679374765 2459456.1845785812 686.0837781429291 12.19950333237648 0.0 7.0 0.0 4619681.367049544 969601.6554369947 1.19125
59455.680080875 2459456.1852846555 687.1005251258612 13.21625031530857 0.0 7.0 1.0 4615544.001145302 968757.0630125372 1.19125
59455.680786805 2459456.18599055 688.1170132756233 14.232738465070724 0.0 7.0 0.0 4619114.038487475 969528.8096764884 1.19125
59455.681492915 2459456.1866966225 689.1337575763464 15.2494827657938 0.0 7.0 1.0 4614586.201162627 968570.0093215898 1.19125
59455.682198840004 2459456.1874025096 690.1502349972725 16.265960186719894 0.0 7.0 0.0 4617480.426427259 969122.8889311922 1.19125
59455.68290495 2459456.1881085797 691.1669759452343 17.2827011346817 0.0 7.0 1.0 4614063.043606008 968426.0967941716 1.19125
59455.683610875 2459456.188814465 692.1834506839514 18.29917587339878 0.0 7.0 0.0 4618630.646076365 969373.7503737397 1.19125
59455.684316804996 2459456.189520354 693.1999307870865 19.31565597653389 0.0 7.0 1.0 4612931.69141847 968192.8411029516 1.19125
59455.685022915 2459456.1902264217 694.216668382287 20.33239357173443 0.0 7.0 0.0 4621145.923278742 969911.8200499384 1.19125
59455.685729025005 2459456.1909324885 695.233404636383 21.34912982583046 0.0 7.0 1.0 4613054.306624703 968265.5775108649 1.19125
59455.68643495 2459456.19163837 696.2498740106821 22.36559920012951 0.0 7.0 0.0 4618423.009470915 969364.4366381327 1.19125
59455.687140875 2459456.19234425 697.2663413733244 23.382066562771797 0.0 7.0 1.0 4612270.0652933465 968086.7374847785 1.19125
59455.68784699 2459456.19305032 698.283081650734 24.39880684018135 0.0 7.0 0.0 4617973.013981065 969193.5588828025 1.19125
59455.6885531 2459456.193756384 699.2998138815165 25.41553907096386 0.0 7.0 1.0 4612824.629536095 968227.2390861554 1.19125
59455.689259025 2459456.1944622616 700.3162778913975 26.43200308084488 0.0 7.0 0.0 4620243.270770621 969708.8940012776 1.19125
59455.68996495 2459456.1951681394 701.3327419012785 27.4484670907259 0.0 7.0 1.0 4613408.644859122 968312.7968897265 1.19125
59455.69067106 2459456.1958742016 702.349471449852 28.465196639299393 0.0 7.0 0.0 4617540.262794269 969140.5140952431 1.19125
59455.691377175 2459456.1965802675 703.3662063628435 29.481931552290916 0.0 7.0 1.0 4611725.698402617 967920.5277231573 1.19125
59455.6920831 2459456.1972861434 704.3826676905155 30.49839287996292 0.0 7.0 0.0 4618107.856607968 969275.984254001 1.19125
59455.692789025 2459456.197992019 705.3991283476353 31.514853537082672 0.0 7.0 1.0 4612624.266554662 968143.5759639097 1.19125
59455.69349514 2459456.198698084 706.4158619195223 32.53158710896969 0.0 7.0 0.0 4616809.700005412 968995.2783608987 1.19125
59455.694201245 2459456.1994041386 707.4325807392597 33.54830592870712 0.0 7.0 1.0 4611240.96178074 967928.4802082484 1.19125
