# %ECSV 1.0
# ---
# datatype:
# - {name: t_mjd, datatype: float64}
# - {name: t_bjd, datatype: float64}
# - {name: t_visit, datatype: float64}
# - {name: t_orbit, datatype: float64}
# - {name: ivisit, datatype: float64}
# - {name: iorbit, datatype: float64}
# - {name: scan, datatype: float64}
# - {name: spec_opt, datatype: float64}
# - {name: var_opt, datatype: float64}
# - {name: wave, datatype: float64}
# schema: astropy-2.0
t_mjd t_bjd t_visit t_orbit ivisit iorbit scan spec_opt var_opt wave
59455.203888655 2459455.7091161143 1.4178257435560226 1.4178257435560226 0.0 0.0 0.0 5584849.055002742 1164689.9818559925 1.32625
59455.20459458 2459455.7098220186 2.4343279749155045 2.4343279749155045 0.0 0.0 1.0 5624122.100009624 1172777.653277238 1.32625
59455.205300689995 2459455.7105281074 3.4510957449674606 3.4510957449674606 0.0 0.0 0.0 5620357.448240439 1172001.5538808627 1.32625
59455.20600662 2459455.7112340154 4.467603340744972 4.467603340744972 0.0 0.0 1.0 5641610.368618032 1176408.9159914784 1.32625
59455.20671273 2459455.7119401037 5.484370440244675 5.484370440244675 0.0 0.0 0.0 5633581.178212762 1174679.1517547236 1.32625
59455.207418655 2459455.712646005 6.500868648290634 6.500868648290634 0.0 0.0 1.0 5650661.52047681 1178256.0917608263 1.32625
59455.208124765 2459455.713352092 7.517633736133575 7.517633736133575 0.0 0.0 0.0 5643959.000058392 1176860.1728297556 1.32625
59455.20883069 2459455.7140579927 8.534130603075027 8.534130603075027 0.0 0.0 1.0 5651621.877269207 1178466.4211497405 1.32625
59455.209536805 2459455.7147640823 9.550899714231491 9.550899714231491 0.0 0.0 0.0 5646233.17144407 1177271.1978864037 1.32625
59455.21024273 2459455.715469982 10.567395240068436 10.567395240068436 0.0 0.0 1.0 5657955.929451709 1179782.8308420512 1.32625
59455.21094884 2459455.716176065 11.584154963493347 11.584154963493347 0.0 0.0 0.0 5650008.189943575 1178081.0341057377 1.32625
59455.211654765 2459455.716881963 12.600647807121277 12.600647807121277 0.0 0.0 1.0 5658989.2032563025 1180034.7802761754 1.32625
59455.212360875 2459455.7175880447 13.617405518889427 13.617405518889427 0.0 0.0 0.0 5649995.766141527 1178107.0083426088 1.32625
59455.213066805 2459455.7182939453 14.63390238583088 14.63390238583088 0.0 0.0 1.0 5657515.457468661 1179657.3932755832 1.32625
59455.213772915 2459455.7190000247 15.650656744837761 15.650656744837761 0.0 0.0 0.0 5649740.853430386 1178020.0123185678 1.32625
59455.214478840004 2459455.719705919 16.66714422404766 16.66714422404766 0.0 0.0 1.0 5659263.846024207 1180011.593900048 1.32625
59455.21518495 2459455.7204119964 17.683895900845528 17.683895900845528 0.0 0.0 0.0 5650193.919736754 1178091.056069914 1.32625
59455.215890875 2459455.721117888 18.70038002729416 18.70038002729416 0.0 0.0 1.0 5660866.333895891 1180369.9768239902 1.32625
59455.216596989994 2459455.721823969 19.717136397957802 19.717136397957802 0.0 0.0 0.0 5650678.110236579 1178212.1185005624 1.32625
59455.217302915 2459455.722529859 20.733617842197418 20.733617842197418 0.0 0.0 1.0 5658958.073306041 1179991.499960223 1.32625
59455.218009025004 2459455.723235932 21.750363484025 21.750363484025 0.0 0.0 0.0 5650494.072587281 1178163.8133143592 1.32625
59455.21871495 2459455.7239418197 22.76684157550335 22.76684157550335 0.0 0.0 1.0 5661280.000969076 1180442.30327267 1.32625
59455.21942106 2459455.7246478912 23.783584535121918 23.783584535121918 0.0 0.0 0.0 5651909.308789899 1178434.7810535857 1.32625
59455.220126989996 2459455.725353782 24.80006732046604 24.80006732046604 0.0 0.0 1.0 5658592.753001289 1179849.7844903718 1.32625
59455.2208331 2459455.7260598517 25.816807597875595 25.816807597875595 0.0 0.0 0.0 5649797.130259965 1178036.1800946123 1.32625
59455.221539025 2459455.7267657355 26.833280324935913 26.833280324935913 0.0 0.0 1.0 5658160.2794309305 1179807.1258871965 1.32625
59455.22224514 2459455.727471808 27.85002462565899 27.85002462565899 0.0 0.0 0.0 5650082.498785602 1178050.388240329 1.32625
59455.22295106 2459455.728177685 28.8664872944355 28.8664872944355 0.0 0.0 1.0 5660135.40362303 1180210.5997146016 1.32625
59455.223657174996 2459455.728883756 29.883229583501816 29.883229583501816 0.0 0.0 0.0 5652078.554335479 1178474.2642518508 1.32625
59455.2243631 2459455.729589636 30.899696946144104 30.899696946144104 0.0 0.0 1.0 5658987.984956687 1180010.9481438426 1.32625
59455.225069210006 2459455.7302957005 31.916429847478867 31.916429847478867 0.0 0.0 0.0 5652206.744552946 1178531.8119995773 1.32625
59455.22577514 2459455.731001584 32.93290190398693 32.93290190398693 0.0 0.0 1.0 5661252.722778248 1180469.5397492999 1.32625
59455.226481245 2459455.731707642 33.94962541759014 33.94962541759014 0.0 0.0 0.0 5651296.723133711 1178306.7775653726 1.32625
59455.227187175 2459455.7324135243 34.9660961329937 34.9660961329937 0.0 0.0 1.0 5657375.219498034 1179607.8070601795 1.32625
59455.227893285 2459455.733119586 35.98282501101494 35.98282501101494 0.0 0.0 0.0 5652020.233632782 1178514.4665377964 1.32625
59455.22859921 2459455.7338254624 36.9992870092392 36.9992870092392 0.0 0.0 1.0 5657363.676960476 1179623.2737840659 1.32625
59455.229305325 2459455.7345315283 38.01602192223072 38.01602192223072 0.0 0.0 0.0 5649258.144752805 1177926.047755466 1.32625
59455.230011245 2459455.735237399 39.032475873827934 39.032475873827934 0.0 0.0 1.0 5655911.9578814 1179328.2092845682 1.32625
59455.23071736 2459455.735943464 40.04920944571495 40.04920944571495 0.0 0.0 0.0 5650996.789591899 1178270.0900373089 1.32625
59455.231423285004 2459455.7366493386 41.065668761730194 41.065668761730194 0.0 0.0 1.0 5658677.944270307 1179887.1203172246 1.32625
59455.268981245 2459455.7742054434 95.14645971357822 0.0 0.0 1.0 0.0 5627914.184224365 1173521.4354369217 1.32625
59455.269687175 2459455.774911353 96.1629693210125 1.0165096074342728 0.0 1.0 1.0 5634050.203870279 1174849.3976788023 1.32625
59455.270393285 2459455.7756174426 97.17973843216896 2.0332787185907364 0.0 1.0 0.0 5632929.548507664 1174560.9859600407 1.32625
59455.271099210004 2459455.776323346 98.19623932242393 3.0497796088457108 0.0 1.0 1.0 5632656.724723897 1174527.1210457494 1.32625
59455.271805325 2459455.77702944 99.21301446855068 4.066554754972458 0.0 1.0 0.0 5632968.324552431 1174570.4323357278 1.32625
59455.272511245 2459455.777735338 100.22950798273087 5.083048269152641 0.0 1.0 1.0 5634484.548461693 1174959.5778388518 1.32625
59455.273217359994 2459455.77844143 101.2462804466486 6.0998207330703735 0.0 1.0 0.0 5637992.401992247 1175605.4710136773 1.32625
59455.273923285 2459455.7791473316 102.26277865469456 7.116318941116333 0.0 1.0 1.0 5634312.015062398 1174897.9732406822 1.32625
59455.274629395004 2459455.779853418 103.27954307198524 8.13308335840702 0.0 1.0 0.0 5637488.081644421 1175506.8186394474 1.32625
59455.275335325 2459455.7805593233 104.29604664444923 9.14958693087101 0.0 1.0 1.0 5633872.622196493 1174695.3054804336 1.32625
59455.27604143 2459455.7812654027 105.31280100345612 10.166341289877892 0.0 1.0 0.0 5634511.705157805 1174906.1896119567 1.32625
59455.276747359996 2459455.7819713065 106.32930256426334 11.18284285068512 0.0 1.0 1.0 5632223.8871649355 1174433.6746445445 1.32625
59455.27745347 2459455.7826773897 107.34606228768826 12.199602574110031 0.0 1.0 0.0 5635262.953841291 1175027.631753171 1.32625
59455.278159395 2459455.7833832866 108.36255379021168 13.216094076633453 0.0 1.0 1.0 5633927.566971624 1174874.4540921187 1.32625
59455.27886551 2459455.784089373 109.37931820750237 14.232858493924141 0.0 1.0 0.0 5633418.984666902 1174680.3442557475 1.32625
59455.27957143 2459455.784795263 110.39579965174198 15.249339938163757 0.0 1.0 1.0 5632249.406695413 1174413.1520755042 1.32625
59455.280277544996 2459455.7855013474 111.41256138682365 16.26610167324543 0.0 1.0 0.0 5635866.02840193 1175230.8358018019 1.32625
59455.28098347 2459455.78620724 112.4290468543768 17.28258714079857 0.0 1.0 1.0 5634389.685075636 1174845.2402435448 1.32625
59455.281689580006 2459455.7869133176 113.44579853117466 18.299338817596436 0.0 1.0 0.0 5634721.366850495 1174994.7829629 1.32625
59455.28239551 2459455.7876192136 114.46228869259357 19.31582897901535 0.0 1.0 1.0 5634245.658376785 1174861.778595434 1.32625
59455.283101615 2459455.7883252837 115.47902964055538 20.332569926977158 0.0 1.0 0.0 5637180.182881146 1175429.4092146999 1.32625
59455.283807545 2459455.7890311778 116.49551711976528 21.349057406187057 0.0 1.0 1.0 5628753.585199427 1173682.6065177503 1.32625
59455.284513655 2459455.789737251 117.51226276159286 22.36580304801464 0.0 1.0 0.0 5634298.287980081 1174915.1922574495 1.32625
59455.28521958 2459455.790443138 118.52874018251896 23.382280468940735 0.0 1.0 1.0 5630760.650160793 1174117.9765974593 1.32625
59455.285925695 2459455.7911492144 119.54548984766006 24.39903013408184 0.0 1.0 0.0 5633695.739820291 1174721.9775294387 1.32625
59455.286631615 2459455.791855094 120.5619565397501 25.415496826171875 0.0 1.0 1.0 5631075.80379362 1174262.772945309 1.32625
59455.28733773 2459455.792561169 121.57870419323444 26.43224447965622 0.0 1.0 0.0 5632859.970612834 1174626.5439618 1.32625
59455.288043655004 2459455.7932670517 122.59517557919025 27.44871586561203 0.0 1.0 1.0 5630686.807555068 1174108.5007688454 1.32625
59455.288749765 2459455.793973119 123.61191250383854 28.465452790260315 0.0 1.0 0.0 5632412.493959763 1174481.3364723746 1.32625
59455.289455695 2459455.794679005 124.62838858366013 29.4819288700819 0.0 1.0 1.0 5630775.22675626 1174101.0104958573 1.32625
59455.2901618 2459455.795385066 125.64511612057686 30.498656406998634 0.0 1.0 0.0 5633313.476927072 1174673.102116599 1.32625
59455.29086773 2459455.7960909507 126.66159018874168 31.51513047516346 0.0 1.0 1.0 5630867.623127859 1174193.562831184 1.32625
59455.29157384 2459455.796797015 127.67832241952419 32.53186270594597 0.0 1.0 0.0 5633554.270840201 1174666.3268730904 1.32625
59455.292279764995 2459455.797502893 128.69478709995747 33.54832738637924 0.0 1.0 1.0 5629640.918096618 1173860.2449655007 1.32625
59455.292985880005 2459455.7982089603 129.71152402460575 34.56506431102753 0.0 1.0 0.0 5632790.407226485 1174566.8003943122 1.32625
59455.293691800005 2459455.7989148325 130.72797998785973 35.5815202742815 0.0 1.0 1.0 5629002.620327744 1173783.336987454 1.32625
59455.294397915 2459455.799620899 131.7447155714035 36.59825585782528 0.0 1.0 0.0 5632093.859412991 1174422.8295228693 1.32625
59455.29510384 2459455.8003267753 132.76117756962776 37.61471785604954 0.0 1.0 1.0 5629772.937108141 1173902.4492203211 1.32625
59455.295809949996 2459455.801032836 133.7779051065445 38.63144539296627 0.0 1.0 0.0 5631971.957146378 1174411.9358437853 1.32625
59455.29651588 2459455.801738716 134.79437246918678 39.64791275560856 0.0 1.0 1.0 5629544.55007642 1173899.5089210486 1.32625
59455.297221985 2459455.802444771 135.81109128892422 40.66463157534599 0.0 1.0 0.0 5631799.029851941 1174286.9633283108 1.32625
59455.297927915 2459455.8031506506 136.82755798101425 41.68109826743603 0.0 1.0 1.0 5629524.7555996375 1173902.1800029664 1.32625
59455.335150135 2459455.840371036 190.42491294443607 0.0 0.0 2.0 0.0 5621017.05955279 1171992.8897418682 1.32625
59455.33585625 2459455.8410771303 191.44168876111507 1.0167758166790009 0.0 2.0 1.0 5625972.962979075 1173113.466601365 1.32625
59455.33656217 2459455.8417830295 192.45818361639977 2.0332706719636917 0.0 2.0 0.0 5623800.557798378 1172662.9394133878 1.32625
59455.337268285 2459455.8424891233 193.4749587625265 3.050045818090439 0.0 2.0 1.0 5627518.063078645 1173370.4980964325 1.32625
59455.33797421 2459455.8431950263 194.49145898222923 4.0665460377931595 0.0 2.0 0.0 5626888.523785867 1173231.9316776488 1.32625
59455.33868032 2459455.843901114 195.50822541117668 5.083312466740608 0.0 2.0 1.0 5628231.532622469 1173515.256888917 1.32625
59455.339386249994 2459455.8446070217 196.52473233640194 6.099819391965866 0.0 2.0 0.0 5624757.005666213 1172806.3428002193 1.32625
59455.340092355 2459455.8453131034 197.5414900481701 7.116577103734016 0.0 2.0 1.0 5627773.239940274 1173462.5089227064 1.32625
59455.340798285004 2459455.846019009 198.55799429118633 8.13308134675026 0.0 2.0 0.0 5625591.334657798 1173003.3820426466 1.32625
59455.341504395 2459455.8467250946 199.5747573673725 9.14984442293644 0.0 2.0 1.0 5628286.90497333 1173563.2070657616 1.32625
59455.34221032 2459455.847430994 200.5912522226572 10.16633927822113 0.0 2.0 0.0 5625120.291311309 1172977.4676119464 1.32625
59455.342916435 2459455.848137083 201.6080206632614 11.18310771882534 0.0 2.0 1.0 5629735.694720829 1173883.9054272352 1.32625
59455.343622355 2459455.848842975 202.6245054602623 12.199592515826225 0.0 2.0 0.0 5625351.397445724 1172954.3719993655 1.32625
59455.344328470004 2459455.8495490626 203.6412712186575 13.21635827422142 0.0 2.0 1.0 5628713.408410705 1173650.560576062 1.32625
59455.345034394995 2459455.8502549585 204.6577613800764 14.232848435640335 0.0 2.0 0.0 5625696.523179478 1173034.8774590702 1.32625
59455.345740505 2459455.850961039 205.6745170801878 15.249604135751724 0.0 2.0 1.0 5628600.149431025 1173633.7238351025 1.32625
59455.346446434996 2459455.8516669376 206.69101126492023 16.26609832048416 0.0 2.0 0.0 5626363.112174144 1173139.678854605 1.32625
59455.347152539995 2459455.852373011 207.70775690674782 17.282843962311745 0.0 2.0 1.0 5628147.6813940555 1173542.0929621097 1.32625
59455.347858470006 2459455.853078908 208.72424840927124 18.299335464835167 0.0 2.0 0.0 5626337.194873481 1173152.2126170963 1.32625
59455.34856458 2459455.8537849844 209.7409987449646 19.316085800528526 0.0 2.0 1.0 5626102.035250071 1173122.5638931382 1.32625
59455.349270505 2459455.8544908743 210.75748018920422 20.332567244768143 0.0 2.0 0.0 5625654.966531172 1173015.9896536104 1.32625
59455.34997662 2459455.8551969533 211.77423387765884 21.34932093322277 0.0 2.0 1.0 5626460.453958704 1173183.4498649086 1.32625
59455.350682539996 2459455.855902836 212.79070526361465 22.36579231917858 0.0 2.0 0.0 5623319.575848678 1172554.4928215097 1.32625
59455.351388655 2459455.8566089137 213.80745694041252 23.382543995976448 0.0 2.0 1.0 5627588.228630897 1173418.039924579 1.32625
59455.35209458 2459455.8573147994 214.82393234968185 24.39901940524578 0.0 2.0 0.0 5625059.495617797 1172868.564528197 1.32625
59455.35280069 2459455.8580208695 215.84067329764366 25.415760353207588 0.0 2.0 1.0 5626004.41850017 1173097.3636198838 1.32625
59455.35350662 2459455.8587267585 216.85715340077877 26.432240456342697 0.0 2.0 0.0 5622486.2643826995 1172340.3054019015 1.32625
59455.35421273 2459455.8594328267 217.87389166653156 27.44897872209549 0.0 2.0 1.0 5626687.494248239 1173214.8635791175 1.32625
59455.354918655 2459455.8601387087 218.89036171138287 28.465448766946793 0.0 2.0 0.0 5624804.361972866 1172850.9209177634 1.32625
59455.355624765 2459455.8608447756 219.9070979654789 29.482185021042824 0.0 2.0 1.0 5623451.841101385 1172642.579634912 1.32625
59455.35633069 2459455.8615506557 220.92356532812119 30.498652383685112 0.0 2.0 0.0 5625177.022648868 1172924.9842927984 1.32625
59455.357036805 2459455.8622567253 221.94030560553074 31.515392661094666 0.0 2.0 1.0 5629665.542105909 1173882.543988017 1.32625
59455.35774273 2459455.8629626045 222.95677162706852 32.531858682632446 0.0 2.0 0.0 5622649.209775811 1172421.2243570685 1.32625
59455.358448839994 2459455.863668668 223.97350318729877 33.5485902428627 0.0 2.0 1.0 5626036.014024732 1173091.5047194692 1.32625
59455.359154765 2459455.8643745454 224.98996652662754 34.56505358219147 0.0 2.0 0.0 5625080.050159996 1172922.6145845277 1.32625
59455.359860875 2459455.8650806076 226.00669607520103 35.58178313076496 0.0 2.0 1.0 5624503.265625949 1172830.6050601292 1.32625
59455.360566805 2459455.865786489 227.02316544950008 36.59825250506401 0.0 2.0 0.0 5622167.450520714 1172296.7240889657 1.32625
59455.361272915005 2459455.8664925494 228.03989231586456 37.61497937142849 0.0 2.0 1.0 5627620.8248049505 1173401.6558586622 1.32625
59455.361978839996 2459455.8671984253 229.05635364353657 38.631440699100494 0.0 2.0 0.0 5619701.67324197 1171783.8417947206 1.32625
59455.36268495 2459455.8679044857 230.07308050990105 39.64816756546497 0.0 2.0 1.0 5626277.378696722 1173145.922935783 1.32625
59455.363390875 2459455.8686103607 231.08954049646854 40.66462755203247 0.0 2.0 0.0 5625011.2685302 1172878.0480169577 1.32625
59455.36409699 2459455.869316425 232.1062733978033 41.68136045336723 0.0 2.0 1.0 5626962.476092456 1173280.4449307816 1.32625
59455.40133069 2459455.9065482863 285.7201534509659 0.0 0.0 3.0 0.0 5608544.485195468 1169561.3080278772 1.32625
59455.402036805 2459455.9072543806 286.7369292676449 1.0167758166790009 0.0 3.0 1.0 5611442.766308612 1170112.6817516596 1.32625
59455.40274273 2459455.9079602845 287.7534308284521 2.033277377486229 0.0 3.0 0.0 5611434.5566264335 1170148.8148443503 1.32625
59455.40344884 2459455.9086663737 288.7701992690563 3.050045818090439 0.0 3.0 1.0 5613377.489324092 1170586.2649203886 1.32625
59455.404154765 2459455.9093722766 289.78669948875904 4.0665460377931595 0.0 3.0 0.0 5612531.640124343 1170337.5613442892 1.32625
59455.404860875 2459455.9100783644 290.8034659177065 5.083312466740608 0.0 3.0 1.0 5612067.422997143 1170282.74503451 1.32625
59455.405566805 2459455.9107842715 291.8199721723795 6.099818721413612 0.0 3.0 0.0 5612318.733250684 1170355.8191747465 1.32625
59455.406272915 2459455.9114903584 292.83673726022243 7.116583809256554 0.0 3.0 1.0 5611907.615898607 1170251.7920402568 1.32625
59455.406978839994 2459455.912196259 293.8532341271639 8.133080676198006 0.0 3.0 0.0 5613092.701791787 1170438.8221461254 1.32625
59455.40768495 2459455.9129023445 294.86999720335007 9.149843752384186 0.0 3.0 1.0 5612915.821233701 1170432.4998089143 1.32625
59455.408390875 2459455.9136082437 295.88649205863476 10.166338607668877 0.0 3.0 0.0 5613176.114291263 1170486.4671713193 1.32625
59455.40909699 2459455.914314332 296.90325915813446 11.183105707168579 0.0 3.0 1.0 5611666.4966694955 1170221.788574615 1.32625
59455.409802915005 2459455.91502023 297.91975267231464 12.199599221348763 0.0 3.0 0.0 5615273.858027543 1170957.6993497687 1.32625
59455.410509025 2459455.915726312 298.9365103840828 13.216356933116913 0.0 3.0 1.0 5612154.351118793 1170258.3922542292 1.32625
59455.41121495 2459455.916432208 299.9530005455017 14.232847094535828 0.0 3.0 0.0 5613516.057660935 1170560.8244707065 1.32625
59455.411921060004 2459455.917138288 300.96975557506084 15.249602124094963 0.0 3.0 1.0 5613109.181655786 1170518.0891138166 1.32625
59455.41262699 2459455.917844187 301.98625043034554 16.266096979379654 0.0 3.0 0.0 5611941.747651229 1170219.340008501 1.32625
59455.4133331 2459455.9185502646 303.0030021071434 17.28284865617752 0.0 3.0 1.0 5611984.19381548 1170232.1898635786 1.32625
59455.414039024996 2459455.9192561572 304.01948757469654 18.29933412373066 0.0 3.0 0.0 5611402.399015383 1170148.9253512267 1.32625
59455.414745140006 2459455.919962238 305.0362439453602 19.316090494394302 0.0 3.0 1.0 5608916.197284025 1169638.074686584 1.32625
59455.415451060006 2459455.920668123 306.052718013525 20.332564562559128 0.0 3.0 0.0 5609017.663331328 1169613.7983480813 1.32625
59455.416157175 2459455.921374202 307.06947170197964 21.349318251013756 0.0 3.0 1.0 5605787.469367656 1168999.086435142 1.32625
59455.4168631 2459455.9220800903 308.0859511345625 22.36579768359661 0.0 3.0 0.0 5604295.801750406 1168687.9516109067 1.32625
59455.417569209996 2459455.922786162 309.10269409418106 23.38254064321518 0.0 3.0 1.0 5601497.744258835 1168155.459233773 1.32625
59455.41827514 2459455.923492053 310.11917755007744 24.399024099111557 0.0 3.0 0.0 5601719.699222125 1168168.1266657934 1.32625
59455.418981245 2459455.9241981176 311.1359104514122 25.41575700044632 0.0 3.0 1.0 5599555.422436926 1167701.7046149126 1.32625
59455.419687175 2459455.924904007 312.15239122509956 26.432237774133682 0.0 3.0 0.0 5601420.307793068 1168028.0458821738 1.32625
59455.420393285 2459455.925610075 313.1691288203001 27.44897536933422 0.0 3.0 1.0 5601644.183654134 1168175.4215571592 1.32625
59455.42109921 2459455.926315957 314.18559953570366 28.465446084737778 0.0 3.0 0.0 5600303.725385746 1167812.9963185468 1.32625
59455.421805325 2459455.9270220282 315.20234182477 29.482188373804092 0.0 3.0 1.0 5598589.87007606 1167571.3394832078 1.32625
59455.422511245 2459455.927727904 316.218803152442 30.498649701476097 0.0 3.0 0.0 5599946.91434614 1167759.5476557007 1.32625
59455.42321736 2459455.9284339733 317.2355427592993 31.515389308333397 0.0 3.0 1.0 5598693.65954738 1167554.1004622192 1.32625
59455.423923285 2459455.9291398525 318.25200878083706 32.53185532987118 0.0 3.0 0.0 5601456.42040918 1168100.1309073209 1.32625
59455.424629395 2459455.9298459156 319.26873967051506 33.54858621954918 0.0 3.0 1.0 5597560.146520439 1167316.42461897 1.32625
59455.425335325 2459455.930551798 320.2852103859186 34.565056934952736 0.0 3.0 0.0 5600267.413410583 1167817.2014517037 1.32625
59455.42604143 2459455.931257855 321.3019325584173 35.58177910745144 0.0 3.0 1.0 5600260.766735615 1167798.6616884752 1.32625
59455.426747360005 2459455.931963736 322.3184012621641 36.598247811198235 0.0 3.0 0.0 5599659.480022701 1167752.3605883927 1.32625
59455.42745347 2459455.9326697974 323.3351294696331 37.61497601866722 0.0 3.0 1.0 5594834.097832637 1166744.1825492976 1.32625
59455.428159395 2459455.9333756734 324.3515907973051 38.631437346339226 0.0 3.0 0.0 5596845.3259671815 1167143.6028950838 1.32625
59455.428865509995 2459455.9340817383 325.3683243691921 39.64817091822624 0.0 3.0 1.0 5596129.704444244 1166991.0121496383 1.32625
59455.429571429995 2459455.934787608 326.38477697968483 40.66462352871895 0.0 3.0 0.0 5593935.389261934 1166525.8976529904 1.32625
59455.430277545 2459455.9354936727 327.4015098810196 41.68135643005371 0.0 3.0 1.0 5597770.213283982 1167366.1931886915 1.32625
59455.467488099996 2459455.9727023863 380.98205745220184 0.0 0.0 4.0 0.0 5580949.769698935 1163899.9758798108 1.32625
59455.46819421 2459455.9734084755 381.99882589280605 1.01676844060421 0.0 4.0 1.0 5581776.341984654 1164133.7057838652 1.32625
59455.468900135 2459455.9741143794 383.0153274536133 2.033270001411438 0.0 4.0 0.0 5584670.55915496 1164648.0980680261 1.32625
59455.46960625 2459455.974820473 384.03210259974 3.050045147538185 0.0 4.0 1.0 5583463.850607034 1164453.1238500844 1.32625
59455.47031217 2459455.9755263715 385.0485961139202 4.0665386617183685 0.0 4.0 0.0 5586283.4505049735 1165032.1030153702 1.32625
59455.471018284996 2459455.976232464 386.0653692483902 5.0833117961883545 0.0 4.0 1.0 5583604.915497473 1164444.9651720903 1.32625
59455.47172421 2459455.976938366 387.0818681269884 6.099810674786568 0.0 4.0 0.0 5585157.857965903 1164781.3748185232 1.32625
59455.472430320006 2459455.9776444524 388.0986325442791 7.116575092077255 0.0 4.0 1.0 5584737.307365342 1164654.595121074 1.32625
59455.47313625 2459455.9783503585 389.1151374578476 8.133080005645752 0.0 4.0 0.0 5587943.061605523 1165361.9652877182 1.32625
59455.473842355 2459455.9790564384 390.13189248740673 9.149835035204887 0.0 4.0 1.0 5584397.074208209 1164587.4510058817 1.32625
59455.474548285 2459455.9797623428 391.1483947187662 10.16633726656437 0.0 4.0 0.0 5588023.738638076 1165349.821715311 1.32625
59455.475254395 2459455.9804684264 392.1651551127434 11.183097660541534 0.0 4.0 1.0 5587399.82225722 1165252.1880382928 1.32625
59455.47596032 2459455.981174324 393.1816479563713 12.199590504169464 0.0 4.0 0.0 5587522.741643414 1165298.4727252387 1.32625
59455.476666435 2459455.981880411 394.19841304421425 13.216355592012405 0.0 4.0 1.0 5585744.236219851 1164897.2887401746 1.32625
59455.477372355 2459455.982586302 395.2148958295584 14.23283837735653 0.0 4.0 0.0 5587383.262479586 1165268.2411045306 1.32625
59455.47807847 2459455.983292387 396.2316582351923 15.249600782990456 0.0 4.0 1.0 5587312.7721710885 1165211.4674728587 1.32625
59455.478784395 2459455.9839982805 397.24814504384995 16.266087591648102 0.0 4.0 0.0 5587978.52461238 1165329.0568067485 1.32625
59455.479490505 2459455.984704359 398.2648980617523 17.282840609550476 0.0 4.0 1.0 5584680.667969262 1164697.35029613 1.32625
59455.480196435004 2459455.985410256 399.28138956427574 18.2993321120739 0.0 4.0 0.0 5586618.335448298 1165068.9794219965 1.32625
59455.48090254 2459455.986116327 400.29813185334206 19.316074401140213 0.0 4.0 1.0 5582675.151131446 1164280.842888915 1.32625
59455.48160847 2459455.986822222 401.31462067365646 20.33256322145462 0.0 4.0 0.0 5585965.815907651 1164957.2575984714 1.32625
59455.482314580004 2459455.9875282957 402.3313669860363 21.349309533834457 0.0 4.0 1.0 5586437.094210774 1165033.7835786764 1.32625
59455.483020505 2459455.9882341833 403.34784507751465 22.365787625312805 0.0 4.0 0.0 5589247.357233075 1165631.109039241 1.32625
59455.483726620005 2459455.988940261 404.3645967543125 23.382539302110672 0.0 4.0 1.0 5585735.851529778 1164925.330075357 1.32625
59455.484432540004 2459455.9896461414 405.38106478750706 24.399007335305214 0.0 4.0 0.0 5588637.822856166 1165458.3791902373 1.32625
59455.485138655 2459455.9903522166 406.39781311154366 25.415755659341812 0.0 4.0 1.0 5585284.493282394 1164772.8061548271 1.32625
59455.48584458 2459455.9910581005 407.414285838604 26.43222838640213 0.0 4.0 0.0 5586348.869896581 1165055.0655128048 1.32625
59455.486550689995 2459455.9917641687 408.43102410435677 27.448966652154922 0.0 4.0 1.0 5583405.368948559 1164393.7058037058 1.32625
59455.48725662 2459455.9924700554 409.4475008547306 28.465443402528763 0.0 4.0 0.0 5587360.076316796 1165260.9653109962 1.32625
59455.48796273 2459455.993176122 410.46423710882664 29.482179656624794 0.0 4.0 1.0 5583846.134467858 1164512.6633228974 1.32625
59455.488668655 2459455.9938820023 411.4807044714689 30.498647019267082 0.0 4.0 0.0 5587380.572451953 1165286.225298609 1.32625
59455.489374765 2459455.994588067 412.4974373728037 31.515379920601845 0.0 4.0 1.0 5582957.102523763 1164291.2198583349 1.32625
59455.49008069 2459455.9952939455 413.5139027237892 32.53184527158737 0.0 4.0 0.0 5585630.609029765 1164863.5512633172 1.32625
59455.490786805 2459455.996000014 414.530640989542 33.548583537340164 0.0 4.0 1.0 5583432.783127254 1164445.4940218315 1.32625
59455.49149273 2459455.9967058916 415.547104999423 34.565047547221184 0.0 4.0 0.0 5586670.888240539 1165107.142252748 1.32625
59455.49219884 2459455.9974119533 416.56383387744427 35.581776425242424 0.0 4.0 1.0 5582753.009834634 1164303.985226597 1.32625
59455.492904765 2459455.9981178297 417.5802958756685 36.59823842346668 0.0 4.0 0.0 5584749.377363094 1164677.3692986362 1.32625
59455.493610875 2459455.998823891 418.5970240831375 37.61496663093567 0.0 4.0 1.0 5583366.616859278 1164444.0361382994 1.32625
59455.494316805 2459455.9995297715 419.61349211633205 38.63143466413021 0.0 4.0 0.0 5586941.732757228 1165168.2895461004 1.32625
59455.495022915 2459456.0002358314 420.6302183121443 39.648160859942436 0.0 4.0 1.0 5580920.519536679 1163933.5741340758 1.32625
59455.495728840004 2459456.0009417064 421.6466782987118 40.66462084650993 0.0 4.0 0.0 5585538.619249809 1164872.5836649558 1.32625
59455.49643495 2459456.0016477657 422.66340382397175 41.681346371769905 0.0 4.0 1.0 5581722.23485385 1164054.0659573737 1.32625
59455.533657175 2459456.038868145 476.26075007021427 0.0 0.0 5.0 0.0 5575759.2398153255 1162772.488482968 1.32625
59455.534363285 2459456.0395742343 477.2775185108185 1.01676844060421 0.0 5.0 1.0 5581585.7056223 1163972.9365452721 1.32625
59455.535069210004 2459456.040280138 478.2940200716257 2.033270001411438 0.0 5.0 0.0 5579112.052011609 1163436.016189594 1.32625
59455.535775325 2459456.040986231 479.31079387664795 3.0500438064336777 0.0 5.0 1.0 5582326.62081479 1164149.0521850153 1.32625
59455.536481245 2459456.0416921293 480.32728739082813 4.066537320613861 0.0 5.0 0.0 5578759.387492744 1163387.3679202455 1.32625
59455.537187359994 2459456.0423982223 481.3440611958504 5.083311125636101 0.0 5.0 1.0 5582973.814435497 1164273.5681553464 1.32625
59455.537893285 2459456.0431041243 482.3605600744486 6.099810004234314 0.0 5.0 0.0 5581653.984789865 1163998.9559126094 1.32625
59455.538599395004 2459456.0438102107 483.3773244917393 7.1165744215250015 0.0 5.0 1.0 5581670.904871391 1164044.079004608 1.32625
59455.539305325 2459456.0445161164 484.3938287347555 8.133078664541245 0.0 5.0 0.0 5582066.06023758 1164032.814661774 1.32625
59455.54001143 2459456.0452221963 485.41058376431465 9.14983369410038 0.0 5.0 1.0 5581500.920759635 1163977.3923349984 1.32625
59455.540717359996 2459456.0459281006 486.42708599567413 10.166335925459862 0.0 5.0 0.0 5579920.621547501 1163682.943619517 1.32625
59455.54142347 2459456.0466341837 487.44384571909904 11.183095648884773 0.0 5.0 1.0 5582733.710660016 1164259.4660468884 1.32625
59455.542129395 2459456.0473400815 488.460338562727 12.199588492512703 0.0 5.0 0.0 5582029.18088702 1164068.7395965464 1.32625
59455.54283551 2459456.0480461684 489.4771036505699 13.216353580355644 0.0 5.0 1.0 5582705.910793169 1164225.025275648 1.32625
59455.54354143 2459456.048752059 490.49358643591404 14.232836365699768 0.0 5.0 0.0 5583443.021469806 1164356.1387619046 1.32625
59455.544247544996 2459456.0494581438 491.5103481709957 15.24959810078144 0.0 5.0 1.0 5584123.761960594 1164564.3495581842 1.32625
59455.54495347 2459456.050164038 492.5268356502056 16.26608557999134 0.0 5.0 0.0 5582831.467630849 1164206.8396398812 1.32625
59455.545659580006 2459456.050870116 493.54358799755573 17.28283792734146 0.0 5.0 1.0 5582844.785102935 1164242.6325649994 1.32625
59455.54636551 2459456.051576013 494.5600801706314 18.299330100417137 0.0 5.0 0.0 5581556.093378493 1163953.9862056673 1.32625
59455.547071615 2459456.052282084 495.57682178914547 19.316071718931198 0.0 5.0 1.0 5586644.013503145 1165077.4241171866 1.32625
59455.547777545 2459456.052987979 496.5933106094599 20.332560539245605 0.0 5.0 0.0 5583917.031131343 1164425.5542202343 1.32625
59455.548483655 2459456.053694052 497.61005625128746 21.34930618107319 0.0 5.0 1.0 5583324.824454467 1164338.7183187592 1.32625
59455.54918958 2459456.0543999407 498.6265356838703 22.365785613656044 0.0 5.0 0.0 5581982.061451387 1164057.3209244108 1.32625
59455.549895695 2459456.0551060173 499.6432860195637 23.382535949349403 0.0 5.0 1.0 5583085.839390707 1164297.8075383112 1.32625
59455.550601615 2459456.0558118983 500.65975472331047 24.3990046530962 0.0 5.0 0.0 5581436.079845613 1163913.1941155 1.32625
59455.55130773 2459456.056517973 501.6765023767948 25.415752306580544 0.0 5.0 1.0 5586736.14476633 1165061.9279198237 1.32625
59455.552013655004 2459456.057223857 502.69297510385513 26.43222503364086 0.0 5.0 0.0 5585297.761803085 1164753.4319962743 1.32625
59455.552719765 2459456.0579299247 503.7097126990557 27.4489626288414 0.0 5.0 1.0 5587187.810824258 1165171.4494837658 1.32625
59455.553425695 2459456.058635812 504.72619011998177 28.465440049767494 0.0 5.0 0.0 5585396.436069706 1164765.521913887 1.32625
59455.5541318 2459456.059341873 505.74291832745075 29.48216825723648 0.0 5.0 1.0 5589332.797278163 1165607.6099402623 1.32625
59455.55483773 2459456.0600477583 506.75939306616783 30.49864299595356 0.0 5.0 0.0 5589271.986973168 1165564.7925442485 1.32625
59455.55554384 2459456.0607538233 507.77612663805485 31.515376567840576 0.0 5.0 1.0 5592208.519478039 1166157.2251043299 1.32625
59455.556249764995 2459456.0614597024 508.79259265959263 32.53184258937836 0.0 5.0 0.0 5591388.917972548 1166001.9919452856 1.32625
59455.556955880005 2459456.06216577 509.80933025479317 33.548580184578896 0.0 5.0 1.0 5594126.4063869305 1166568.615153318 1.32625
59455.557661800005 2459456.062871643 510.8257868885994 34.565036818385124 0.0 5.0 0.0 5590406.579198013 1165770.7400582735 1.32625
59455.558367915 2459456.0635777097 511.8425231426954 35.581773072481155 0.0 5.0 1.0 5590644.708498924 1165830.9106122558 1.32625
59455.55907384 2459456.0642835856 512.8589844703674 36.59823440015316 0.0 5.0 0.0 5590955.949464895 1165868.061604865 1.32625
59455.559779949996 2459456.064989647 513.8757126778364 37.61496260762215 0.0 5.0 1.0 5592151.683190213 1166185.259728716 1.32625
59455.56048588 2459456.0656955275 514.892180711031 38.63143064081669 0.0 5.0 0.0 5590980.490386362 1165919.0280447225 1.32625
59455.561191985 2459456.0664015827 515.9089002013206 39.64815013110638 0.0 5.0 1.0 5592713.480698138 1166248.290266897 1.32625
59455.561897915 2459456.0671074623 516.9253668934107 40.66461682319641 0.0 5.0 0.0 5591315.954693331 1165958.522050261 1.32625
59455.562604025 2459456.067813522 517.9420930892229 41.68134301900864 0.0 5.0 1.0 5592019.784266353 1166187.2381224679 1.32625
59455.600555325 2459456.1057629506 572.5892700254917 0.0 0.0 6.0 0.0 5578742.926928834 1163424.466236151 1.32625
59455.60126143 2459456.106469034 573.6060304194689 1.0167603939771652 0.0 6.0 1.0 5575293.924176272 1162734.8403478665 1.32625
59455.601967359995 2459456.1071749427 574.6225386857986 2.0332686603069305 0.0 6.0 0.0 5580991.439198008 1163911.1917937 1.32625
59455.60267347 2459456.107881031 575.6393057852983 3.050035759806633 0.0 6.0 1.0 5577953.160079631 1163272.7008034685 1.32625
59455.603379395005 2459456.108586933 576.6558046638966 4.066534638404846 0.0 6.0 0.0 5580842.632889625 1163841.2465921035 1.32625
59455.60408551 2459456.1092930255 577.6725777983665 5.083307772874832 0.0 6.0 1.0 5577309.093432649 1163098.8973998027 1.32625
59455.60479143 2459456.1099989214 578.6890679597855 6.099797934293747 0.0 6.0 0.0 5582193.932287166 1164160.3163804964 1.32625
59455.605497545 2459456.110705012 579.7058384120464 7.116568386554718 0.0 6.0 1.0 5579367.085835519 1163553.8757533329 1.32625
59455.60620347 2459456.111410912 580.7223346084356 8.133064582943916 0.0 6.0 0.0 5582046.758882608 1164170.799925723 1.32625
59455.606909580005 2459456.112116996 581.739095672965 9.149825647473335 0.0 6.0 1.0 5579546.7079178495 1163570.6153500937 1.32625
59455.60761551 2459456.1128228996 582.75559656322 10.16632653772831 0.0 6.0 0.0 5583227.985758843 1164423.2609588436 1.32625
59455.608321615 2459456.113528977 583.7723482400179 11.183078214526176 0.0 6.0 1.0 5579696.41133426 1163591.1460967131 1.32625
59455.609027545 2459456.1142348787 584.7888464480639 12.199576422572136 0.0 6.0 0.0 5582477.110059158 1164226.709347534 1.32625
59455.60973347 2459456.114940774 585.8053359389305 13.216065913438797 0.0 6.0 1.0 5576084.814449949 1162844.699316334 1.32625
59455.61043958 2459456.115646854 586.8220909684896 14.232820942997932 0.0 6.0 0.0 5582651.748104236 1164246.310029303 1.32625
59455.611145695 2459456.116352938 587.8388520330191 15.249582007527351 0.0 6.0 1.0 5578129.210488783 1163302.584797009 1.32625
59455.611851615 2459456.1170588257 588.8553301244974 16.2660600990057 0.0 6.0 0.0 5580869.028054709 1163856.0592058555 1.32625
59455.612557545 2459456.1177647226 589.8718216270208 17.28255160152912 0.0 6.0 1.0 5577237.501339114 1163131.2502333985 1.32625
59455.613263655 2459456.1184707982 590.8885706216097 18.299300596117973 0.0 6.0 0.0 5580274.220602756 1163763.3035863405 1.32625
59455.613969765 2459456.1191768735 591.9053189456463 19.31604892015457 0.0 6.0 1.0 5578091.370873391 1163315.0930276164 1.32625
59455.614675695004 2459456.119882767 592.9218057543039 20.332535728812218 0.0 6.0 0.0 5580027.17508251 1163727.4039546011 1.32625
59455.6153818 2459456.120588835 593.9385433495045 21.349273324012756 0.0 6.0 1.0 5578828.023075121 1163427.4711888318 1.32625
59455.61608773 2459456.1212947266 594.9550274759531 22.365757450461388 0.0 6.0 0.0 5582366.328215041 1164191.0003438715 1.32625
59455.61679384 2459456.1220007977 595.9717697650194 23.382499739527702 0.0 6.0 1.0 5576198.948314181 1162867.970600907 1.32625
59455.617499765 2459456.1227066824 596.9882438331842 24.398973807692528 0.0 6.0 0.0 5584069.7067094855 1164572.073700437 1.32625
59455.618205880004 2459456.123412756 598.0049894750118 25.41571944952011 0.0 6.0 1.0 5577719.603734256 1163214.658629739 1.32625
59455.618911800004 2459456.124118634 599.0214541554451 26.432184129953384 0.0 6.0 0.0 5582301.182903584 1164206.9320358287 1.32625
59455.619617915 2459456.124824706 600.0381977856159 27.448927760124207 0.0 6.0 1.0 5576335.646178431 1162864.7419697957 1.32625
59455.62032384 2459456.125530587 601.0546664893627 28.465396463871002 0.0 6.0 0.0 5581137.335108034 1163961.4165758332 1.32625
59455.621029949994 2459456.1262366525 602.071400731802 29.482130706310272 0.0 6.0 1.0 5574671.2808917705 1162591.8147512437 1.32625
59455.621735880006 2459456.1269425373 603.0878747999668 30.498604774475098 0.0 6.0 0.0 5579319.664586018 1163561.8761186611 1.32625
59455.622441985004 2459456.127648596 604.1045996546745 31.515329629182816 0.0 6.0 1.0 5574532.64808355 1162562.8689769069 1.32625
59455.623147915 2459456.128354479 605.1210710406303 32.531801015138626 0.0 6.0 0.0 5578826.336817475 1163510.4565518622 1.32625
59455.62385384 2459456.1290603564 606.1375343799591 33.54826435446739 0.0 6.0 1.0 5575227.379516959 1162693.6692377625 1.32625
59455.624559949996 2459456.129766418 607.1542632579803 34.56499323248863 0.0 6.0 0.0 5579315.022988291 1163549.5180041536 1.32625
59455.625266065 2459456.1304724845 608.1709988415241 35.58172881603241 0.0 6.0 1.0 5576420.411386689 1162886.6960595814 1.32625
59455.625971985 2459456.1311783553 609.1874527931213 36.59818276762962 0.0 6.0 0.0 5580261.209705164 1163750.8301779646 1.32625
59455.626677915 2459456.131884236 610.2039208263159 37.614650800824165 0.0 6.0 1.0 5575764.014002942 1162800.2185801757 1.32625
59455.627384025 2459456.132590296 611.2206476926804 38.631377667188644 0.0 6.0 0.0 5579354.399499699 1163600.54150008 1.32625
59455.628090135 2459456.1332963556 612.2373732179403 39.648103192448616 0.0 6.0 1.0 5576265.041494433 1162940.615228344 1.32625
59455.670902540005 2459456.176106704 673.8842748105526 0.0 0.0 7.0 0.0 5568983.844688669 1161428.4477718605 1.32625
59455.671608655 2459456.1768127945 674.9010452628136 1.016770452260971 0.0 7.0 1.0 5576279.789471904 1162852.3265236705 1.32625
59455.67231458 2459456.1775186947 675.9175414592028 2.0332666486501694 0.0 7.0 0.0 5573161.178678558 1162237.9728273405 1.32625
59455.673020505 2459456.1782245934 676.9340356439352 3.0497608333826065 0.0 7.0 1.0 5578266.761677617 1163308.4017421228 1.32625
59455.67372662 2459456.178930682 677.9508034139872 4.066528603434563 0.0 7.0 0.0 5574743.6055343095 1162537.1061086755 1.32625
59455.67443273 2459456.1796367643 678.9675617963076 5.083286985754967 0.0 7.0 1.0 5579133.987988582 1163446.1168697188 1.32625
59455.675138655 2459456.180342661 679.984053298831 6.099778488278389 0.0 7.0 0.0 5573642.591234288 1162311.3730296066 1.32625
59455.675844765 2459456.1810487416 681.0008089989424 7.116534188389778 0.0 7.0 1.0 5579075.3428740855 1163441.7639319578 1.32625
59455.67655069 2459456.1817546366 682.0172978192568 8.133023008704185 0.0 7.0 0.0 5574583.230458698 1162511.4257164334 1.32625
59455.677256805 2459456.18246072 683.034058213234 9.14978340268135 0.0 7.0 1.0 5575780.244221395 1162757.015205775 1.32625
59455.67796273 2459456.1831666133 684.0505443513393 10.166269540786743 0.0 7.0 0.0 5574180.921275327 1162390.5583293147 1.32625
59455.678668655004 2459456.183872505 685.067028477788 11.182753667235374 0.0 7.0 1.0 5578640.281672823 1163381.7947247883 1.32625
59455.679374765 2459456.1845785812 686.0837781429291 12.19950333237648 0.0 7.0 0.0 5575517.460568188 1162718.314109701 1.32625
59455.680080875 2459456.1852846555 687.1005251258612 13.21625031530857 0.0 7.0 1.0 5578076.4299995955 1163228.7433665583 1.32625
59455.680786805 2459456.18599055 688.1170132756233 14.232738465070724 0.0 7.0 0.0 5576200.535030388 1162897.1940339308 1.32625
59455.681492915 2459456.1866966225 689.1337575763464 15.2494827657938 0.0 7.0 1.0 5578136.594851481 1163256.8228083064 1.32625
59455.682198840004 2459456.1874025096 690.1502349972725 16.265960186719894 0.0 7.0 0.0 5575053.477724439 1162599.1191736525 1.32625
59455.68290495 2459456.1881085797 691.1669759452343 17.2827011346817 0.0 7.0 1.0 5578971.113835648 1163397.2809207882 1.32625
59455.683610875 2459456.188814465 692.1834506839514 18.29917587339878 0.0 7.0 0.0 5574508.428877208 1162490.437485892 1.32625
59455.684316804996 2459456.189520354 693.1999307870865 19.31565597653389 0.0 7.0 1.0 5579949.317470416 1163609.1768727954 1.32625
59455.685022915 2459456.1902264217 694.216668382287 20.33239357173443 0.0 7.0 0.0 5577059.707187374 1163038.844661913 1.32625
59455.685729025005 2459456.1909324885 695.233404636383 21.34912982583046 0.0 7.0 1.0 5579460.287627439 1163552.8414834794 1.32625
59455.68643495 2459456.19163837 696.2498740106821 22.36559920012951 0.0 7.0 0.0 5575713.472069534 1162786.05791396 1.32625
59455.687140875 2459456.19234425 697.2663413733244 23.382066562771797 0.0 7.0 1.0 5576820.936973111 1162985.6501124285 1.32625
59455.68784699 2459456.19305032 698.283081650734 24.39880684018135 0.0 7.0 0.0 5576438.53174505 1162856.1914328318 1.32625
59455.6885531 2459456.193756384 699.2998138815165 25.41553907096386 0.0 7.0 1.0 5577188.308340008 1163084.6763015639 1.32625
59455.689259025 2459456.1944622616 700.3162778913975 26.43200308084488 0.0 7.0 0.0 5574022.214851187 1162393.900506639 1.32625
59455.68996495 2459456.1951681394 701.3327419012785 27.4484670907259 0.0 7.0 1.0 5577007.629954969 1163017.9368595409 1.32625
59455.69067106 2459456.1958742016 702.349471449852 28.465196639299393 0.0 7.0 0.0 5576613.762955438 1162923.6787779161 1.32625
59455.691377175 2459456.1965802675 703.3662063628435 29.481931552290916 0.0 7.0 1.0 5578207.498443156 1163227.9129043992 1.32625
59455.6920831 2459456.1972861434 704.3826676905155 30.49839287996292 0.0 7.0 0.0 5574604.04301318 1162521.0838828608 1.32625
59455.692789025 2459456.197992019 705.3991283476353 31.514853537082672 0.0 7.0 1.0 5576712.038891765 1162942.3159441086 1.32625
59455.69349514 2459456.198698084 706.4158619195223 32.53158710896969 0.0 7.0 0.0 5574632.15438849 1162504.6828043947 1.32625
59455.694201245 2459456.1994041386 707.4325807392597 33.54830592870712 0.0 7.0 1.0 5577830.435847375 1163235.2366755381 1.32625
