# %ECSV 1.0
# ---
# datatype:
# - {name: t_mjd, datatype: float64}
# - {name: t_bjd, datatype: float64}
# - {name: t_visit, datatype: float64}
# - {name: t_orbit, datatype: float64}
# - {name: ivisit, datatype: float64}
# - {name: iorbit, datatype: float64}
# - {name: scan, datatype: float64}
# - {name: spec_opt, datatype: float64}
# - {name: var_opt, datatype: float64}
# - {name: wave, datatype: float64}
# schema: astropy-2.0
t_mjd t_bjd t_visit t_orbit ivisit iorbit scan spec_opt var_opt wave
59455.203888655 2459455.7091161143 1.4178257435560226 1.4178257435560226 0.0 0.0 0.0 5464411.665910622 1144308.847313326 1.46125
59455.20459458 2459455.7098220186 2.4343279749155045 2.4343279749155045 0.0 0.0 1.0 5494860.245222584 1150620.7695812422 1.46125
59455.205300689995 2459455.7105281074 3.4510957449674606 3.4510957449674606 0.0 0.0 0.0 5500450.373633152 1151741.4858098982 1.46125
59455.20600662 2459455.7112340154 4.467603340744972 4.467603340744972 0.0 0.0 1.0 5514207.441539173 1154647.3000554363 1.46125
59455.20671273 2459455.7119401037 5.484370440244675 5.484370440244675 0.0 0.0 0.0 5516631.769964838 1155046.8470349424 1.46125
59455.207418655 2459455.712646005 6.500868648290634 6.500868648290634 0.0 0.0 1.0 5524834.203179425 1156837.8398927813 1.46125
59455.208124765 2459455.713352092 7.517633736133575 7.517633736133575 0.0 0.0 0.0 5522020.981135075 1156194.9173432307 1.46125
59455.20883069 2459455.7140579927 8.534130603075027 8.534130603075027 0.0 0.0 1.0 5527138.420189673 1157338.9171439444 1.46125
59455.209536805 2459455.7147640823 9.550899714231491 9.550899714231491 0.0 0.0 0.0 5525428.9033367345 1156836.5659590024 1.46125
59455.21024273 2459455.715469982 10.567395240068436 10.567395240068436 0.0 0.0 1.0 5529517.517182332 1157823.4775973132 1.46125
59455.21094884 2459455.716176065 11.584154963493347 11.584154963493347 0.0 0.0 0.0 5530687.857990254 1157959.5792420993 1.46125
59455.211654765 2459455.716881963 12.600647807121277 12.600647807121277 0.0 0.0 1.0 5531659.67988988 1158314.6840516252 1.46125
59455.212360875 2459455.7175880447 13.617405518889427 13.617405518889427 0.0 0.0 0.0 5532185.687517321 1158286.7578653838 1.46125
59455.213066805 2459455.7182939453 14.63390238583088 14.63390238583088 0.0 0.0 1.0 5533794.212984026 1158673.1515467968 1.46125
59455.213772915 2459455.7190000247 15.650656744837761 15.650656744837761 0.0 0.0 0.0 5531858.510498214 1158196.6669528114 1.46125
59455.214478840004 2459455.719705919 16.66714422404766 16.66714422404766 0.0 0.0 1.0 5533872.39294846 1158686.305376092 1.46125
59455.21518495 2459455.7204119964 17.683895900845528 17.683895900845528 0.0 0.0 0.0 5531946.906671525 1158195.5600018227 1.46125
59455.215890875 2459455.721117888 18.70038002729416 18.70038002729416 0.0 0.0 1.0 5534846.113310062 1158905.424399593 1.46125
59455.216596989994 2459455.721823969 19.717136397957802 19.717136397957802 0.0 0.0 0.0 5533693.128764504 1158577.27319391 1.46125
59455.217302915 2459455.722529859 20.733617842197418 20.733617842197418 0.0 0.0 1.0 5532803.768007637 1158498.8894581317 1.46125
59455.218009025004 2459455.723235932 21.750363484025 21.750363484025 0.0 0.0 0.0 5532403.155481626 1158309.012370236 1.46125
59455.21871495 2459455.7239418197 22.76684157550335 22.76684157550335 0.0 0.0 1.0 5535309.510386802 1159003.9895340868 1.46125
59455.21942106 2459455.7246478912 23.783584535121918 23.783584535121918 0.0 0.0 0.0 5533312.14609807 1158477.831558984 1.46125
59455.220126989996 2459455.725353782 24.80006732046604 24.80006732046604 0.0 0.0 1.0 5535220.884159703 1158940.8509867943 1.46125
59455.2208331 2459455.7260598517 25.816807597875595 25.816807597875595 0.0 0.0 0.0 5532782.08514779 1158398.35517623 1.46125
59455.221539025 2459455.7267657355 26.833280324935913 26.833280324935913 0.0 0.0 1.0 5533352.142688742 1158595.1550325379 1.46125
59455.22224514 2459455.727471808 27.85002462565899 27.85002462565899 0.0 0.0 0.0 5533138.541788602 1158434.6632716828 1.46125
59455.22295106 2459455.728177685 28.8664872944355 28.8664872944355 0.0 0.0 1.0 5534456.810418906 1158833.4886378255 1.46125
59455.223657174996 2459455.728883756 29.883229583501816 29.883229583501816 0.0 0.0 0.0 5530687.756026914 1157939.9214993163 1.46125
59455.2243631 2459455.729589636 30.899696946144104 30.899696946144104 0.0 0.0 1.0 5532264.567525281 1158412.3540612096 1.46125
59455.225069210006 2459455.7302957005 31.916429847478867 31.916429847478867 0.0 0.0 0.0 5530758.327798069 1157986.4893049141 1.46125
59455.22577514 2459455.731001584 32.93290190398693 32.93290190398693 0.0 0.0 1.0 5533517.623176719 1158665.776196233 1.46125
59455.226481245 2459455.731707642 33.94962541759014 33.94962541759014 0.0 0.0 0.0 5532078.416979295 1158215.8532692841 1.46125
59455.227187175 2459455.7324135243 34.9660961329937 34.9660961329937 0.0 0.0 1.0 5531611.540014001 1158208.1333266662 1.46125
59455.227893285 2459455.733119586 35.98282501101494 35.98282501101494 0.0 0.0 0.0 5530915.358527943 1158036.672884789 1.46125
59455.22859921 2459455.7338254624 36.9992870092392 36.9992870092392 0.0 0.0 1.0 5532275.86183114 1158374.842350119 1.46125
59455.229305325 2459455.7345315283 38.01602192223072 38.01602192223072 0.0 0.0 0.0 5531554.954661652 1158147.2916349613 1.46125
59455.230011245 2459455.735237399 39.032475873827934 39.032475873827934 0.0 0.0 1.0 5532960.969463489 1158499.645234102 1.46125
59455.23071736 2459455.735943464 40.04920944571495 40.04920944571495 0.0 0.0 0.0 5532543.890773511 1158351.4330578686 1.46125
59455.231423285004 2459455.7366493386 41.065668761730194 41.065668761730194 0.0 0.0 1.0 5531428.871679861 1158193.5228407513 1.46125
59455.268981245 2459455.7742054434 95.14645971357822 0.0 0.0 1.0 0.0 5516336.165296887 1154999.3255247655 1.46125
59455.269687175 2459455.774911353 96.1629693210125 1.0165096074342728 0.0 1.0 1.0 5512905.551357262 1154372.440623332 1.46125
59455.270393285 2459455.7756174426 97.17973843216896 2.0332787185907364 0.0 1.0 0.0 5518553.305976758 1155440.828193566 1.46125
59455.271099210004 2459455.776323346 98.19623932242393 3.0497796088457108 0.0 1.0 1.0 5512286.870584655 1154218.2536738368 1.46125
59455.271805325 2459455.77702944 99.21301446855068 4.066554754972458 0.0 1.0 0.0 5519479.176918962 1155661.435021091 1.46125
59455.272511245 2459455.777735338 100.22950798273087 5.083048269152641 0.0 1.0 1.0 5515542.774062082 1154932.9591331917 1.46125
59455.273217359994 2459455.77844143 101.2462804466486 6.0998207330703735 0.0 1.0 0.0 5520842.891683737 1155913.0378417058 1.46125
59455.273923285 2459455.7791473316 102.26277865469456 7.116318941116333 0.0 1.0 1.0 5517196.362786087 1155259.844543078 1.46125
59455.274629395004 2459455.779853418 103.27954307198524 8.13308335840702 0.0 1.0 0.0 5521031.847697536 1155967.3656290828 1.46125
59455.275335325 2459455.7805593233 104.29604664444923 9.14958693087101 0.0 1.0 1.0 5516197.020069109 1154940.1874724613 1.46125
59455.27604143 2459455.7812654027 105.31280100345612 10.166341289877892 0.0 1.0 0.0 5520301.500966485 1155830.1961487043 1.46125
59455.276747359996 2459455.7819713065 106.32930256426334 11.18284285068512 0.0 1.0 1.0 5514565.769656118 1154678.7518912368 1.46125
59455.27745347 2459455.7826773897 107.34606228768826 12.199602574110031 0.0 1.0 0.0 5521107.410340009 1155963.059021566 1.46125
59455.278159395 2459455.7833832866 108.36255379021168 13.216094076633453 0.0 1.0 1.0 5517466.053838583 1155381.2763656161 1.46125
59455.27886551 2459455.784089373 109.37931820750237 14.232858493924141 0.0 1.0 0.0 5521372.594810208 1156057.1569052902 1.46125
59455.27957143 2459455.784795263 110.39579965174198 15.249339938163757 0.0 1.0 1.0 5513563.7935671015 1154445.9246853336 1.46125
59455.280277544996 2459455.7855013474 111.41256138682365 16.26610167324543 0.0 1.0 0.0 5520554.645924471 1155915.1374861505 1.46125
59455.28098347 2459455.78620724 112.4290468543768 17.28258714079857 0.0 1.0 1.0 5514298.855565949 1154580.3430634916 1.46125
59455.281689580006 2459455.7869133176 113.44579853117466 18.299338817596436 0.0 1.0 0.0 5519113.154418353 1155638.9983439667 1.46125
59455.28239551 2459455.7876192136 114.46228869259357 19.31582897901535 0.0 1.0 1.0 5511891.791941081 1154138.8462622047 1.46125
59455.283101615 2459455.7883252837 115.47902964055538 20.332569926977158 0.0 1.0 0.0 5518345.959623905 1155402.0954758765 1.46125
59455.283807545 2459455.7890311778 116.49551711976528 21.349057406187057 0.0 1.0 1.0 5513955.844496225 1154526.5483095776 1.46125
59455.284513655 2459455.789737251 117.51226276159286 22.36580304801464 0.0 1.0 0.0 5521353.141691957 1156104.8089217877 1.46125
59455.28521958 2459455.790443138 118.52874018251896 23.382280468940735 0.0 1.0 1.0 5513943.336182792 1154542.335591763 1.46125
59455.285925695 2459455.7911492144 119.54548984766006 24.39903013408184 0.0 1.0 0.0 5518892.982506999 1155521.4592929275 1.46125
59455.286631615 2459455.791855094 120.5619565397501 25.415496826171875 0.0 1.0 1.0 5512412.222293969 1154299.090984811 1.46125
59455.28733773 2459455.792561169 121.57870419323444 26.43224447965622 0.0 1.0 0.0 5520448.111639933 1155931.48300599 1.46125
59455.288043655004 2459455.7932670517 122.59517557919025 27.44871586561203 0.0 1.0 1.0 5514321.607995163 1154632.622065618 1.46125
59455.288749765 2459455.793973119 123.61191250383854 28.465452790260315 0.0 1.0 0.0 5521611.959702447 1156118.226546863 1.46125
59455.289455695 2459455.794679005 124.62838858366013 29.4819288700819 0.0 1.0 1.0 5511899.590208171 1154076.9381450752 1.46125
59455.2901618 2459455.795385066 125.64511612057686 30.498656406998634 0.0 1.0 0.0 5517685.283623482 1155294.8722569288 1.46125
59455.29086773 2459455.7960909507 126.66159018874168 31.51513047516346 0.0 1.0 1.0 5513953.751513939 1154602.1639932354 1.46125
59455.29157384 2459455.796797015 127.67832241952419 32.53186270594597 0.0 1.0 0.0 5517273.084153781 1155160.630058676 1.46125
59455.292279764995 2459455.797502893 128.69478709995747 33.54832738637924 0.0 1.0 1.0 5512076.642483436 1154118.8091569163 1.46125
59455.292985880005 2459455.7982089603 129.71152402460575 34.56506431102753 0.0 1.0 0.0 5516845.676755926 1155136.0709004023 1.46125
59455.293691800005 2459455.7989148325 130.72797998785973 35.5815202742815 0.0 1.0 1.0 5511884.525910012 1154149.332507084 1.46125
59455.294397915 2459455.799620899 131.7447155714035 36.59825585782528 0.0 1.0 0.0 5516024.899848469 1154947.8829652527 1.46125
59455.29510384 2459455.8003267753 132.76117756962776 37.61471785604954 0.0 1.0 1.0 5511220.263628873 1153976.7057471487 1.46125
59455.295809949996 2459455.801032836 133.7779051065445 38.63144539296627 0.0 1.0 0.0 5517461.007159912 1155284.1089926753 1.46125
59455.29651588 2459455.801738716 134.79437246918678 39.64791275560856 0.0 1.0 1.0 5513160.688208265 1154422.4591435161 1.46125
59455.297221985 2459455.802444771 135.81109128892422 40.66463157534599 0.0 1.0 0.0 5518221.825187501 1155336.0475293782 1.46125
59455.297927915 2459455.8031506506 136.82755798101425 41.68109826743603 0.0 1.0 1.0 5509805.027476226 1153728.6519392435 1.46125
59455.335150135 2459455.840371036 190.42491294443607 0.0 0.0 2.0 0.0 5501294.417789977 1151774.635391671 1.46125
59455.33585625 2459455.8410771303 191.44168876111507 1.0167758166790009 0.0 2.0 1.0 5501246.495830374 1151900.5844654753 1.46125
59455.33656217 2459455.8417830295 192.45818361639977 2.0332706719636917 0.0 2.0 0.0 5506073.650167249 1152853.297273757 1.46125
59455.337268285 2459455.8424891233 193.4749587625265 3.050045818090439 0.0 2.0 1.0 5502957.067111781 1152185.5183973175 1.46125
59455.33797421 2459455.8431950263 194.49145898222923 4.0665460377931595 0.0 2.0 0.0 5504111.552336256 1152376.4308381754 1.46125
59455.33868032 2459455.843901114 195.50822541117668 5.083312466740608 0.0 2.0 1.0 5505231.368006112 1152664.1663534078 1.46125
59455.339386249994 2459455.8446070217 196.52473233640194 6.099819391965866 0.0 2.0 0.0 5506136.950981776 1152812.761964854 1.46125
59455.340092355 2459455.8453131034 197.5414900481701 7.116577103734016 0.0 2.0 1.0 5504098.561676833 1152472.3285989622 1.46125
59455.340798285004 2459455.846019009 198.55799429118633 8.13308134675026 0.0 2.0 0.0 5506905.333909088 1153010.9373717878 1.46125
59455.341504395 2459455.8467250946 199.5747573673725 9.14984442293644 0.0 2.0 1.0 5504529.517128426 1152551.5460809749 1.46125
59455.34221032 2459455.847430994 200.5912522226572 10.16633927822113 0.0 2.0 0.0 5505225.741074615 1152738.4774512192 1.46125
59455.342916435 2459455.848137083 201.6080206632614 11.18310771882534 0.0 2.0 1.0 5504634.5697608 1152583.5032112985 1.46125
59455.343622355 2459455.848842975 202.6245054602623 12.199592515826225 0.0 2.0 0.0 5508275.999050832 1153290.374599902 1.46125
59455.344328470004 2459455.8495490626 203.6412712186575 13.21635827422142 0.0 2.0 1.0 5504461.720148787 1152536.985858768 1.46125
59455.345034394995 2459455.8502549585 204.6577613800764 14.232848435640335 0.0 2.0 0.0 5507290.131813644 1153077.7686927344 1.46125
59455.345740505 2459455.850961039 205.6745170801878 15.249604135751724 0.0 2.0 1.0 5505947.4808397405 1152859.5843369123 1.46125
59455.346446434996 2459455.8516669376 206.69101126492023 16.26609832048416 0.0 2.0 0.0 5505545.879794318 1152697.3037514144 1.46125
59455.347152539995 2459455.852373011 207.70775690674782 17.282843962311745 0.0 2.0 1.0 5505005.331632657 1152665.5621226125 1.46125
59455.347858470006 2459455.853078908 208.72424840927124 18.299335464835167 0.0 2.0 0.0 5506273.642885821 1152876.6934435375 1.46125
59455.34856458 2459455.8537849844 209.7409987449646 19.316085800528526 0.0 2.0 1.0 5505961.053623304 1152847.6909532931 1.46125
59455.349270505 2459455.8544908743 210.75748018920422 20.332567244768143 0.0 2.0 0.0 5505310.918147441 1152662.9355151234 1.46125
59455.34997662 2459455.8551969533 211.77423387765884 21.34932093322277 0.0 2.0 1.0 5504464.161855386 1152531.1694498858 1.46125
59455.350682539996 2459455.855902836 212.79070526361465 22.36579231917858 0.0 2.0 0.0 5507069.241163133 1153044.663869409 1.46125
59455.351388655 2459455.8566089137 213.80745694041252 23.382543995976448 0.0 2.0 1.0 5503311.137901596 1152298.6202007246 1.46125
59455.35209458 2459455.8573147994 214.82393234968185 24.39901940524578 0.0 2.0 0.0 5504289.302170884 1152434.3530915896 1.46125
59455.35280069 2459455.8580208695 215.84067329764366 25.415760353207588 0.0 2.0 1.0 5501960.903469062 1152021.707693214 1.46125
59455.35350662 2459455.8587267585 216.85715340077877 26.432240456342697 0.0 2.0 0.0 5504755.086437046 1152524.6221868354 1.46125
59455.35421273 2459455.8594328267 217.87389166653156 27.44897872209549 0.0 2.0 1.0 5503375.728837557 1152292.0752968665 1.46125
59455.354918655 2459455.8601387087 218.89036171138287 28.465448766946793 0.0 2.0 0.0 5503580.399057403 1152323.4894761834 1.46125
59455.355624765 2459455.8608447756 219.9070979654789 29.482185021042824 0.0 2.0 1.0 5501218.192098328 1151948.515091097 1.46125
59455.35633069 2459455.8615506557 220.92356532812119 30.498652383685112 0.0 2.0 0.0 5504265.384265308 1152462.1420896878 1.46125
59455.357036805 2459455.8622567253 221.94030560553074 31.515392661094666 0.0 2.0 1.0 5499834.168486711 1151614.4931558121 1.46125
59455.35774273 2459455.8629626045 222.95677162706852 32.531858682632446 0.0 2.0 0.0 5505207.824509983 1152671.2941755084 1.46125
59455.358448839994 2459455.863668668 223.97350318729877 33.5485902428627 0.0 2.0 1.0 5502223.227161235 1152060.298513992 1.46125
59455.359154765 2459455.8643745454 224.98996652662754 34.56505358219147 0.0 2.0 0.0 5504834.216647788 1152599.7265898408 1.46125
59455.359860875 2459455.8650806076 226.00669607520103 35.58178313076496 0.0 2.0 1.0 5501947.320622826 1152064.212787147 1.46125
59455.360566805 2459455.865786489 227.02316544950008 36.59825250506401 0.0 2.0 0.0 5502955.944459188 1152182.7979977739 1.46125
59455.361272915005 2459455.8664925494 228.03989231586456 37.61497937142849 0.0 2.0 1.0 5500226.9456663355 1151639.3379193149 1.46125
59455.361978839996 2459455.8671984253 229.05635364353657 38.631440699100494 0.0 2.0 0.0 5504820.726908212 1152572.0324517344 1.46125
59455.36268495 2459455.8679044857 230.07308050990105 39.64816756546497 0.0 2.0 1.0 5502183.373294144 1152058.539381547 1.46125
59455.363390875 2459455.8686103607 231.08954049646854 40.66462755203247 0.0 2.0 0.0 5503753.845339182 1152341.210207241 1.46125
59455.36409699 2459455.869316425 232.1062733978033 41.68136045336723 0.0 2.0 1.0 5500367.283553384 1151679.7566806525 1.46125
59455.40133069 2459455.9065482863 285.7201534509659 0.0 0.0 3.0 0.0 5488278.68934053 1149230.7291891675 1.46125
59455.402036805 2459455.9072543806 286.7369292676449 1.0167758166790009 0.0 3.0 1.0 5485839.090781631 1148706.640217068 1.46125
59455.40274273 2459455.9079602845 287.7534308284521 2.033277377486229 0.0 3.0 0.0 5492889.114906194 1150159.797325832 1.46125
59455.40344884 2459455.9086663737 288.7701992690563 3.050045818090439 0.0 3.0 1.0 5489650.271129594 1149560.2631699445 1.46125
59455.404154765 2459455.9093722766 289.78669948875904 4.0665460377931595 0.0 3.0 0.0 5494973.059377413 1150550.412416422 1.46125
59455.404860875 2459455.9100783644 290.8034659177065 5.083312466740608 0.0 3.0 1.0 5488865.380323891 1149365.8999277486 1.46125
59455.405566805 2459455.9107842715 291.8199721723795 6.099818721413612 0.0 3.0 0.0 5495033.848336135 1150635.9583719673 1.46125
59455.406272915 2459455.9114903584 292.83673726022243 7.116583809256554 0.0 3.0 1.0 5487858.150617832 1149157.3473292948 1.46125
59455.406978839994 2459455.912196259 293.8532341271639 8.133080676198006 0.0 3.0 0.0 5494956.817369943 1150535.13229958 1.46125
59455.40768495 2459455.9129023445 294.86999720335007 9.149843752384186 0.0 3.0 1.0 5488977.615550161 1149367.9274243165 1.46125
59455.408390875 2459455.9136082437 295.88649205863476 10.166338607668877 0.0 3.0 0.0 5493186.530570597 1150199.0029493559 1.46125
59455.40909699 2459455.914314332 296.90325915813446 11.183105707168579 0.0 3.0 1.0 5490680.875069019 1149770.2118221335 1.46125
59455.409802915005 2459455.91502023 297.91975267231464 12.199599221348763 0.0 3.0 0.0 5494311.505153319 1150463.198183069 1.46125
59455.410509025 2459455.915726312 298.9365103840828 13.216356933116913 0.0 3.0 1.0 5489513.918764874 1149474.330288229 1.46125
59455.41121495 2459455.916432208 299.9530005455017 14.232847094535828 0.0 3.0 0.0 5494116.157322714 1150401.477196994 1.46125
59455.411921060004 2459455.917138288 300.96975557506084 15.249602124094963 0.0 3.0 1.0 5489154.172465073 1149454.8603905158 1.46125
59455.41262699 2459455.917844187 301.98625043034554 16.266096979379654 0.0 3.0 0.0 5493533.280407924 1150246.6314648225 1.46125
59455.4133331 2459455.9185502646 303.0030021071434 17.28284865617752 0.0 3.0 1.0 5487326.331868348 1149016.220679081 1.46125
59455.414039024996 2459455.9192561572 304.01948757469654 18.29933412373066 0.0 3.0 0.0 5491060.769224916 1149794.0459668052 1.46125
59455.414745140006 2459455.919962238 305.0362439453602 19.316090494394302 0.0 3.0 1.0 5486951.485759361 1148989.024925783 1.46125
59455.415451060006 2459455.920668123 306.052718013525 20.332564562559128 0.0 3.0 0.0 5488366.33050135 1149189.7697962525 1.46125
59455.416157175 2459455.921374202 307.06947170197964 21.349318251013756 0.0 3.0 1.0 5481077.3476711735 1147771.5063290573 1.46125
59455.4168631 2459455.9220800903 308.0859511345625 22.36579768359661 0.0 3.0 0.0 5486290.528589486 1148797.832544092 1.46125
59455.417569209996 2459455.922786162 309.10269409418106 23.38254064321518 0.0 3.0 1.0 5480767.096593577 1147741.9520499662 1.46125
59455.41827514 2459455.923492053 310.11917755007744 24.399024099111557 0.0 3.0 0.0 5481877.591887594 1147915.663038787 1.46125
59455.418981245 2459455.9241981176 311.1359104514122 25.41575700044632 0.0 3.0 1.0 5477744.852628303 1147060.7186793645 1.46125
59455.419687175 2459455.924904007 312.15239122509956 26.432237774133682 0.0 3.0 0.0 5482525.020408753 1147951.0748334194 1.46125
59455.420393285 2459455.925610075 313.1691288203001 27.44897536933422 0.0 3.0 1.0 5477961.717409316 1147150.512944193 1.46125
59455.42109921 2459455.926315957 314.18559953570366 28.465446084737778 0.0 3.0 0.0 5481091.268442963 1147683.8574147564 1.46125
59455.421805325 2459455.9270220282 315.20234182477 29.482188373804092 0.0 3.0 1.0 5478423.6611317 1147279.5579631275 1.46125
59455.422511245 2459455.927727904 316.218803152442 30.498649701476097 0.0 3.0 0.0 5484181.553114441 1148339.3679821545 1.46125
59455.42321736 2459455.9284339733 317.2355427592993 31.515389308333397 0.0 3.0 1.0 5476600.353120975 1146854.5330727203 1.46125
59455.423923285 2459455.9291398525 318.25200878083706 32.53185532987118 0.0 3.0 0.0 5480538.671612973 1147603.8802048296 1.46125
59455.424629395 2459455.9298459156 319.26873967051506 33.54858621954918 0.0 3.0 1.0 5476978.097894156 1146940.4991177984 1.46125
59455.425335325 2459455.930551798 320.2852103859186 34.565056934952736 0.0 3.0 0.0 5481651.213316535 1147797.1531433454 1.46125
59455.42604143 2459455.931257855 321.3019325584173 35.58177910745144 0.0 3.0 1.0 5476251.216211996 1146708.2282827708 1.46125
59455.426747360005 2459455.931963736 322.3184012621641 36.598247811198235 0.0 3.0 0.0 5479987.970380764 1147521.031366037 1.46125
59455.42745347 2459455.9326697974 323.3351294696331 37.61497601866722 0.0 3.0 1.0 5474282.256197359 1146368.1751395524 1.46125
59455.428159395 2459455.9333756734 324.3515907973051 38.631437346339226 0.0 3.0 0.0 5479841.6572193615 1147464.2801403168 1.46125
59455.428865509995 2459455.9340817383 325.3683243691921 39.64817091822624 0.0 3.0 1.0 5474010.6333839 1146291.9018016385 1.46125
59455.429571429995 2459455.934787608 326.38477697968483 40.66462352871895 0.0 3.0 0.0 5478003.674518626 1147069.9123505594 1.46125
59455.430277545 2459455.9354936727 327.4015098810196 41.68135643005371 0.0 3.0 1.0 5474549.9672614 1146443.8780301947 1.46125
59455.467488099996 2459455.9727023863 380.98205745220184 0.0 0.0 4.0 0.0 5464309.868422548 1144308.7332743967 1.46125
59455.46819421 2459455.9734084755 381.99882589280605 1.01676844060421 0.0 4.0 1.0 5458283.830944474 1143145.83172186 1.46125
59455.468900135 2459455.9741143794 383.0153274536133 2.033270001411438 0.0 4.0 0.0 5465453.294774943 1144503.1140699466 1.46125
59455.46960625 2459455.974820473 384.03210259974 3.050045147538185 0.0 4.0 1.0 5456732.718973788 1142794.8966176284 1.46125
59455.47031217 2459455.9755263715 385.0485961139202 4.0665386617183685 0.0 4.0 0.0 5465418.146788123 1144548.5897789702 1.46125
59455.471018284996 2459455.976232464 386.0653692483902 5.0833117961883545 0.0 4.0 1.0 5458802.9368221 1143189.8826023433 1.46125
59455.47172421 2459455.976938366 387.0818681269884 6.099810674786568 0.0 4.0 0.0 5465992.886898147 1144647.6139715558 1.46125
59455.472430320006 2459455.9776444524 388.0986325442791 7.116575092077255 0.0 4.0 1.0 5460258.231142779 1143470.4715427253 1.46125
59455.47313625 2459455.9783503585 389.1151374578476 8.133080005645752 0.0 4.0 0.0 5466193.846029955 1144681.3319990754 1.46125
59455.473842355 2459455.9790564384 390.13189248740673 9.149835035204887 0.0 4.0 1.0 5460706.297911796 1143570.0142751997 1.46125
59455.474548285 2459455.9797623428 391.1483947187662 10.16633726656437 0.0 4.0 0.0 5466686.419635101 1144766.864028154 1.46125
59455.475254395 2459455.9804684264 392.1651551127434 11.183097660541534 0.0 4.0 1.0 5462072.496081175 1143881.6609446437 1.46125
59455.47596032 2459455.981174324 393.1816479563713 12.199590504169464 0.0 4.0 0.0 5466554.422676033 1144799.9525089154 1.46125
59455.476666435 2459455.981880411 394.19841304421425 13.216355592012405 0.0 4.0 1.0 5461457.42884487 1143748.2076417988 1.46125
59455.477372355 2459455.982586302 395.2148958295584 14.23283837735653 0.0 4.0 0.0 5468103.069517385 1145099.975687385 1.46125
59455.47807847 2459455.983292387 396.2316582351923 15.249600782990456 0.0 4.0 1.0 5462974.882382712 1144047.9560916673 1.46125
59455.478784395 2459455.9839982805 397.24814504384995 16.266087591648102 0.0 4.0 0.0 5465995.131695735 1144599.1232211185 1.46125
59455.479490505 2459455.984704359 398.2648980617523 17.282840609550476 0.0 4.0 1.0 5461461.704262871 1143747.229475349 1.46125
59455.480196435004 2459455.985410256 399.28138956427574 18.2993321120739 0.0 4.0 0.0 5466996.3832326755 1144842.814147637 1.46125
59455.48090254 2459455.986116327 400.29813185334206 19.316074401140213 0.0 4.0 1.0 5463623.82487564 1144208.13525256 1.46125
59455.48160847 2459455.986822222 401.31462067365646 20.33256322145462 0.0 4.0 0.0 5466083.4011090705 1144657.9938654029 1.46125
59455.482314580004 2459455.9875282957 402.3313669860363 21.349309533834457 0.0 4.0 1.0 5462530.384539931 1143958.7300447554 1.46125
59455.483020505 2459455.9882341833 403.34784507751465 22.365787625312805 0.0 4.0 0.0 5466472.916133296 1144745.5980008366 1.46125
59455.483726620005 2459455.988940261 404.3645967543125 23.382539302110672 0.0 4.0 1.0 5462203.394352064 1143923.7839398687 1.46125
59455.484432540004 2459455.9896461414 405.38106478750706 24.399007335305214 0.0 4.0 0.0 5467941.788632024 1145006.7130622026 1.46125
59455.485138655 2459455.9903522166 406.39781311154366 25.415755659341812 0.0 4.0 1.0 5462113.790872373 1143843.1610473434 1.46125
59455.48584458 2459455.9910581005 407.414285838604 26.43222838640213 0.0 4.0 0.0 5467207.602379146 1144926.6417121338 1.46125
59455.486550689995 2459455.9917641687 408.43102410435677 27.448966652154922 0.0 4.0 1.0 5461117.1077087205 1143659.61064599 1.46125
59455.48725662 2459455.9924700554 409.4475008547306 28.465443402528763 0.0 4.0 0.0 5468467.940818386 1145176.8507771476 1.46125
59455.48796273 2459455.993176122 410.46423710882664 29.482179656624794 0.0 4.0 1.0 5462358.542630185 1143949.5321028167 1.46125
59455.488668655 2459455.9938820023 411.4807044714689 30.498647019267082 0.0 4.0 0.0 5468459.0337385265 1145181.526978781 1.46125
59455.489374765 2459455.994588067 412.4974373728037 31.515379920601845 0.0 4.0 1.0 5460255.997376783 1143469.4448153786 1.46125
59455.49008069 2459455.9952939455 413.5139027237892 32.53184527158737 0.0 4.0 0.0 5466771.283043058 1144802.4626993265 1.46125
59455.490786805 2459455.996000014 414.530640989542 33.548583537340164 0.0 4.0 1.0 5463400.795759233 1144166.5952480778 1.46125
59455.49149273 2459455.9967058916 415.547104999423 34.565047547221184 0.0 4.0 0.0 5466246.5502151195 1144703.8874114514 1.46125
59455.49219884 2459455.9974119533 416.56383387744427 35.581776425242424 0.0 4.0 1.0 5459722.698973106 1143414.9331290708 1.46125
59455.492904765 2459455.9981178297 417.5802958756685 36.59823842346668 0.0 4.0 0.0 5466579.325005234 1144748.000117381 1.46125
59455.493610875 2459455.998823891 418.5970240831375 37.61496663093567 0.0 4.0 1.0 5459867.822001791 1143452.787080054 1.46125
59455.494316805 2459455.9995297715 419.61349211633205 38.63143466413021 0.0 4.0 0.0 5467180.751523264 1144910.722239401 1.46125
59455.495022915 2459456.0002358314 420.6302183121443 39.648160859942436 0.0 4.0 1.0 5460844.901102262 1143647.6280723426 1.46125
59455.495728840004 2459456.0009417064 421.6466782987118 40.66462084650993 0.0 4.0 0.0 5466725.132983712 1144813.2463166905 1.46125
59455.49643495 2459456.0016477657 422.66340382397175 41.681346371769905 0.0 4.0 1.0 5459239.385459511 1143285.9378497177 1.46125
59455.533657175 2459456.038868145 476.26075007021427 0.0 0.0 5.0 0.0 5453391.8740015915 1141967.6470399569 1.46125
59455.534363285 2459456.0395742343 477.2775185108185 1.01676844060421 0.0 5.0 1.0 5451355.657521102 1141582.2198578063 1.46125
59455.535069210004 2459456.040280138 478.2940200716257 2.033270001411438 0.0 5.0 0.0 5456876.048821338 1142666.7456655034 1.46125
59455.535775325 2459456.040986231 479.31079387664795 3.0500438064336777 0.0 5.0 1.0 5452784.872619846 1141903.6998857823 1.46125
59455.536481245 2459456.0416921293 480.32728739082813 4.066537320613861 0.0 5.0 0.0 5457991.156257327 1142912.5637713624 1.46125
59455.537187359994 2459456.0423982223 481.3440611958504 5.083311125636101 0.0 5.0 1.0 5454234.953059088 1142200.7822148888 1.46125
59455.537893285 2459456.0431041243 482.3605600744486 6.099810004234314 0.0 5.0 0.0 5458600.014315915 1143050.3097157523 1.46125
59455.538599395004 2459456.0438102107 483.3773244917393 7.1165744215250015 0.0 5.0 1.0 5452243.49816893 1141825.4848871545 1.46125
59455.539305325 2459456.0445161164 484.3938287347555 8.133078664541245 0.0 5.0 0.0 5456043.056570797 1142489.0441278252 1.46125
59455.54001143 2459456.0452221963 485.41058376431465 9.14983369410038 0.0 5.0 1.0 5454331.736818051 1142228.94726351 1.46125
59455.540717359996 2459456.0459281006 486.42708599567413 10.166335925459862 0.0 5.0 0.0 5458601.031694421 1143103.0995640694 1.46125
59455.54142347 2459456.0466341837 487.44384571909904 11.183095648884773 0.0 5.0 1.0 5457473.776026048 1142898.1629470135 1.46125
59455.542129395 2459456.0473400815 488.460338562727 12.199588492512703 0.0 5.0 0.0 5458885.2697376935 1143118.2633609765 1.46125
59455.54283551 2459456.0480461684 489.4771036505699 13.216353580355644 0.0 5.0 1.0 5455172.55127256 1142395.1946273185 1.46125
59455.54354143 2459456.048752059 490.49358643591404 14.232836365699768 0.0 5.0 0.0 5458749.698075271 1143070.6960214847 1.46125
59455.544247544996 2459456.0494581438 491.5103481709957 15.24959810078144 0.0 5.0 1.0 5454870.706754066 1142381.0943414103 1.46125
59455.54495347 2459456.050164038 492.5268356502056 16.26608557999134 0.0 5.0 0.0 5459549.356235269 1143236.0705742654 1.46125
59455.545659580006 2459456.050870116 493.54358799755573 17.28283792734146 0.0 5.0 1.0 5455532.166020997 1142459.0689455348 1.46125
59455.54636551 2459456.051576013 494.5600801706314 18.299330100417137 0.0 5.0 0.0 5459081.143279051 1143124.8153966514 1.46125
59455.547071615 2459456.052282084 495.57682178914547 19.316071718931198 0.0 5.0 1.0 5456643.483234097 1142730.157809574 1.46125
59455.547777545 2459456.052987979 496.5933106094599 20.332560539245605 0.0 5.0 0.0 5458856.461738313 1143068.675900288 1.46125
59455.548483655 2459456.053694052 497.61005625128746 21.34930618107319 0.0 5.0 1.0 5455989.159543711 1142563.420015577 1.46125
59455.54918958 2459456.0543999407 498.6265356838703 22.365785613656044 0.0 5.0 0.0 5458502.250522716 1143021.8520260623 1.46125
59455.549895695 2459456.0551060173 499.6432860195637 23.382535949349403 0.0 5.0 1.0 5454749.070933374 1142305.2892413228 1.46125
59455.550601615 2459456.0558118983 500.65975472331047 24.3990046530962 0.0 5.0 0.0 5460027.013657911 1143318.7304495138 1.46125
59455.55130773 2459456.056517973 501.6765023767948 25.415752306580544 0.0 5.0 1.0 5456019.301362367 1142572.2478062815 1.46125
59455.552013655004 2459456.057223857 502.69297510385513 26.43222503364086 0.0 5.0 0.0 5462276.035464568 1143820.2599059201 1.46125
59455.552719765 2459456.0579299247 503.7097126990557 27.4489626288414 0.0 5.0 1.0 5461572.912304313 1143753.3434173223 1.46125
59455.553425695 2459456.058635812 504.72619011998177 28.465440049767494 0.0 5.0 0.0 5464640.781546105 1144313.664737644 1.46125
59455.5541318 2459456.059341873 505.74291832745075 29.48216825723648 0.0 5.0 1.0 5460858.773854853 1143596.6654713824 1.46125
59455.55483773 2459456.0600477583 506.75939306616783 30.49864299595356 0.0 5.0 0.0 5465554.338982376 1144490.2448296756 1.46125
59455.55554384 2459456.0607538233 507.77612663805485 31.515376567840576 0.0 5.0 1.0 5466642.814216011 1144743.8606627316 1.46125
59455.556249764995 2459456.0614597024 508.79259265959263 32.53184258937836 0.0 5.0 0.0 5469851.688488819 1145387.324490705 1.46125
59455.556955880005 2459456.06216577 509.80933025479317 33.548580184578896 0.0 5.0 1.0 5465717.8323833505 1144560.8999475422 1.46125
59455.557661800005 2459456.062871643 510.8257868885994 34.565036818385124 0.0 5.0 0.0 5469207.108541857 1145217.3590864681 1.46125
59455.558367915 2459456.0635777097 511.8425231426954 35.581773072481155 0.0 5.0 1.0 5465696.944197538 1144540.897100955 1.46125
59455.55907384 2459456.0642835856 512.8589844703674 36.59823440015316 0.0 5.0 0.0 5469560.640039176 1145274.2468764533 1.46125
59455.559779949996 2459456.064989647 513.8757126778364 37.61496260762215 0.0 5.0 1.0 5462934.555153366 1144019.4752088957 1.46125
59455.56048588 2459456.0656955275 514.892180711031 38.63143064081669 0.0 5.0 0.0 5466447.401846591 1144678.456128085 1.46125
59455.561191985 2459456.0664015827 515.9089002013206 39.64815013110638 0.0 5.0 1.0 5463392.183075971 1144061.741441904 1.46125
59455.561897915 2459456.0671074623 516.9253668934107 40.66461682319641 0.0 5.0 0.0 5468627.028374733 1145104.1813139329 1.46125
59455.562604025 2459456.067813522 517.9420930892229 41.68134301900864 0.0 5.0 1.0 5463454.344380752 1144152.3470155431 1.46125
59455.600555325 2459456.1057629506 572.5892700254917 0.0 0.0 6.0 0.0 5454090.313566102 1142153.0272552709 1.46125
59455.60126143 2459456.106469034 573.6060304194689 1.0167603939771652 0.0 6.0 1.0 5449949.684288251 1141354.5947272521 1.46125
59455.601967359995 2459456.1071749427 574.6225386857986 2.0332686603069305 0.0 6.0 0.0 5459070.785155034 1143203.8538326717 1.46125
59455.60267347 2459456.107881031 575.6393057852983 3.050035759806633 0.0 6.0 1.0 5452189.970643076 1141806.3808287368 1.46125
59455.603379395005 2459456.108586933 576.6558046638966 4.066534638404846 0.0 6.0 0.0 5460022.832635344 1143357.4951634703 1.46125
59455.60408551 2459456.1092930255 577.6725777983665 5.083307772874832 0.0 6.0 1.0 5453143.018026599 1141952.4417108407 1.46125
59455.60479143 2459456.1099989214 578.6890679597855 6.099797934293747 0.0 6.0 0.0 5459962.135998211 1143390.6517312494 1.46125
59455.605497545 2459456.110705012 579.7058384120464 7.116568386554718 0.0 6.0 1.0 5452984.872187634 1141963.2961492196 1.46125
59455.60620347 2459456.111410912 580.7223346084356 8.133064582943916 0.0 6.0 0.0 5461530.623200824 1143745.5079657438 1.46125
59455.606909580005 2459456.112116996 581.739095672965 9.149825647473335 0.0 6.0 1.0 5452556.656936768 1141851.5392781554 1.46125
59455.60761551 2459456.1128228996 582.75559656322 10.16632653772831 0.0 6.0 0.0 5461679.2965007685 1143806.0707120001 1.46125
59455.608321615 2459456.113528977 583.7723482400179 11.183078214526176 0.0 6.0 1.0 5452406.876397142 1141811.5590289363 1.46125
59455.609027545 2459456.1142348787 584.7888464480639 12.199576422572136 0.0 6.0 0.0 5459617.933895085 1143317.1279129116 1.46125
59455.60973347 2459456.114940774 585.8053359389305 13.216065913438797 0.0 6.0 1.0 5451892.704336909 1141690.2385041013 1.46125
59455.61043958 2459456.115646854 586.8220909684896 14.232820942997932 0.0 6.0 0.0 5461868.661430191 1143774.458012796 1.46125
59455.611145695 2459456.116352938 587.8388520330191 15.249582007527351 0.0 6.0 1.0 5453979.562535077 1142180.1619196453 1.46125
59455.611851615 2459456.1170588257 588.8553301244974 16.2660600990057 0.0 6.0 0.0 5460212.417618291 1143414.8720966682 1.46125
59455.612557545 2459456.1177647226 589.8718216270208 17.28255160152912 0.0 6.0 1.0 5451781.9397746185 1141711.84538054 1.46125
59455.613263655 2459456.1184707982 590.8885706216097 18.299300596117973 0.0 6.0 0.0 5460826.815670206 1143572.4056429262 1.46125
59455.613969765 2459456.1191768735 591.9053189456463 19.31604892015457 0.0 6.0 1.0 5452398.737351977 1141864.0652756705 1.46125
59455.614675695004 2459456.119882767 592.9218057543039 20.332535728812218 0.0 6.0 0.0 5459252.028671897 1143259.7049770285 1.46125
59455.6153818 2459456.120588835 593.9385433495045 21.349273324012756 0.0 6.0 1.0 5452543.279753612 1141854.86019031 1.46125
59455.61608773 2459456.1212947266 594.9550274759531 22.365757450461388 0.0 6.0 0.0 5460168.365243898 1143429.4291424742 1.46125
59455.61679384 2459456.1220007977 595.9717697650194 23.382499739527702 0.0 6.0 1.0 5450794.242568574 1141480.659588678 1.46125
59455.617499765 2459456.1227066824 596.9882438331842 24.398973807692528 0.0 6.0 0.0 5462344.658843536 1143899.1875685793 1.46125
59455.618205880004 2459456.123412756 598.0049894750118 25.41571944952011 0.0 6.0 1.0 5451417.567357083 1141628.2358925957 1.46125
59455.618911800004 2459456.124118634 599.0214541554451 26.432184129953384 0.0 6.0 0.0 5460246.47135681 1143474.2026861634 1.46125
59455.619617915 2459456.124824706 600.0381977856159 27.448927760124207 0.0 6.0 1.0 5451553.506200942 1141596.4439216787 1.46125
59455.62032384 2459456.125530587 601.0546664893627 28.465396463871002 0.0 6.0 0.0 5460478.44886163 1143509.82803693 1.46125
59455.621029949994 2459456.1262366525 602.071400731802 29.482130706310272 0.0 6.0 1.0 5449012.112839384 1141122.1294308018 1.46125
59455.621735880006 2459456.1269425373 603.0878747999668 30.498604774475098 0.0 6.0 0.0 5458892.208605599 1143187.375640452 1.46125
59455.622441985004 2459456.127648596 604.1045996546745 31.515329629182816 0.0 6.0 1.0 5451814.463063872 1141727.322828979 1.46125
59455.623147915 2459456.128354479 605.1210710406303 32.531801015138626 0.0 6.0 0.0 5459029.055209427 1143248.440419709 1.46125
59455.62385384 2459456.1290603564 606.1375343799591 33.54826435446739 0.0 6.0 1.0 5449883.857394478 1141320.355475129 1.46125
59455.624559949996 2459456.129766418 607.1542632579803 34.56499323248863 0.0 6.0 0.0 5458263.923448438 1143030.3424303296 1.46125
59455.625266065 2459456.1304724845 608.1709988415241 35.58172881603241 0.0 6.0 1.0 5453386.677576487 1142001.674327148 1.46125
59455.625971985 2459456.1311783553 609.1874527931213 36.59818276762962 0.0 6.0 0.0 5459169.543008453 1143212.5119008387 1.46125
59455.626677915 2459456.131884236 610.2039208263159 37.614650800824165 0.0 6.0 1.0 5451691.5547441365 1141677.4456037898 1.46125
59455.627384025 2459456.132590296 611.2206476926804 38.631377667188644 0.0 6.0 0.0 5458686.429384694 1143147.5744333402 1.46125
59455.628090135 2459456.1332963556 612.2373732179403 39.648103192448616 0.0 6.0 1.0 5451337.970818544 1141642.0698627625 1.46125
59455.670902540005 2459456.176106704 673.8842748105526 0.0 0.0 7.0 0.0 5443652.895099691 1140016.346937456 1.46125
59455.671608655 2459456.1768127945 674.9010452628136 1.016770452260971 0.0 7.0 1.0 5443469.38079271 1139934.4481885922 1.46125
59455.67231458 2459456.1775186947 675.9175414592028 2.0332666486501694 0.0 7.0 0.0 5448056.872461552 1140867.697136693 1.46125
59455.673020505 2459456.1782245934 676.9340356439352 3.0497608333826065 0.0 7.0 1.0 5445220.114165215 1140340.263937216 1.46125
59455.67372662 2459456.178930682 677.9508034139872 4.066528603434563 0.0 7.0 0.0 5447808.255670312 1140783.5957892942 1.46125
59455.67443273 2459456.1796367643 678.9675617963076 5.083286985754967 0.0 7.0 1.0 5447866.934225608 1140840.0702694447 1.46125
59455.675138655 2459456.180342661 679.984053298831 6.099778488278389 0.0 7.0 0.0 5449012.298699237 1141049.094372058 1.46125
59455.675844765 2459456.1810487416 681.0008089989424 7.116534188389778 0.0 7.0 1.0 5446396.621167635 1140549.0155561015 1.46125
59455.67655069 2459456.1817546366 682.0172978192568 8.133023008704185 0.0 7.0 0.0 5450328.32229963 1141312.6592844434 1.46125
59455.677256805 2459456.18246072 683.034058213234 9.14978340268135 0.0 7.0 1.0 5445287.97452181 1140315.6551445096 1.46125
59455.67796273 2459456.1831666133 684.0505443513393 10.166269540786743 0.0 7.0 0.0 5448595.885423341 1140927.8175365988 1.46125
59455.678668655004 2459456.183872505 685.067028477788 11.182753667235374 0.0 7.0 1.0 5447952.740063274 1140918.9716523183 1.46125
59455.679374765 2459456.1845785812 686.0837781429291 12.19950333237648 0.0 7.0 0.0 5449799.914073949 1141224.5647860498 1.46125
59455.680080875 2459456.1852846555 687.1005251258612 13.21625031530857 0.0 7.0 1.0 5449298.882361957 1141139.9414087173 1.46125
59455.680786805 2459456.18599055 688.1170132756233 14.232738465070724 0.0 7.0 0.0 5450027.216433445 1141306.6372940277 1.46125
59455.681492915 2459456.1866966225 689.1337575763464 15.2494827657938 0.0 7.0 1.0 5447223.592798081 1140733.4533733414 1.46125
59455.682198840004 2459456.1874025096 690.1502349972725 16.265960186719894 0.0 7.0 0.0 5449639.731022889 1141171.5400789771 1.46125
59455.68290495 2459456.1881085797 691.1669759452343 17.2827011346817 0.0 7.0 1.0 5447001.999384347 1140657.8230656423 1.46125
59455.683610875 2459456.188814465 692.1834506839514 18.29917587339878 0.0 7.0 0.0 5450914.854690675 1141440.5661421278 1.46125
59455.684316804996 2459456.189520354 693.1999307870865 19.31565597653389 0.0 7.0 1.0 5446460.348360259 1140553.2866134665 1.46125
59455.685022915 2459456.1902264217 694.216668382287 20.33239357173443 0.0 7.0 0.0 5449502.990628653 1141175.9291341205 1.46125
59455.685729025005 2459456.1909324885 695.233404636383 21.34912982583046 0.0 7.0 1.0 5448186.547464361 1140954.1498702725 1.46125
59455.68643495 2459456.19163837 696.2498740106821 22.36559920012951 0.0 7.0 0.0 5452027.291818616 1141707.1911365448 1.46125
59455.687140875 2459456.19234425 697.2663413733244 23.382066562771797 0.0 7.0 1.0 5447334.583996341 1140760.6889252868 1.46125
59455.68784699 2459456.19305032 698.283081650734 24.39880684018135 0.0 7.0 0.0 5449674.310218607 1141148.7642805562 1.46125
59455.6885531 2459456.193756384 699.2998138815165 25.41553907096386 0.0 7.0 1.0 5446333.509026415 1140583.8598516982 1.46125
59455.689259025 2459456.1944622616 700.3162778913975 26.43200308084488 0.0 7.0 0.0 5448440.288491277 1140935.2635384817 1.46125
59455.68996495 2459456.1951681394 701.3327419012785 27.4484670907259 0.0 7.0 1.0 5447302.558279123 1140733.6606288676 1.46125
59455.69067106 2459456.1958742016 702.349471449852 28.465196639299393 0.0 7.0 0.0 5449861.019047898 1141214.4136822459 1.46125
59455.691377175 2459456.1965802675 703.3662063628435 29.481931552290916 0.0 7.0 1.0 5445505.198826481 1140327.8270663384 1.46125
59455.6920831 2459456.1972861434 704.3826676905155 30.49839287996292 0.0 7.0 0.0 5447780.517293208 1140798.2109402968 1.46125
59455.692789025 2459456.197992019 705.3991283476353 31.514853537082672 0.0 7.0 1.0 5443857.55774598 1140025.037230289 1.46125
59455.69349514 2459456.198698084 706.4158619195223 32.53158710896969 0.0 7.0 0.0 5450970.532511271 1141444.6219482103 1.46125
59455.694201245 2459456.1994041386 707.4325807392597 33.54830592870712 0.0 7.0 1.0 5446961.959279707 1140723.1826129225 1.46125
