# %ECSV 1.0
# ---
# datatype:
# - {name: t_mjd, datatype: float64}
# - {name: t_bjd, datatype: float64}
# - {name: t_visit, datatype: float64}
# - {name: t_orbit, datatype: float64}
# - {name: ivisit, datatype: float64}
# - {name: iorbit, datatype: float64}
# - {name: scan, datatype: float64}
# - {name: spec_opt, datatype: float64}
# - {name: var_opt, datatype: float64}
# - {name: wave, datatype: float64}
# schema: astropy-2.0
t_mjd t_bjd t_visit t_orbit ivisit iorbit scan spec_opt var_opt wave
59455.203888655 2459455.7091161143 1.4178257435560226 1.4178257435560226 0.0 0.0 0.0 4350127.938408049 910562.5936981075 1.16875
59455.20459458 2459455.7098220186 2.4343279749155045 2.4343279749155045 0.0 0.0 1.0 4376397.743817459 915967.1747016016 1.16875
59455.205300689995 2459455.7105281074 3.4510957449674606 3.4510957449674606 0.0 0.0 0.0 4378584.678938774 916422.8094594793 1.16875
59455.20600662 2459455.7112340154 4.467603340744972 4.467603340744972 0.0 0.0 1.0 4391275.669489561 919061.363820318 1.16875
59455.20671273 2459455.7119401037 5.484370440244675 5.484370440244675 0.0 0.0 0.0 4390454.968349918 918835.983834299 1.16875
59455.207418655 2459455.712646005 6.500868648290634 6.500868648290634 0.0 0.0 1.0 4399824.660637388 920814.1980410371 1.16875
59455.208124765 2459455.713352092 7.517633736133575 7.517633736133575 0.0 0.0 0.0 4396109.542623328 920032.4074075485 1.16875
59455.20883069 2459455.7140579927 8.534130603075027 8.534130603075027 0.0 0.0 1.0 4403325.904093795 921558.0008557177 1.16875
59455.209536805 2459455.7147640823 9.550899714231491 9.550899714231491 0.0 0.0 0.0 4400024.1349027995 920777.5965214019 1.16875
59455.21024273 2459455.715469982 10.567395240068436 10.567395240068436 0.0 0.0 1.0 4405465.921094798 921993.3676296965 1.16875
59455.21094884 2459455.716176065 11.584154963493347 11.584154963493347 0.0 0.0 0.0 4402090.222552996 921244.3722767214 1.16875
59455.211654765 2459455.716881963 12.600647807121277 12.600647807121277 0.0 0.0 1.0 4406539.947215883 922255.8577753247 1.16875
59455.212360875 2459455.7175880447 13.617405518889427 13.617405518889427 0.0 0.0 0.0 4403803.089607812 921599.7911960197 1.16875
59455.213066805 2459455.7182939453 14.63390238583088 14.63390238583088 0.0 0.0 1.0 4408402.330546894 922554.4099466921 1.16875
59455.213772915 2459455.7190000247 15.650656744837761 15.650656744837761 0.0 0.0 0.0 4405483.939552079 921938.184278668 1.16875
59455.214478840004 2459455.719705919 16.66714422404766 16.66714422404766 0.0 0.0 1.0 4408746.0609559165 922640.9294801266 1.16875
59455.21518495 2459455.7204119964 17.683895900845528 17.683895900845528 0.0 0.0 0.0 4404162.63823805 921636.5912725615 1.16875
59455.215890875 2459455.721117888 18.70038002729416 18.70038002729416 0.0 0.0 1.0 4410176.226052429 922949.9201774182 1.16875
59455.216596989994 2459455.721823969 19.717136397957802 19.717136397957802 0.0 0.0 0.0 4404699.586748514 921776.4851740643 1.16875
59455.217302915 2459455.722529859 20.733617842197418 20.733617842197418 0.0 0.0 1.0 4410930.787769422 923116.9126110517 1.16875
59455.218009025004 2459455.723235932 21.750363484025 21.750363484025 0.0 0.0 0.0 4406203.290067352 922078.7224830776 1.16875
59455.21871495 2459455.7239418197 22.76684157550335 22.76684157550335 0.0 0.0 1.0 4408566.592263718 922621.9007827269 1.16875
59455.21942106 2459455.7246478912 23.783584535121918 23.783584535121918 0.0 0.0 0.0 4405418.045369518 921915.2215900852 1.16875
59455.220126989996 2459455.725353782 24.80006732046604 24.80006732046604 0.0 0.0 1.0 4407943.786344004 922441.418454629 1.16875
59455.2208331 2459455.7260598517 25.816807597875595 25.816807597875595 0.0 0.0 0.0 4406628.708719545 922170.8896554715 1.16875
59455.221539025 2459455.7267657355 26.833280324935913 26.833280324935913 0.0 0.0 1.0 4408016.360277948 922501.3625133393 1.16875
59455.22224514 2459455.727471808 27.85002462565899 27.85002462565899 0.0 0.0 0.0 4405643.410271453 921935.4843348752 1.16875
59455.22295106 2459455.728177685 28.8664872944355 28.8664872944355 0.0 0.0 1.0 4410477.399145703 923006.9263478324 1.16875
59455.223657174996 2459455.728883756 29.883229583501816 29.883229583501816 0.0 0.0 0.0 4405881.099728052 921998.0564109922 1.16875
59455.2243631 2459455.729589636 30.899696946144104 30.899696946144104 0.0 0.0 1.0 4410386.437093579 923028.7023784609 1.16875
59455.225069210006 2459455.7302957005 31.916429847478867 31.916429847478867 0.0 0.0 0.0 4405303.6709487075 921897.2703101273 1.16875
59455.22577514 2459455.731001584 32.93290190398693 32.93290190398693 0.0 0.0 1.0 4407985.754383535 922529.0998556903 1.16875
59455.226481245 2459455.731707642 33.94962541759014 33.94962541759014 0.0 0.0 0.0 4405021.823091481 921829.1953070081 1.16875
59455.227187175 2459455.7324135243 34.9660961329937 34.9660961329937 0.0 0.0 1.0 4406023.699908452 922058.5916459435 1.16875
59455.227893285 2459455.733119586 35.98282501101494 35.98282501101494 0.0 0.0 0.0 4406492.402592157 922180.5131546387 1.16875
59455.22859921 2459455.7338254624 36.9992870092392 36.9992870092392 0.0 0.0 1.0 4407373.601158705 922363.344594197 1.16875
59455.229305325 2459455.7345315283 38.01602192223072 38.01602192223072 0.0 0.0 0.0 4405997.783742408 922059.3988453599 1.16875
59455.230011245 2459455.735237399 39.032475873827934 39.032475873827934 0.0 0.0 1.0 4407744.344982021 922432.1299480369 1.16875
59455.23071736 2459455.735943464 40.04920944571495 40.04920944571495 0.0 0.0 0.0 4406361.701059999 922127.7692910865 1.16875
59455.231423285004 2459455.7366493386 41.065668761730194 41.065668761730194 0.0 0.0 1.0 4409896.076504407 922882.657600937 1.16875
59455.268981245 2459455.7742054434 95.14645971357822 0.0 0.0 1.0 0.0 4394474.164959903 919670.2601680254 1.16875
59455.269687175 2459455.774911353 96.1629693210125 1.0165096074342728 0.0 1.0 1.0 4393688.350564138 919534.1621351264 1.16875
59455.270393285 2459455.7756174426 97.17973843216896 2.0332787185907364 0.0 1.0 0.0 4397386.635417712 920257.0203552963 1.16875
59455.271099210004 2459455.776323346 98.19623932242393 3.0497796088457108 0.0 1.0 1.0 4392655.862897325 919316.7074248532 1.16875
59455.271805325 2459455.77702944 99.21301446855068 4.066554754972458 0.0 1.0 0.0 4399012.0946229845 920606.043567889 1.16875
59455.272511245 2459455.777735338 100.22950798273087 5.083048269152641 0.0 1.0 1.0 4392221.045179828 919260.63845192 1.16875
59455.273217359994 2459455.77844143 101.2462804466486 6.0998207330703735 0.0 1.0 0.0 4399989.491615888 920793.6559711597 1.16875
59455.273923285 2459455.7791473316 102.26277865469456 7.116318941116333 0.0 1.0 1.0 4394842.940041643 919767.7101702853 1.16875
59455.274629395004 2459455.779853418 103.27954307198524 8.13308335840702 0.0 1.0 0.0 4398834.654323104 920560.9038429285 1.16875
59455.275335325 2459455.7805593233 104.29604664444923 9.14958693087101 0.0 1.0 1.0 4393522.555622749 919406.6270445058 1.16875
59455.27604143 2459455.7812654027 105.31280100345612 10.166341289877892 0.0 1.0 0.0 4399440.360807078 920708.3214290405 1.16875
59455.276747359996 2459455.7819713065 106.32930256426334 11.18284285068512 0.0 1.0 1.0 4393642.518282285 919506.4714321794 1.16875
59455.27745347 2459455.7826773897 107.34606228768826 12.199602574110031 0.0 1.0 0.0 4398696.739187223 920521.7406387896 1.16875
59455.278159395 2459455.7833832866 108.36255379021168 13.216094076633453 0.0 1.0 1.0 4394345.381220806 919749.3498314087 1.16875
59455.27886551 2459455.784089373 109.37931820750237 14.232858493924141 0.0 1.0 0.0 4398676.461932631 920551.806459259 1.16875
59455.27957143 2459455.784795263 110.39579965174198 15.249339938163757 0.0 1.0 1.0 4395146.279927094 919780.0013302751 1.16875
59455.280277544996 2459455.7855013474 111.41256138682365 16.26610167324543 0.0 1.0 0.0 4400013.878824576 920855.7037147166 1.16875
59455.28098347 2459455.78620724 112.4290468543768 17.28258714079857 0.0 1.0 1.0 4394393.339328748 919629.2295980179 1.16875
59455.281689580006 2459455.7869133176 113.44579853117466 18.299338817596436 0.0 1.0 0.0 4398552.382385731 920572.1463793934 1.16875
59455.28239551 2459455.7876192136 114.46228869259357 19.31582897901535 0.0 1.0 1.0 4394717.622872811 919737.4562627363 1.16875
59455.283101615 2459455.7883252837 115.47902964055538 20.332569926977158 0.0 1.0 0.0 4400570.1711110985 920924.9186200389 1.16875
59455.283807545 2459455.7890311778 116.49551711976528 21.349057406187057 0.0 1.0 1.0 4393619.802094075 919478.2968978812 1.16875
59455.284513655 2459455.789737251 117.51226276159286 22.36580304801464 0.0 1.0 0.0 4398326.661604178 920514.7177522453 1.16875
59455.28521958 2459455.790443138 118.52874018251896 23.382280468940735 0.0 1.0 1.0 4393370.565600279 919435.876424489 1.16875
59455.285925695 2459455.7911492144 119.54548984766006 24.39903013408184 0.0 1.0 0.0 4398289.378538702 920445.4420753997 1.16875
59455.286631615 2459455.791855094 120.5619565397501 25.415496826171875 0.0 1.0 1.0 4392708.553362135 919361.5470477729 1.16875
59455.28733773 2459455.792561169 121.57870419323444 26.43224447965622 0.0 1.0 0.0 4401118.66552086 921115.3807275434 1.16875
59455.288043655004 2459455.7932670517 122.59517557919025 27.44871586561203 0.0 1.0 1.0 4393161.756458169 919389.0054733772 1.16875
59455.288749765 2459455.793973119 123.61191250383854 28.465452790260315 0.0 1.0 0.0 4399206.997366513 920660.9084754831 1.16875
59455.289455695 2459455.794679005 124.62838858366013 29.4819288700819 0.0 1.0 1.0 4391940.428738956 919109.8546156292 1.16875
59455.2901618 2459455.795385066 125.64511612057686 30.498656406998634 0.0 1.0 0.0 4398476.278139198 920513.0279928108 1.16875
59455.29086773 2459455.7960909507 126.66159018874168 31.51513047516346 0.0 1.0 1.0 4393004.336404096 919389.0839046334 1.16875
59455.29157384 2459455.796797015 127.67832241952419 32.53186270594597 0.0 1.0 0.0 4395955.346168082 919944.8504296927 1.16875
59455.292279764995 2459455.797502893 128.69478709995747 33.54832738637924 0.0 1.0 1.0 4393213.334534189 919381.3671280626 1.16875
59455.292985880005 2459455.7982089603 129.71152402460575 34.56506431102753 0.0 1.0 0.0 4397352.685782549 920292.0219270742 1.16875
59455.293691800005 2459455.7989148325 130.72797998785973 35.5815202742815 0.0 1.0 1.0 4393362.466077198 919465.6350737988 1.16875
59455.294397915 2459455.799620899 131.7447155714035 36.59825585782528 0.0 1.0 0.0 4398143.271831431 920452.1199748262 1.16875
59455.29510384 2459455.8003267753 132.76117756962776 37.61471785604954 0.0 1.0 1.0 4391953.557480968 919130.2254461636 1.16875
59455.295809949996 2459455.801032836 133.7779051065445 38.63144539296627 0.0 1.0 0.0 4398374.854583715 920512.99539453 1.16875
59455.29651588 2459455.801738716 134.79437246918678 39.64791275560856 0.0 1.0 1.0 4390893.8615454715 918955.2720354038 1.16875
59455.297221985 2459455.802444771 135.81109128892422 40.66463157534599 0.0 1.0 0.0 4397525.915062038 920242.5540106242 1.16875
59455.297927915 2459455.8031506506 136.82755798101425 41.68109826743603 0.0 1.0 1.0 4390061.640482083 918795.6103171755 1.16875
59455.335150135 2459455.840371036 190.42491294443607 0.0 0.0 2.0 0.0 4384568.000045913 917522.6007923366 1.16875
59455.33585625 2459455.8410771303 191.44168876111507 1.0167758166790009 0.0 2.0 1.0 4385381.687662708 917792.2641098141 1.16875
59455.33656217 2459455.8417830295 192.45818361639977 2.0332706719636917 0.0 2.0 0.0 4387606.440567469 918252.6334795528 1.16875
59455.337268285 2459455.8424891233 193.4749587625265 3.050045818090439 0.0 2.0 1.0 4385818.088664062 917828.7915209632 1.16875
59455.33797421 2459455.8431950263 194.49145898222923 4.0665460377931595 0.0 2.0 0.0 4386248.764400337 917899.3244778783 1.16875
59455.33868032 2459455.843901114 195.50822541117668 5.083312466740608 0.0 2.0 1.0 4387376.074986219 918138.7236725964 1.16875
59455.339386249994 2459455.8446070217 196.52473233640194 6.099819391965866 0.0 2.0 0.0 4386845.214074946 918026.1183389239 1.16875
59455.340092355 2459455.8453131034 197.5414900481701 7.116577103734016 0.0 2.0 1.0 4387048.925102933 918110.4483652341 1.16875
59455.340798285004 2459455.846019009 198.55799429118633 8.13308134675026 0.0 2.0 0.0 4386821.063239901 918066.1575284855 1.16875
59455.341504395 2459455.8467250946 199.5747573673725 9.14984442293644 0.0 2.0 1.0 4387040.148706311 918109.5906419378 1.16875
59455.34221032 2459455.847430994 200.5912522226572 10.16633927822113 0.0 2.0 0.0 4389108.511010598 918606.7377921981 1.16875
59455.342916435 2459455.848137083 201.6080206632614 11.18310771882534 0.0 2.0 1.0 4387760.3441515695 918274.9332425657 1.16875
59455.343622355 2459455.848842975 202.6245054602623 12.199592515826225 0.0 2.0 0.0 4387916.420975588 918288.8776213119 1.16875
59455.344328470004 2459455.8495490626 203.6412712186575 13.21635827422142 0.0 2.0 1.0 4386915.893415443 918083.1363326893 1.16875
59455.345034394995 2459455.8502549585 204.6577613800764 14.232848435640335 0.0 2.0 0.0 4387160.485746767 918128.3908755174 1.16875
59455.345740505 2459455.850961039 205.6745170801878 15.249604135751724 0.0 2.0 1.0 4385891.949782611 917871.9200690499 1.16875
59455.346446434996 2459455.8516669376 206.69101126492023 16.26609832048416 0.0 2.0 0.0 4387997.919499854 918264.5755009264 1.16875
59455.347152539995 2459455.852373011 207.70775690674782 17.282843962311745 0.0 2.0 1.0 4387385.503159448 918206.4790112198 1.16875
59455.347858470006 2459455.853078908 208.72424840927124 18.299335464835167 0.0 2.0 0.0 4386031.722983156 917884.5992687285 1.16875
59455.34856458 2459455.8537849844 209.7409987449646 19.316085800528526 0.0 2.0 1.0 4386623.280167431 918027.2337651731 1.16875
59455.349270505 2459455.8544908743 210.75748018920422 20.332567244768143 0.0 2.0 0.0 4387492.991678988 918190.553088313 1.16875
59455.34997662 2459455.8551969533 211.77423387765884 21.34932093322277 0.0 2.0 1.0 4384835.585340519 917647.4384750932 1.16875
59455.350682539996 2459455.855902836 212.79070526361465 22.36579231917858 0.0 2.0 0.0 4387623.928657285 918235.3407204293 1.16875
59455.351388655 2459455.8566089137 213.80745694041252 23.382543995976448 0.0 2.0 1.0 4385562.12452442 917797.2251678891 1.16875
59455.35209458 2459455.8573147994 214.82393234968185 24.39901940524578 0.0 2.0 0.0 4385819.327852583 917823.1188003023 1.16875
59455.35280069 2459455.8580208695 215.84067329764366 25.415760353207588 0.0 2.0 1.0 4387134.391028227 918124.5771262309 1.16875
59455.35350662 2459455.8587267585 216.85715340077877 26.432240456342697 0.0 2.0 0.0 4386414.890735834 917931.9002989349 1.16875
59455.35421273 2459455.8594328267 217.87389166653156 27.44897872209549 0.0 2.0 1.0 4385093.805584617 917680.3166370844 1.16875
59455.354918655 2459455.8601387087 218.89036171138287 28.465448766946793 0.0 2.0 0.0 4386342.0419985885 917959.3859121328 1.16875
59455.355624765 2459455.8608447756 219.9070979654789 29.482185021042824 0.0 2.0 1.0 4384653.40200167 917667.8605579879 1.16875
59455.35633069 2459455.8615506557 220.92356532812119 30.498652383685112 0.0 2.0 0.0 4385741.207233938 917834.4186792804 1.16875
59455.357036805 2459455.8622567253 221.94030560553074 31.515392661094666 0.0 2.0 1.0 4385506.980851062 917823.8779226694 1.16875
59455.35774273 2459455.8629626045 222.95677162706852 32.531858682632446 0.0 2.0 0.0 4385646.534704698 917842.3094302759 1.16875
59455.358448839994 2459455.863668668 223.97350318729877 33.5485902428627 0.0 2.0 1.0 4384257.42477143 917539.5810583167 1.16875
59455.359154765 2459455.8643745454 224.98996652662754 34.56505358219147 0.0 2.0 0.0 4385772.179372862 917862.9299404796 1.16875
59455.359860875 2459455.8650806076 226.00669607520103 35.58178313076496 0.0 2.0 1.0 4386397.794001311 918008.5415418566 1.16875
59455.360566805 2459455.865786489 227.02316544950008 36.59825250506401 0.0 2.0 0.0 4386134.215727791 917912.9327269249 1.16875
59455.361272915005 2459455.8664925494 228.03989231586456 37.61497937142849 0.0 2.0 1.0 4386122.542185316 917896.9120240683 1.16875
59455.361978839996 2459455.8671984253 229.05635364353657 38.631440699100494 0.0 2.0 0.0 4384214.037047899 917526.3894507582 1.16875
59455.36268495 2459455.8679044857 230.07308050990105 39.64816756546497 0.0 2.0 1.0 4385470.504123076 917761.8375056502 1.16875
59455.363390875 2459455.8686103607 231.08954049646854 40.66462755203247 0.0 2.0 0.0 4385146.554886444 917704.1025498623 1.16875
59455.36409699 2459455.869316425 232.1062733978033 41.68136045336723 0.0 2.0 1.0 4382825.514454938 917224.2607614859 1.16875
59455.40133069 2459455.9065482863 285.7201534509659 0.0 0.0 3.0 0.0 4374026.923073844 915484.4646431729 1.16875
59455.402036805 2459455.9072543806 286.7369292676449 1.0167758166790009 0.0 3.0 1.0 4372657.189999718 915145.7596887245 1.16875
59455.40274273 2459455.9079602845 287.7534308284521 2.033277377486229 0.0 3.0 0.0 4378029.693414674 916300.6662502952 1.16875
59455.40344884 2459455.9086663737 288.7701992690563 3.050045818090439 0.0 3.0 1.0 4374320.53363135 915541.5155402271 1.16875
59455.404154765 2459455.9093722766 289.78669948875904 4.0665460377931595 0.0 3.0 0.0 4376475.492137315 915941.5644799586 1.16875
59455.404860875 2459455.9100783644 290.8034659177065 5.083312466740608 0.0 3.0 1.0 4373103.756704209 915270.9644507546 1.16875
59455.405566805 2459455.9107842715 291.8199721723795 6.099818721413612 0.0 3.0 0.0 4378065.916791519 916331.4613618838 1.16875
59455.406272915 2459455.9114903584 292.83673726022243 7.116583809256554 0.0 3.0 1.0 4375702.507428274 915804.2107483986 1.16875
59455.406978839994 2459455.912196259 293.8532341271639 8.133080676198006 0.0 3.0 0.0 4378651.822399776 916371.852348257 1.16875
59455.40768495 2459455.9129023445 294.86999720335007 9.149843752384186 0.0 3.0 1.0 4373392.5659438595 915306.811678325 1.16875
59455.408390875 2459455.9136082437 295.88649205863476 10.166338607668877 0.0 3.0 0.0 4379019.65989616 916480.411723665 1.16875
59455.40909699 2459455.914314332 296.90325915813446 11.183105707168579 0.0 3.0 1.0 4376179.006558121 915914.7661326219 1.16875
59455.409802915005 2459455.91502023 297.91975267231464 12.199599221348763 0.0 3.0 0.0 4377616.063197326 916220.4702879137 1.16875
59455.410509025 2459455.915726312 298.9365103840828 13.216356933116913 0.0 3.0 1.0 4373598.441356472 915344.7842013353 1.16875
59455.41121495 2459455.916432208 299.9530005455017 14.232847094535828 0.0 3.0 0.0 4379087.725234355 916499.1894884885 1.16875
59455.411921060004 2459455.917138288 300.96975557506084 15.249602124094963 0.0 3.0 1.0 4376520.1908969395 915998.7167294066 1.16875
59455.41262699 2459455.917844187 301.98625043034554 16.266096979379654 0.0 3.0 0.0 4377635.68470508 916156.9819777968 1.16875
59455.4133331 2459455.9185502646 303.0030021071434 17.28284865617752 0.0 3.0 1.0 4372827.568815973 915183.4980777896 1.16875
59455.414039024996 2459455.9192561572 304.01948757469654 18.29933412373066 0.0 3.0 0.0 4376350.612340986 915948.3026230136 1.16875
59455.414745140006 2459455.919962238 305.0362439453602 19.316090494394302 0.0 3.0 1.0 4371946.741988722 915043.5789197295 1.16875
59455.415451060006 2459455.920668123 306.052718013525 20.332564562559128 0.0 3.0 0.0 4374091.2677487265 915432.302632702 1.16875
59455.416157175 2459455.921374202 307.06947170197964 21.349318251013756 0.0 3.0 1.0 4369319.238127151 914493.7127040277 1.16875
59455.4168631 2459455.9220800903 308.0859511345625 22.36579768359661 0.0 3.0 0.0 4371714.364404628 914996.992900941 1.16875
59455.417569209996 2459455.922786162 309.10269409418106 23.38254064321518 0.0 3.0 1.0 4367841.688756217 914218.2226046616 1.16875
59455.41827514 2459455.923492053 310.11917755007744 24.399024099111557 0.0 3.0 0.0 4370556.538127573 914779.0944090253 1.16875
59455.418981245 2459455.9241981176 311.1359104514122 25.41575700044632 0.0 3.0 1.0 4366359.460816091 913873.4973348079 1.16875
59455.419687175 2459455.924904007 312.15239122509956 26.432237774133682 0.0 3.0 0.0 4368940.849951301 914348.5323134691 1.16875
59455.420393285 2459455.925610075 313.1691288203001 27.44897536933422 0.0 3.0 1.0 4364964.160050215 913628.2293695849 1.16875
59455.42109921 2459455.926315957 314.18559953570366 28.465446084737778 0.0 3.0 0.0 4368110.331046142 914199.1649790689 1.16875
59455.421805325 2459455.9270220282 315.20234182477 29.482188373804092 0.0 3.0 1.0 4366835.1972411135 914044.3259614811 1.16875
59455.422511245 2459455.927727904 316.218803152442 30.498649701476097 0.0 3.0 0.0 4369973.487896869 914598.8765794218 1.16875
59455.42321736 2459455.9284339733 317.2355427592993 31.515389308333397 0.0 3.0 1.0 4365177.544578648 913657.8212495272 1.16875
59455.423923285 2459455.9291398525 318.25200878083706 32.53185532987118 0.0 3.0 0.0 4368829.884525457 914398.1575490022 1.16875
59455.424629395 2459455.9298459156 319.26873967051506 33.54858621954918 0.0 3.0 1.0 4365313.356311871 913683.7244318582 1.16875
59455.425335325 2459455.930551798 320.2852103859186 34.565056934952736 0.0 3.0 0.0 4368285.192285717 914240.8997604643 1.16875
59455.42604143 2459455.931257855 321.3019325584173 35.58177910745144 0.0 3.0 1.0 4363633.966109441 913260.6478900753 1.16875
59455.426747360005 2459455.931963736 322.3184012621641 36.598247811198235 0.0 3.0 0.0 4366771.440699611 913994.4263583688 1.16875
59455.42745347 2459455.9326697974 323.3351294696331 37.61497601866722 0.0 3.0 1.0 4363638.873256741 913341.1794737563 1.16875
59455.428159395 2459455.9333756734 324.3515907973051 38.631437346339226 0.0 3.0 0.0 4367465.946681419 914127.3407091311 1.16875
59455.428865509995 2459455.9340817383 325.3683243691921 39.64817091822624 0.0 3.0 1.0 4361302.552025123 912831.5671556385 1.16875
59455.429571429995 2459455.934787608 326.38477697968483 40.66462352871895 0.0 3.0 0.0 4367529.032207955 914110.0796264297 1.16875
59455.430277545 2459455.9354936727 327.4015098810196 41.68135643005371 0.0 3.0 1.0 4363520.851806746 913331.9016665686 1.16875
59455.467488099996 2459455.9727023863 380.98205745220184 0.0 0.0 4.0 0.0 4355755.031200018 911740.1347492635 1.16875
59455.46819421 2459455.9734084755 381.99882589280605 1.01676844060421 0.0 4.0 1.0 4349382.818123816 910475.7253603793 1.16875
59455.468900135 2459455.9741143794 383.0153274536133 2.033270001411438 0.0 4.0 0.0 4358664.190005173 912304.2500260589 1.16875
59455.46960625 2459455.974820473 384.03210259974 3.050045147538185 0.0 4.0 1.0 4353516.451897613 911284.8537948298 1.16875
59455.47031217 2459455.9755263715 385.0485961139202 4.0665386617183685 0.0 4.0 0.0 4359391.195170216 912497.4972927318 1.16875
59455.471018284996 2459455.976232464 386.0653692483902 5.0833117961883545 0.0 4.0 1.0 4355145.829605298 911597.9870773335 1.16875
59455.47172421 2459455.976938366 387.0818681269884 6.099810674786568 0.0 4.0 0.0 4359762.138816612 912565.2343261774 1.16875
59455.472430320006 2459455.9776444524 388.0986325442791 7.116575092077255 0.0 4.0 1.0 4352915.018414534 911109.8067709006 1.16875
59455.47313625 2459455.9783503585 389.1151374578476 8.133080005645752 0.0 4.0 0.0 4358717.6851966195 912348.8985823706 1.16875
59455.473842355 2459455.9790564384 390.13189248740673 9.149835035204887 0.0 4.0 1.0 4353596.8826902835 911256.5343984329 1.16875
59455.474548285 2459455.9797623428 391.1483947187662 10.16633726656437 0.0 4.0 0.0 4359569.704867723 912491.1756441398 1.16875
59455.475254395 2459455.9804684264 392.1651551127434 11.183097660541534 0.0 4.0 1.0 4352790.468573305 911125.8417403698 1.16875
59455.47596032 2459455.981174324 393.1816479563713 12.199590504169464 0.0 4.0 0.0 4358895.285902594 912420.9511629874 1.16875
59455.476666435 2459455.981880411 394.19841304421425 13.216355592012405 0.0 4.0 1.0 4353975.213334298 911359.1975438325 1.16875
59455.477372355 2459455.982586302 395.2148958295584 14.23283837735653 0.0 4.0 0.0 4360206.442449444 912677.5097912614 1.16875
59455.47807847 2459455.983292387 396.2316582351923 15.249600782990456 0.0 4.0 1.0 4355331.73131082 911637.5215941264 1.16875
59455.478784395 2459455.9839982805 397.24814504384995 16.266087591648102 0.0 4.0 0.0 4359142.1309503 912385.8758307268 1.16875
59455.479490505 2459455.984704359 398.2648980617523 17.282840609550476 0.0 4.0 1.0 4355175.350141443 911615.9462172318 1.16875
59455.480196435004 2459455.985410256 399.28138956427574 18.2993321120739 0.0 4.0 0.0 4359041.464992251 912394.6529403715 1.16875
59455.48090254 2459455.986116327 400.29813185334206 19.316074401140213 0.0 4.0 1.0 4351982.20694138 910954.4652731896 1.16875
59455.48160847 2459455.986822222 401.31462067365646 20.33256322145462 0.0 4.0 0.0 4360090.054329513 912624.5310111995 1.16875
59455.482314580004 2459455.9875282957 402.3313669860363 21.349309533834457 0.0 4.0 1.0 4355615.324771658 911688.6531464926 1.16875
59455.483020505 2459455.9882341833 403.34784507751465 22.365787625312805 0.0 4.0 0.0 4359896.319599032 912590.2086177167 1.16875
59455.483726620005 2459455.988940261 404.3645967543125 23.382539302110672 0.0 4.0 1.0 4353660.9690671675 911327.0250805869 1.16875
59455.484432540004 2459455.9896461414 405.38106478750706 24.399007335305214 0.0 4.0 0.0 4361112.617190446 912801.1047540869 1.16875
59455.485138655 2459455.9903522166 406.39781311154366 25.415755659341812 0.0 4.0 1.0 4355915.5130068865 911725.9541992812 1.16875
59455.48584458 2459455.9910581005 407.414285838604 26.43222838640213 0.0 4.0 0.0 4359651.089056899 912555.9306764292 1.16875
59455.486550689995 2459455.9917641687 408.43102410435677 27.448966652154922 0.0 4.0 1.0 4353165.668743996 911171.8230740009 1.16875
59455.48725662 2459455.9924700554 409.4475008547306 28.465443402528763 0.0 4.0 0.0 4360091.308560307 912638.8778604378 1.16875
59455.48796273 2459455.993176122 410.46423710882664 29.482179656624794 0.0 4.0 1.0 4354243.093209579 911416.4742751932 1.16875
59455.488668655 2459455.9938820023 411.4807044714689 30.498647019267082 0.0 4.0 0.0 4360962.506030174 912840.7685042444 1.16875
59455.489374765 2459455.994588067 412.4974373728037 31.515379920601845 0.0 4.0 1.0 4353780.778284011 911291.1270779159 1.16875
59455.49008069 2459455.9952939455 413.5139027237892 32.53184527158737 0.0 4.0 0.0 4360215.40241455 912648.5089088032 1.16875
59455.490786805 2459455.996000014 414.530640989542 33.548583537340164 0.0 4.0 1.0 4353969.141082919 911371.3712041598 1.16875
59455.49149273 2459455.9967058916 415.547104999423 34.565047547221184 0.0 4.0 0.0 4360586.919795153 912740.8813900535 1.16875
59455.49219884 2459455.9974119533 416.56383387744427 35.581776425242424 0.0 4.0 1.0 4353442.648522495 911271.7336645749 1.16875
59455.492904765 2459455.9981178297 417.5802958756685 36.59823842346668 0.0 4.0 0.0 4360714.392628712 912733.5041436922 1.16875
59455.493610875 2459455.998823891 418.5970240831375 37.61496663093567 0.0 4.0 1.0 4353573.048591446 911314.3985264135 1.16875
59455.494316805 2459455.9995297715 419.61349211633205 38.63143466413021 0.0 4.0 0.0 4359211.810568804 912469.8194687966 1.16875
59455.495022915 2459456.0002358314 420.6302183121443 39.648160859942436 0.0 4.0 1.0 4354692.329009282 911526.3802449306 1.16875
59455.495728840004 2459456.0009417064 421.6466782987118 40.66462084650993 0.0 4.0 0.0 4358611.250808986 912331.5635499479 1.16875
59455.49643495 2459456.0016477657 422.66340382397175 41.681346371769905 0.0 4.0 1.0 4352626.279775049 911065.280128285 1.16875
59455.533657175 2459456.038868145 476.26075007021427 0.0 0.0 5.0 0.0 4347442.817355684 909958.7193410513 1.16875
59455.534363285 2459456.0395742343 477.2775185108185 1.01676844060421 0.0 5.0 1.0 4347013.9919958385 909880.3635673305 1.16875
59455.535069210004 2459456.040280138 478.2940200716257 2.033270001411438 0.0 5.0 0.0 4349755.297553254 910420.9402044064 1.16875
59455.535775325 2459456.040986231 479.31079387664795 3.0500438064336777 0.0 5.0 1.0 4347656.291214934 910023.6870602207 1.16875
59455.536481245 2459456.0416921293 480.32728739082813 4.066537320613861 0.0 5.0 0.0 4349683.430154024 910426.3417498487 1.16875
59455.537187359994 2459456.0423982223 481.3440611958504 5.083311125636101 0.0 5.0 1.0 4349246.282927124 910343.9417831425 1.16875
59455.537893285 2459456.0431041243 482.3605600744486 6.099810004234314 0.0 5.0 0.0 4349584.133451286 910413.3313660314 1.16875
59455.538599395004 2459456.0438102107 483.3773244917393 7.1165744215250015 0.0 5.0 1.0 4351900.336211996 910929.9915821995 1.16875
59455.539305325 2459456.0445161164 484.3938287347555 8.133078664541245 0.0 5.0 0.0 4348977.681678878 910253.9073388906 1.16875
59455.54001143 2459456.0452221963 485.41058376431465 9.14983369410038 0.0 5.0 1.0 4349868.293559945 910487.27732893 1.16875
59455.540717359996 2459456.0459281006 486.42708599567413 10.166335925459862 0.0 5.0 0.0 4351390.244667935 910840.8167795705 1.16875
59455.54142347 2459456.0466341837 487.44384571909904 11.183095648884773 0.0 5.0 1.0 4351274.8866097 910804.9545287162 1.16875
59455.542129395 2459456.0473400815 488.460338562727 12.199588492512703 0.0 5.0 0.0 4351158.119843135 910743.4107926373 1.16875
59455.54283551 2459456.0480461684 489.4771036505699 13.216353580355644 0.0 5.0 1.0 4349795.613487014 910475.1738601301 1.16875
59455.54354143 2459456.048752059 490.49358643591404 14.232836365699768 0.0 5.0 0.0 4354796.426962113 911485.6827842502 1.16875
59455.544247544996 2459456.0494581438 491.5103481709957 15.24959810078144 0.0 5.0 1.0 4349645.251333333 910472.4352775381 1.16875
59455.54495347 2459456.050164038 492.5268356502056 16.26608557999134 0.0 5.0 0.0 4351612.047109637 910822.0686921971 1.16875
59455.545659580006 2459456.050870116 493.54358799755573 17.28283792734146 0.0 5.0 1.0 4352852.005006822 911081.4837588336 1.16875
59455.54636551 2459456.051576013 494.5600801706314 18.299330100417137 0.0 5.0 0.0 4351762.67941308 910850.5835117864 1.16875
59455.547071615 2459456.052282084 495.57682178914547 19.316071718931198 0.0 5.0 1.0 4352226.752098285 911000.0413182698 1.16875
59455.547777545 2459456.052987979 496.5933106094599 20.332560539245605 0.0 5.0 0.0 4350358.208012416 910537.7240658442 1.16875
59455.548483655 2459456.053694052 497.61005625128746 21.34930618107319 0.0 5.0 1.0 4351269.024203768 910757.3111855506 1.16875
59455.54918958 2459456.0543999407 498.6265356838703 22.365785613656044 0.0 5.0 0.0 4351615.810683389 910830.6192125651 1.16875
59455.549895695 2459456.0551060173 499.6432860195637 23.382535949349403 0.0 5.0 1.0 4351087.333492089 910715.2108041979 1.16875
59455.550601615 2459456.0558118983 500.65975472331047 24.3990046530962 0.0 5.0 0.0 4351432.274108938 910768.0470897726 1.16875
59455.55130773 2459456.056517973 501.6765023767948 25.415752306580544 0.0 5.0 1.0 4351437.163627152 910814.8634480562 1.16875
59455.552013655004 2459456.057223857 502.69297510385513 26.43222503364086 0.0 5.0 0.0 4354104.318338538 911366.1506701447 1.16875
59455.552719765 2459456.0579299247 503.7097126990557 27.4489626288414 0.0 5.0 1.0 4350998.718040412 910736.1049792075 1.16875
59455.553425695 2459456.058635812 504.72619011998177 28.465440049767494 0.0 5.0 0.0 4355843.027455457 911721.9471804681 1.16875
59455.5541318 2459456.059341873 505.74291832745075 29.48216825723648 0.0 5.0 1.0 4353779.245814306 911311.8246700104 1.16875
59455.55483773 2459456.0600477583 506.75939306616783 30.49864299595356 0.0 5.0 0.0 4356721.026258999 911881.0273087478 1.16875
59455.55554384 2459456.0607538233 507.77612663805485 31.515376567840576 0.0 5.0 1.0 4357167.638296664 911960.5312596706 1.16875
59455.556249764995 2459456.0614597024 508.79259265959263 32.53184258937836 0.0 5.0 0.0 4359703.528293874 912513.4516419534 1.16875
59455.556955880005 2459456.06216577 509.80933025479317 33.548580184578896 0.0 5.0 1.0 4359000.539940547 912341.4926926018 1.16875
59455.557661800005 2459456.062871643 510.8257868885994 34.565036818385124 0.0 5.0 0.0 4361313.990156241 912808.3483663069 1.16875
59455.558367915 2459456.0635777097 511.8425231426954 35.581773072481155 0.0 5.0 1.0 4358090.343875594 912137.4291504173 1.16875
59455.55907384 2459456.0642835856 512.8589844703674 36.59823440015316 0.0 5.0 0.0 4359241.790906998 912360.5431241082 1.16875
59455.559779949996 2459456.064989647 513.8757126778364 37.61496260762215 0.0 5.0 1.0 4357345.6104869535 912030.7798046105 1.16875
59455.56048588 2459456.0656955275 514.892180711031 38.63143064081669 0.0 5.0 0.0 4359678.751942564 912489.7329460984 1.16875
59455.561191985 2459456.0664015827 515.9089002013206 39.64815013110638 0.0 5.0 1.0 4357026.328847111 911924.3886747593 1.16875
59455.561897915 2459456.0671074623 516.9253668934107 40.66461682319641 0.0 5.0 0.0 4360612.556710277 912659.356064524 1.16875
59455.562604025 2459456.067813522 517.9420930892229 41.68134301900864 0.0 5.0 1.0 4357788.566321031 912142.1154409872 1.16875
59455.600555325 2459456.1057629506 572.5892700254917 0.0 0.0 6.0 0.0 4349476.600920054 910411.5998877886 1.16875
59455.60126143 2459456.106469034 573.6060304194689 1.0167603939771652 0.0 6.0 1.0 4346329.763089908 909793.9862587481 1.16875
59455.601967359995 2459456.1071749427 574.6225386857986 2.0332686603069305 0.0 6.0 0.0 4352933.181344456 911155.417499361 1.16875
59455.60267347 2459456.107881031 575.6393057852983 3.050035759806633 0.0 6.0 1.0 4347776.828395419 910048.36693518 1.16875
59455.603379395005 2459456.108586933 576.6558046638966 4.066534638404846 0.0 6.0 0.0 4352781.274662871 911067.0813229845 1.16875
59455.60408551 2459456.1092930255 577.6725777983665 5.083307772874832 0.0 6.0 1.0 4347749.549679022 910023.4832137258 1.16875
59455.60479143 2459456.1099989214 578.6890679597855 6.099797934293747 0.0 6.0 0.0 4354089.100551862 911385.847792011 1.16875
59455.605497545 2459456.110705012 579.7058384120464 7.116568386554718 0.0 6.0 1.0 4347807.513282528 910055.7744047684 1.16875
59455.60620347 2459456.111410912 580.7223346084356 8.133064582943916 0.0 6.0 0.0 4355114.485456422 911630.8842028391 1.16875
59455.606909580005 2459456.112116996 581.739095672965 9.149825647473335 0.0 6.0 1.0 4349384.1243811995 910372.1247852717 1.16875
59455.60761551 2459456.1128228996 582.75559656322 10.16632653772831 0.0 6.0 0.0 4355940.238444218 911821.7949101229 1.16875
59455.608321615 2459456.113528977 583.7723482400179 11.183078214526176 0.0 6.0 1.0 4348786.309685383 910228.862661936 1.16875
59455.609027545 2459456.1142348787 584.7888464480639 12.199576422572136 0.0 6.0 0.0 4355304.908959415 911636.3493612148 1.16875
59455.60973347 2459456.114940774 585.8053359389305 13.216065913438797 0.0 6.0 1.0 4348827.953807951 910242.9089026579 1.16875
59455.61043958 2459456.115646854 586.8220909684896 14.232820942997932 0.0 6.0 0.0 4354491.780318993 911458.4020038001 1.16875
59455.611145695 2459456.116352938 587.8388520330191 15.249582007527351 0.0 6.0 1.0 4348078.164892682 910120.8521312672 1.16875
59455.611851615 2459456.1170588257 588.8553301244974 16.2660600990057 0.0 6.0 0.0 4354459.588438826 911434.7829769647 1.16875
59455.612557545 2459456.1177647226 589.8718216270208 17.28255160152912 0.0 6.0 1.0 4349709.791629734 910471.7190118621 1.16875
59455.613263655 2459456.1184707982 590.8885706216097 18.299300596117973 0.0 6.0 0.0 4356591.723036019 911894.791027048 1.16875
59455.613969765 2459456.1191768735 591.9053189456463 19.31604892015457 0.0 6.0 1.0 4349161.844775465 910352.6548449091 1.16875
59455.614675695004 2459456.119882767 592.9218057543039 20.332535728812218 0.0 6.0 0.0 4353494.466315104 911255.5280356073 1.16875
59455.6153818 2459456.120588835 593.9385433495045 21.349273324012756 0.0 6.0 1.0 4347817.830152283 910051.8776424644 1.16875
59455.61608773 2459456.1212947266 594.9550274759531 22.365757450461388 0.0 6.0 0.0 4353693.76522489 911299.9228282437 1.16875
59455.61679384 2459456.1220007977 595.9717697650194 23.382499739527702 0.0 6.0 1.0 4347914.872340704 910060.0701000444 1.16875
59455.617499765 2459456.1227066824 596.9882438331842 24.398973807692528 0.0 6.0 0.0 4354689.461076311 911514.1187147729 1.16875
59455.618205880004 2459456.123412756 598.0049894750118 25.41571944952011 0.0 6.0 1.0 4347357.462464084 909969.1740277066 1.16875
59455.618911800004 2459456.124118634 599.0214541554451 26.432184129953384 0.0 6.0 0.0 4354927.251973111 911582.4671274585 1.16875
59455.619617915 2459456.124824706 600.0381977856159 27.448927760124207 0.0 6.0 1.0 4349227.123995976 910294.112950727 1.16875
59455.62032384 2459456.125530587 601.0546664893627 28.465396463871002 0.0 6.0 0.0 4355271.9754854385 911634.7103531505 1.16875
59455.621029949994 2459456.1262366525 602.071400731802 29.482130706310272 0.0 6.0 1.0 4349221.612276145 910345.0938352423 1.16875
59455.621735880006 2459456.1269425373 603.0878747999668 30.498604774475098 0.0 6.0 0.0 4355999.852988505 911767.9156730286 1.16875
59455.622441985004 2459456.127648596 604.1045996546745 31.515329629182816 0.0 6.0 1.0 4349402.960773257 910392.908453689 1.16875
59455.623147915 2459456.128354479 605.1210710406303 32.531801015138626 0.0 6.0 0.0 4354127.978424097 911426.642112489 1.16875
59455.62385384 2459456.1290603564 606.1375343799591 33.54826435446739 0.0 6.0 1.0 4345437.82445345 909579.5003848424 1.16875
59455.624559949996 2459456.129766418 607.1542632579803 34.56499323248863 0.0 6.0 0.0 4353777.677863887 911311.5160762628 1.16875
59455.625266065 2459456.1304724845 608.1709988415241 35.58172881603241 0.0 6.0 1.0 4347741.4158521565 909998.2161648561 1.16875
59455.625971985 2459456.1311783553 609.1874527931213 36.59818276762962 0.0 6.0 0.0 4356210.156263633 911809.1085650293 1.16875
59455.626677915 2459456.131884236 610.2039208263159 37.614650800824165 0.0 6.0 1.0 4348287.34584787 910165.5136915286 1.16875
59455.627384025 2459456.132590296 611.2206476926804 38.631377667188644 0.0 6.0 0.0 4353401.11590633 911260.073018695 1.16875
59455.628090135 2459456.1332963556 612.2373732179403 39.648103192448616 0.0 6.0 1.0 4347619.440683138 910044.591899492 1.16875
59455.670902540005 2459456.176106704 673.8842748105526 0.0 0.0 7.0 0.0 4342035.799818339 908892.4294890111 1.16875
59455.671608655 2459456.1768127945 674.9010452628136 1.016770452260971 0.0 7.0 1.0 4343738.865265839 909181.3870869365 1.16875
59455.67231458 2459456.1775186947 675.9175414592028 2.0332666486501694 0.0 7.0 0.0 4344208.043272182 909296.4356579477 1.16875
59455.673020505 2459456.1782245934 676.9340356439352 3.0497608333826065 0.0 7.0 1.0 4342759.265427565 909028.4551728434 1.16875
59455.67372662 2459456.178930682 677.9508034139872 4.066528603434563 0.0 7.0 0.0 4344035.80705141 909226.6146382334 1.16875
59455.67443273 2459456.1796367643 678.9675617963076 5.083286985754967 0.0 7.0 1.0 4343463.918297243 909114.9784004993 1.16875
59455.675138655 2459456.180342661 679.984053298831 6.099778488278389 0.0 7.0 0.0 4345208.913847118 909487.0645956602 1.16875
59455.675844765 2459456.1810487416 681.0008089989424 7.116534188389778 0.0 7.0 1.0 4344543.310590833 909367.5298440275 1.16875
59455.67655069 2459456.1817546366 682.0172978192568 8.133023008704185 0.0 7.0 0.0 4345590.535954917 909563.3757328936 1.16875
59455.677256805 2459456.18246072 683.034058213234 9.14978340268135 0.0 7.0 1.0 4344574.716995722 909363.5565103039 1.16875
59455.67796273 2459456.1831666133 684.0505443513393 10.166269540786743 0.0 7.0 0.0 4345913.223258644 909614.7556082078 1.16875
59455.678668655004 2459456.183872505 685.067028477788 11.182753667235374 0.0 7.0 1.0 4346218.933845811 909735.1049427256 1.16875
59455.679374765 2459456.1845785812 686.0837781429291 12.19950333237648 0.0 7.0 0.0 4344887.027894014 909442.3294764976 1.16875
59455.680080875 2459456.1852846555 687.1005251258612 13.21625031530857 0.0 7.0 1.0 4346272.212139851 909718.3327295508 1.16875
59455.680786805 2459456.18599055 688.1170132756233 14.232738465070724 0.0 7.0 0.0 4345440.606901421 909592.1669692382 1.16875
59455.681492915 2459456.1866966225 689.1337575763464 15.2494827657938 0.0 7.0 1.0 4347552.21266242 909989.2004178922 1.16875
59455.682198840004 2459456.1874025096 690.1502349972725 16.265960186719894 0.0 7.0 0.0 4346612.378314493 909783.0732110941 1.16875
59455.68290495 2459456.1881085797 691.1669759452343 17.2827011346817 0.0 7.0 1.0 4347009.173989507 909846.1771933665 1.16875
59455.683610875 2459456.188814465 692.1834506839514 18.29917587339878 0.0 7.0 0.0 4347665.321360847 909994.5537889327 1.16875
59455.684316804996 2459456.189520354 693.1999307870865 19.31565597653389 0.0 7.0 1.0 4346144.01841566 909670.6357143362 1.16875
59455.685022915 2459456.1902264217 694.216668382287 20.33239357173443 0.0 7.0 0.0 4346630.930065086 909795.0111573448 1.16875
59455.685729025005 2459456.1909324885 695.233404636383 21.34912982583046 0.0 7.0 1.0 4345500.033633941 909584.4273601412 1.16875
59455.68643495 2459456.19163837 696.2498740106821 22.36559920012951 0.0 7.0 0.0 4345908.090640164 909665.3300029972 1.16875
59455.687140875 2459456.19234425 697.2663413733244 23.382066562771797 0.0 7.0 1.0 4343911.147275863 909240.2864730508 1.16875
59455.68784699 2459456.19305032 698.283081650734 24.39880684018135 0.0 7.0 0.0 4343176.832886902 909030.7551495922 1.16875
59455.6885531 2459456.193756384 699.2998138815165 25.41553907096386 0.0 7.0 1.0 4344764.041593497 909451.6601061403 1.16875
59455.689259025 2459456.1944622616 700.3162778913975 26.43200308084488 0.0 7.0 0.0 4346233.235885493 909713.2040140275 1.16875
59455.68996495 2459456.1951681394 701.3327419012785 27.4484670907259 0.0 7.0 1.0 4344783.343520353 909411.5307327152 1.16875
59455.69067106 2459456.1958742016 702.349471449852 28.465196639299393 0.0 7.0 0.0 4347079.171417963 909873.1079799194 1.16875
59455.691377175 2459456.1965802675 703.3662063628435 29.481931552290916 0.0 7.0 1.0 4345250.937323385 909461.6782637074 1.16875
59455.6920831 2459456.1972861434 704.3826676905155 30.49839287996292 0.0 7.0 0.0 4345571.213138106 909584.2613319117 1.16875
59455.692789025 2459456.197992019 705.3991283476353 31.514853537082672 0.0 7.0 1.0 4343669.425611721 909174.348527352 1.16875
59455.69349514 2459456.198698084 706.4158619195223 32.53158710896969 0.0 7.0 0.0 4344240.5192323355 909290.1965003309 1.16875
59455.694201245 2459456.1994041386 707.4325807392597 33.54830592870712 0.0 7.0 1.0 4344742.866075803 909452.9887829041 1.16875
