# %ECSV 1.0
# ---
# datatype:
# - {name: t_mjd, datatype: float64}
# - {name: t_bjd, datatype: float64}
# - {name: t_visit, datatype: float64}
# - {name: t_orbit, datatype: float64}
# - {name: ivisit, datatype: float64}
# - {name: iorbit, datatype: float64}
# - {name: scan, datatype: float64}
# - {name: spec_opt, datatype: float64}
# - {name: var_opt, datatype: float64}
# - {name: wave, datatype: float64}
# schema: astropy-2.0
t_mjd t_bjd t_visit t_orbit ivisit iorbit scan spec_opt var_opt wave
59455.203888655 2459455.7091161143 1.4178257435560226 1.4178257435560226 0.0 0.0 0.0 4110895.660226739 864487.044551523 1.14625
59455.20459458 2459455.7098220186 2.4343279749155045 2.4343279749155045 0.0 0.0 1.0 4133593.902537634 869172.9905597831 1.14625
59455.205300689995 2459455.7105281074 3.4510957449674606 3.4510957449674606 0.0 0.0 0.0 4137926.6258542826 870081.323946639 1.14625
59455.20600662 2459455.7112340154 4.467603340744972 4.467603340744972 0.0 0.0 1.0 4146534.6118542864 871866.7080264078 1.14625
59455.20671273 2459455.7119401037 5.484370440244675 5.484370440244675 0.0 0.0 0.0 4148619.601643336 872256.5816986775 1.14625
59455.207418655 2459455.712646005 6.500868648290634 6.500868648290634 0.0 0.0 1.0 4155522.396343357 873727.8406297958 1.14625
59455.208124765 2459455.713352092 7.517633736133575 7.517633736133575 0.0 0.0 0.0 4154464.362436947 873498.6129860169 1.14625
59455.20883069 2459455.7140579927 8.534130603075027 8.534130603075027 0.0 0.0 1.0 4159295.1842099796 874516.9374261872 1.14625
59455.209536805 2459455.7147640823 9.550899714231491 9.550899714231491 0.0 0.0 0.0 4160379.5215585358 874664.2047542228 1.14625
59455.21024273 2459455.715469982 10.567395240068436 10.567395240068436 0.0 0.0 1.0 4161672.524404773 875023.2871399012 1.14625
59455.21094884 2459455.716176065 11.584154963493347 11.584154963493347 0.0 0.0 0.0 4162065.9388414053 875038.7386167422 1.14625
59455.211654765 2459455.716881963 12.600647807121277 12.600647807121277 0.0 0.0 1.0 4163415.4694197606 875404.3423720474 1.14625
59455.212360875 2459455.7175880447 13.617405518889427 13.617405518889427 0.0 0.0 0.0 4162717.5715938644 875186.9786736902 1.14625
59455.213066805 2459455.7182939453 14.63390238583088 14.63390238583088 0.0 0.0 1.0 4162921.713778391 875236.5863897795 1.14625
59455.213772915 2459455.7190000247 15.650656744837761 15.650656744837761 0.0 0.0 0.0 4164847.262362739 875628.3736189308 1.14625
59455.214478840004 2459455.719705919 16.66714422404766 16.66714422404766 0.0 0.0 1.0 4166140.5437051966 875910.9943861793 1.14625
59455.21518495 2459455.7204119964 17.683895900845528 17.683895900845528 0.0 0.0 0.0 4164848.0056870906 875606.1296616908 1.14625
59455.215890875 2459455.721117888 18.70038002729416 18.70038002729416 0.0 0.0 1.0 4165412.143522239 875777.3177109507 1.14625
59455.216596989994 2459455.721823969 19.717136397957802 19.717136397957802 0.0 0.0 0.0 4165545.6340054744 875767.1796025804 1.14625
59455.217302915 2459455.722529859 20.733617842197418 20.733617842197418 0.0 0.0 1.0 4165950.8554621604 875904.6236956184 1.14625
59455.218009025004 2459455.723235932 21.750363484025 21.750363484025 0.0 0.0 0.0 4165353.882069513 875723.5893593886 1.14625
59455.21871495 2459455.7239418197 22.76684157550335 22.76684157550335 0.0 0.0 1.0 4166277.1618639966 875947.5668019973 1.14625
59455.21942106 2459455.7246478912 23.783584535121918 23.783584535121918 0.0 0.0 0.0 4167174.9710104475 876091.495598996 1.14625
59455.220126989996 2459455.725353782 24.80006732046604 24.80006732046604 0.0 0.0 1.0 4164647.5961953388 875570.9565948704 1.14625
59455.2208331 2459455.7260598517 25.816807597875595 25.816807597875595 0.0 0.0 0.0 4166257.942484197 875911.5956418015 1.14625
59455.221539025 2459455.7267657355 26.833280324935913 26.833280324935913 0.0 0.0 1.0 4164321.867060981 875547.8390552783 1.14625
59455.22224514 2459455.727471808 27.85002462565899 27.85002462565899 0.0 0.0 0.0 4167526.049461198 876142.1922006997 1.14625
59455.22295106 2459455.728177685 28.8664872944355 28.8664872944355 0.0 0.0 1.0 4164584.639421408 875606.682720928 1.14625
59455.223657174996 2459455.728883756 29.883229583501816 29.883229583501816 0.0 0.0 0.0 4165808.3439522726 875800.3330399386 1.14625
59455.2243631 2459455.729589636 30.899696946144104 30.899696946144104 0.0 0.0 1.0 4167741.54552181 876287.142395888 1.14625
59455.225069210006 2459455.7302957005 31.916429847478867 31.916429847478867 0.0 0.0 0.0 4165736.0876806704 875795.6952434758 1.14625
59455.22577514 2459455.731001584 32.93290190398693 32.93290190398693 0.0 0.0 1.0 4166576.838869292 876041.8781027793 1.14625
59455.226481245 2459455.731707642 33.94962541759014 33.94962541759014 0.0 0.0 0.0 4165212.886660596 875665.6774712779 1.14625
59455.227187175 2459455.7324135243 34.9660961329937 34.9660961329937 0.0 0.0 1.0 4163717.4629706237 875397.7494643749 1.14625
59455.227893285 2459455.733119586 35.98282501101494 35.98282501101494 0.0 0.0 0.0 4165543.496810536 875797.5024910743 1.14625
59455.22859921 2459455.7338254624 36.9992870092392 36.9992870092392 0.0 0.0 1.0 4164235.309632673 875528.6243008499 1.14625
59455.229305325 2459455.7345315283 38.01602192223072 38.01602192223072 0.0 0.0 0.0 4164439.4990581884 875539.3291155201 1.14625
59455.230011245 2459455.735237399 39.032475873827934 39.032475873827934 0.0 0.0 1.0 4165594.025247773 875789.1173887897 1.14625
59455.23071736 2459455.735943464 40.04920944571495 40.04920944571495 0.0 0.0 0.0 4165056.771581862 875669.2003058739 1.14625
59455.231423285004 2459455.7366493386 41.065668761730194 41.065668761730194 0.0 0.0 1.0 4163788.7100483263 875430.5471624668 1.14625
59455.268981245 2459455.7742054434 95.14645971357822 0.0 0.0 1.0 0.0 4151521.2011329085 872870.6039338419 1.14625
59455.269687175 2459455.774911353 96.1629693210125 1.0165096074342728 0.0 1.0 1.0 4143625.1043286375 871259.845836988 1.14625
59455.270393285 2459455.7756174426 97.17973843216896 2.0332787185907364 0.0 1.0 0.0 4152771.2112075645 873110.2835159289 1.14625
59455.271099210004 2459455.776323346 98.19623932242393 3.0497796088457108 0.0 1.0 1.0 4144522.0444720355 871449.2294389032 1.14625
59455.271805325 2459455.77702944 99.21301446855068 4.066554754972458 0.0 1.0 0.0 4153020.919907318 873183.0871168467 1.14625
59455.272511245 2459455.777735338 100.22950798273087 5.083048269152641 0.0 1.0 1.0 4145360.169461823 871642.0280749098 1.14625
59455.273217359994 2459455.77844143 101.2462804466486 6.0998207330703735 0.0 1.0 0.0 4155456.042167667 873674.5963723792 1.14625
59455.273923285 2459455.7791473316 102.26277865469456 7.116318941116333 0.0 1.0 1.0 4144489.2370303688 871443.8523934778 1.14625
59455.274629395004 2459455.779853418 103.27954307198524 8.13308335840702 0.0 1.0 0.0 4153372.984292456 873246.185330763 1.14625
59455.275335325 2459455.7805593233 104.29604664444923 9.14958693087101 0.0 1.0 1.0 4143990.0070194863 871250.2314264983 1.14625
59455.27604143 2459455.7812654027 105.31280100345612 10.166341289877892 0.0 1.0 0.0 4155783.557579574 873765.1479882029 1.14625
59455.276747359996 2459455.7819713065 106.32930256426334 11.18284285068512 0.0 1.0 1.0 4145417.7874978236 871613.8515801674 1.14625
59455.27745347 2459455.7826773897 107.34606228768826 12.199602574110031 0.0 1.0 0.0 4154163.993708315 873385.3826932785 1.14625
59455.278159395 2459455.7833832866 108.36255379021168 13.216094076633453 0.0 1.0 1.0 4145487.635434808 871727.3701558431 1.14625
59455.27886551 2459455.784089373 109.37931820750237 14.232858493924141 0.0 1.0 0.0 4152178.6677663205 873011.378138848 1.14625
59455.27957143 2459455.784795263 110.39579965174198 15.249339938163757 0.0 1.0 1.0 4144241.1557972208 871321.8471795352 1.14625
59455.280277544996 2459455.7855013474 111.41256138682365 16.26610167324543 0.0 1.0 0.0 4154859.722901104 873604.2793152413 1.14625
59455.28098347 2459455.78620724 112.4290468543768 17.28258714079857 0.0 1.0 1.0 4145164.111801447 871533.140718691 1.14625
59455.281689580006 2459455.7869133176 113.44579853117466 18.299338817596436 0.0 1.0 0.0 4152355.851210156 873098.6175327562 1.14625
59455.28239551 2459455.7876192136 114.46228869259357 19.31582897901535 0.0 1.0 1.0 4144640.5007819463 871463.2491263436 1.14625
59455.283101615 2459455.7883252837 115.47902964055538 20.332569926977158 0.0 1.0 0.0 4151681.599641988 872889.4338045155 1.14625
59455.283807545 2459455.7890311778 116.49551711976528 21.349057406187057 0.0 1.0 1.0 4143118.2936682957 871121.5413654003 1.14625
59455.284513655 2459455.789737251 117.51226276159286 22.36580304801464 0.0 1.0 0.0 4152331.8826944153 873093.7539347145 1.14625
59455.28521958 2459455.790443138 118.52874018251896 23.382280468940735 0.0 1.0 1.0 4142992.733278336 871107.6911296605 1.14625
59455.285925695 2459455.7911492144 119.54548984766006 24.39903013408184 0.0 1.0 0.0 4154999.023293858 873593.069400986 1.14625
59455.286631615 2459455.791855094 120.5619565397501 25.415496826171875 0.0 1.0 1.0 4142232.1797072324 871000.8733583016 1.14625
59455.28733773 2459455.792561169 121.57870419323444 26.43224447965622 0.0 1.0 0.0 4151472.20026795 872931.4960982786 1.14625
59455.288043655004 2459455.7932670517 122.59517557919025 27.44871586561203 0.0 1.0 1.0 4144449.0881389286 871396.5813245605 1.14625
59455.288749765 2459455.793973119 123.61191250383854 28.465452790260315 0.0 1.0 0.0 4153930.493527253 873391.343317993 1.14625
59455.289455695 2459455.794679005 124.62838858366013 29.4819288700819 0.0 1.0 1.0 4143079.7363569983 871089.32706395 1.14625
59455.2901618 2459455.795385066 125.64511612057686 30.498656406998634 0.0 1.0 0.0 4153227.0535765686 873244.6088609642 1.14625
59455.29086773 2459455.7960909507 126.66159018874168 31.51513047516346 0.0 1.0 1.0 4142322.255563314 871006.6784007685 1.14625
59455.29157384 2459455.796797015 127.67832241952419 32.53186270594597 0.0 1.0 0.0 4151264.2297292184 872789.3885976407 1.14625
59455.292279764995 2459455.797502893 128.69478709995747 33.54832738637924 0.0 1.0 1.0 4141441.0877767103 870745.70721805 1.14625
59455.292985880005 2459455.7982089603 129.71152402460575 34.56506431102753 0.0 1.0 0.0 4150419.373595815 872675.5872032343 1.14625
59455.293691800005 2459455.7989148325 130.72797998785973 35.5815202742815 0.0 1.0 1.0 4142707.8250095868 871062.900510518 1.14625
59455.294397915 2459455.799620899 131.7447155714035 36.59825585782528 0.0 1.0 0.0 4150781.5613124357 872736.6880518864 1.14625
59455.29510384 2459455.8003267753 132.76117756962776 37.61471785604954 0.0 1.0 1.0 4142179.4416605826 870918.235261255 1.14625
59455.295809949996 2459455.801032836 133.7779051065445 38.63144539296627 0.0 1.0 0.0 4150731.7349191676 872761.5343992383 1.14625
59455.29651588 2459455.801738716 134.79437246918678 39.64791275560856 0.0 1.0 1.0 4141469.4207887095 870818.9844272985 1.14625
59455.297221985 2459455.802444771 135.81109128892422 40.66463157534599 0.0 1.0 0.0 4151941.0747292563 872911.362200976 1.14625
59455.297927915 2459455.8031506506 136.82755798101425 41.68109826743603 0.0 1.0 1.0 4142127.013738145 870956.0461281588 1.14625
59455.335150135 2459455.840371036 190.42491294443607 0.0 0.0 2.0 0.0 4143114.2051411453 871016.8033192658 1.14625
59455.33585625 2459455.8410771303 191.44168876111507 1.0167758166790009 0.0 2.0 1.0 4139806.612898966 870438.9615489319 1.14625
59455.33656217 2459455.8417830295 192.45818361639977 2.0332706719636917 0.0 2.0 0.0 4145851.252742651 871700.5009693432 1.14625
59455.337268285 2459455.8424891233 193.4749587625265 3.050045818090439 0.0 2.0 1.0 4142051.98305368 870849.245929334 1.14625
59455.33797421 2459455.8431950263 194.49145898222923 4.0665460377931595 0.0 2.0 0.0 4144179.2383972886 871267.6569559982 1.14625
59455.33868032 2459455.843901114 195.50822541117668 5.083312466740608 0.0 2.0 1.0 4141072.3867429635 870646.1587485538 1.14625
59455.339386249994 2459455.8446070217 196.52473233640194 6.099819391965866 0.0 2.0 0.0 4147217.5186864315 871907.0468656056 1.14625
59455.340092355 2459455.8453131034 197.5414900481701 7.116577103734016 0.0 2.0 1.0 4141196.1066598943 870705.4532543794 1.14625
59455.340798285004 2459455.846019009 198.55799429118633 8.13308134675026 0.0 2.0 0.0 4146321.0786637045 871764.4540397947 1.14625
59455.341504395 2459455.8467250946 199.5747573673725 9.14984442293644 0.0 2.0 1.0 4141757.7299249326 870820.5406187646 1.14625
59455.34221032 2459455.847430994 200.5912522226572 10.16633927822113 0.0 2.0 0.0 4147109.122448581 871993.3736679114 1.14625
59455.342916435 2459455.848137083 201.6080206632614 11.18310771882534 0.0 2.0 1.0 4140491.118824526 870575.7386690514 1.14625
59455.343622355 2459455.848842975 202.6245054602623 12.199592515826225 0.0 2.0 0.0 4146749.8970103124 871857.309951353 1.14625
59455.344328470004 2459455.8495490626 203.6412712186575 13.21635827422142 0.0 2.0 1.0 4141290.3485749876 870723.2070883644 1.14625
59455.345034394995 2459455.8502549585 204.6577613800764 14.232848435640335 0.0 2.0 0.0 4147689.741754204 872049.8830915049 1.14625
59455.345740505 2459455.850961039 205.6745170801878 15.249604135751724 0.0 2.0 1.0 4140913.38748511 870652.4334220418 1.14625
59455.346446434996 2459455.8516669376 206.69101126492023 16.26609832048416 0.0 2.0 0.0 4146362.008966936 871731.8117371476 1.14625
59455.347152539995 2459455.852373011 207.70775690674782 17.282843962311745 0.0 2.0 1.0 4141100.9919075985 870697.6429573365 1.14625
59455.347858470006 2459455.853078908 208.72424840927124 18.299335464835167 0.0 2.0 0.0 4144705.1128872954 871409.0815358337 1.14625
59455.34856458 2459455.8537849844 209.7409987449646 19.316085800528526 0.0 2.0 1.0 4139996.645892527 870451.0508429154 1.14625
59455.349270505 2459455.8544908743 210.75748018920422 20.332567244768143 0.0 2.0 0.0 4144108.182256351 871295.9581573308 1.14625
59455.34997662 2459455.8551969533 211.77423387765884 21.34932093322277 0.0 2.0 1.0 4139804.264291969 870404.8332572792 1.14625
59455.350682539996 2459455.855902836 212.79070526361465 22.36579231917858 0.0 2.0 0.0 4145339.5984382746 871564.3188953586 1.14625
59455.351388655 2459455.8566089137 213.80745694041252 23.382543995976448 0.0 2.0 1.0 4139320.858996603 870314.976669514 1.14625
59455.35209458 2459455.8573147994 214.82393234968185 24.39901940524578 0.0 2.0 0.0 4143593.9458243307 871167.6373912938 1.14625
59455.35280069 2459455.8580208695 215.84067329764366 25.415760353207588 0.0 2.0 1.0 4140312.225640314 870515.5049581471 1.14625
59455.35350662 2459455.8587267585 216.85715340077877 26.432240456342697 0.0 2.0 0.0 4143737.9283803483 871193.0585786963 1.14625
59455.35421273 2459455.8594328267 217.87389166653156 27.44897872209549 0.0 2.0 1.0 4141240.2540950035 870681.0170169658 1.14625
59455.354918655 2459455.8601387087 218.89036171138287 28.465448766946793 0.0 2.0 0.0 4146145.6731173 871730.5747075587 1.14625
59455.355624765 2459455.8608447756 219.9070979654789 29.482185021042824 0.0 2.0 1.0 4139411.58469213 870385.9561246847 1.14625
59455.35633069 2459455.8615506557 220.92356532812119 30.498652383685112 0.0 2.0 0.0 4143984.597976483 871265.5036700064 1.14625
59455.357036805 2459455.8622567253 221.94030560553074 31.515392661094666 0.0 2.0 1.0 4139617.9663239997 870393.8880461628 1.14625
59455.35774273 2459455.8629626045 222.95677162706852 32.531858682632446 0.0 2.0 0.0 4145242.5885598287 871555.0356322989 1.14625
59455.358448839994 2459455.863668668 223.97350318729877 33.5485902428627 0.0 2.0 1.0 4139688.0654807165 870387.0861523681 1.14625
59455.359154765 2459455.8643745454 224.98996652662754 34.56505358219147 0.0 2.0 0.0 4143524.930963704 871210.09094156 1.14625
59455.359860875 2459455.8650806076 226.00669607520103 35.58178313076496 0.0 2.0 1.0 4140631.8343206523 870619.2541569453 1.14625
59455.360566805 2459455.865786489 227.02316544950008 36.59825250506401 0.0 2.0 0.0 4143942.5399936405 871260.9984447063 1.14625
59455.361272915005 2459455.8664925494 228.03989231586456 37.61497937142849 0.0 2.0 1.0 4138310.879098916 870079.573608534 1.14625
59455.361978839996 2459455.8671984253 229.05635364353657 38.631440699100494 0.0 2.0 0.0 4144926.982728473 871479.3047177893 1.14625
59455.36268495 2459455.8679044857 230.07308050990105 39.64816756546497 0.0 2.0 1.0 4139966.2902712403 870418.8976267915 1.14625
59455.363390875 2459455.8686103607 231.08954049646854 40.66462755203247 0.0 2.0 0.0 4144499.1766956653 871371.9755792207 1.14625
59455.36409699 2459455.869316425 232.1062733978033 41.68136045336723 0.0 2.0 1.0 4137549.103054 869929.0096351884 1.14625
59455.40133069 2459455.9065482863 285.7201534509659 0.0 0.0 3.0 0.0 4131076.700015673 868673.1976828472 1.14625
59455.402036805 2459455.9072543806 286.7369292676449 1.0167758166790009 0.0 3.0 1.0 4125769.6271410445 867515.0444559287 1.14625
59455.40274273 2459455.9079602845 287.7534308284521 2.033277377486229 0.0 3.0 0.0 4136210.234543792 869723.1389038733 1.14625
59455.40344884 2459455.9086663737 288.7701992690563 3.050045818090439 0.0 3.0 1.0 4126598.9215859454 867730.5902309878 1.14625
59455.404154765 2459455.9093722766 289.78669948875904 4.0665460377931595 0.0 3.0 0.0 4135683.7323747897 869577.9798440007 1.14625
59455.404860875 2459455.9100783644 290.8034659177065 5.083312466740608 0.0 3.0 1.0 4126475.18516557 867701.6575770854 1.14625
59455.405566805 2459455.9107842715 291.8199721723795 6.099818721413612 0.0 3.0 0.0 4135512.1217750986 869603.828049293 1.14625
59455.406272915 2459455.9114903584 292.83673726022243 7.116583809256554 0.0 3.0 1.0 4127920.305356582 867972.9212119611 1.14625
59455.406978839994 2459455.912196259 293.8532341271639 8.133080676198006 0.0 3.0 0.0 4133095.521808704 869012.605175642 1.14625
59455.40768495 2459455.9129023445 294.86999720335007 9.149843752384186 0.0 3.0 1.0 4128505.785122122 868094.4004973002 1.14625
59455.408390875 2459455.9136082437 295.88649205863476 10.166338607668877 0.0 3.0 0.0 4135080.1963746473 869468.2657882511 1.14625
59455.40909699 2459455.914314332 296.90325915813446 11.183105707168579 0.0 3.0 1.0 4128199.6004947005 868051.419717186 1.14625
59455.409802915005 2459455.91502023 297.91975267231464 12.199599221348763 0.0 3.0 0.0 4135593.698059357 869604.1718570564 1.14625
59455.410509025 2459455.915726312 298.9365103840828 13.216356933116913 0.0 3.0 1.0 4127836.64082641 867949.5432567443 1.14625
59455.41121495 2459455.916432208 299.9530005455017 14.232847094535828 0.0 3.0 0.0 4134693.6449785815 869386.3049362563 1.14625
59455.411921060004 2459455.917138288 300.96975557506084 15.249602124094963 0.0 3.0 1.0 4128659.0602572574 868167.6260834035 1.14625
59455.41262699 2459455.917844187 301.98625043034554 16.266096979379654 0.0 3.0 0.0 4135106.542355224 869432.3776719685 1.14625
59455.4133331 2459455.9185502646 303.0030021071434 17.28284865617752 0.0 3.0 1.0 4126935.879745204 867750.5146405576 1.14625
59455.414039024996 2459455.9192561572 304.01948757469654 18.29933412373066 0.0 3.0 0.0 4132820.2034786013 869019.134389105 1.14625
59455.414745140006 2459455.919962238 305.0362439453602 19.316090494394302 0.0 3.0 1.0 4123532.098781894 867093.3728443194 1.14625
59455.415451060006 2459455.920668123 306.052718013525 20.332564562559128 0.0 3.0 0.0 4130373.3460633894 868461.8069982599 1.14625
59455.416157175 2459455.921374202 307.06947170197964 21.349318251013756 0.0 3.0 1.0 4121169.9881113716 866604.9826721752 1.14625
59455.4168631 2459455.9220800903 308.0859511345625 22.36579768359661 0.0 3.0 0.0 4127013.720618394 867822.6539253368 1.14625
59455.417569209996 2459455.922786162 309.10269409418106 23.38254064321518 0.0 3.0 1.0 4120452.261136763 866486.376335711 1.14625
59455.41827514 2459455.923492053 310.11917755007744 24.399024099111557 0.0 3.0 0.0 4126941.339281898 867816.4950983906 1.14625
59455.418981245 2459455.9241981176 311.1359104514122 25.41575700044632 0.0 3.0 1.0 4119699.438028374 866271.6746637042 1.14625
59455.419687175 2459455.924904007 312.15239122509956 26.432237774133682 0.0 3.0 0.0 4126790.824647769 867709.9033424882 1.14625
59455.420393285 2459455.925610075 313.1691288203001 27.44897536933422 0.0 3.0 1.0 4118882.844728748 866146.6689127476 1.14625
59455.42109921 2459455.926315957 314.18559953570366 28.465446084737778 0.0 3.0 0.0 4126095.443256424 867567.7255744629 1.14625
59455.421805325 2459455.9270220282 315.20234182477 29.482188373804092 0.0 3.0 1.0 4118399.944412961 866097.9191144994 1.14625
59455.422511245 2459455.927727904 316.218803152442 30.498649701476097 0.0 3.0 0.0 4127245.9498698423 867827.3773596671 1.14625
59455.42321736 2459455.9284339733 317.2355427592993 31.515389308333397 0.0 3.0 1.0 4116851.667695571 865727.9072502649 1.14625
59455.423923285 2459455.9291398525 318.25200878083706 32.53185532987118 0.0 3.0 0.0 4123809.2197544826 867141.6382537854 1.14625
59455.424629395 2459455.9298459156 319.26873967051506 33.54858621954918 0.0 3.0 1.0 4117946.92468515 865955.2852312801 1.14625
59455.425335325 2459455.930551798 320.2852103859186 34.565056934952736 0.0 3.0 0.0 4123681.3957444 867070.8486082188 1.14625
59455.42604143 2459455.931257855 321.3019325584173 35.58177910745144 0.0 3.0 1.0 4115646.108944835 865392.5690050771 1.14625
59455.426747360005 2459455.931963736 322.3184012621641 36.598247811198235 0.0 3.0 0.0 4123930.650324075 867191.2464188677 1.14625
59455.42745347 2459455.9326697974 323.3351294696331 37.61497601866722 0.0 3.0 1.0 4114040.9464659574 865144.1230201309 1.14625
59455.428159395 2459455.9333756734 324.3515907973051 38.631437346339226 0.0 3.0 0.0 4123837.595558784 867145.8425764105 1.14625
59455.428865509995 2459455.9340817383 325.3683243691921 39.64817091822624 0.0 3.0 1.0 4116860.507503308 865699.8371896478 1.14625
59455.429571429995 2459455.934787608 326.38477697968483 40.66462352871895 0.0 3.0 0.0 4124461.5537122698 867284.238202734 1.14625
59455.430277545 2459455.9354936727 327.4015098810196 41.68135643005371 0.0 3.0 1.0 4116485.4242016827 865665.7854431574 1.14625
59455.467488099996 2459455.9727023863 380.98205745220184 0.0 0.0 4.0 0.0 4108695.7751265033 864053.3499884403 1.14625
59455.46819421 2459455.9734084755 381.99882589280605 1.01676844060421 0.0 4.0 1.0 4103237.4827488647 862976.9243160642 1.14625
59455.468900135 2459455.9741143794 383.0153274536133 2.033270001411438 0.0 4.0 0.0 4115112.462629042 865362.1608887069 1.14625
59455.46960625 2459455.974820473 384.03210259974 3.050045147538185 0.0 4.0 1.0 4105512.741666938 863414.4904338621 1.14625
59455.47031217 2459455.9755263715 385.0485961139202 4.0665386617183685 0.0 4.0 0.0 4114132.4997239043 865185.0067172828 1.14625
59455.471018284996 2459455.976232464 386.0653692483902 5.0833117961883545 0.0 4.0 1.0 4105039.993603011 863294.9043103992 1.14625
59455.47172421 2459455.976938366 387.0818681269884 6.099810674786568 0.0 4.0 0.0 4116097.3167678663 865590.5570435253 1.14625
59455.472430320006 2459455.9776444524 388.0986325442791 7.116575092077255 0.0 4.0 1.0 4105209.3692914355 863282.7040139566 1.14625
59455.47313625 2459455.9783503585 389.1151374578476 8.133080005645752 0.0 4.0 0.0 4115164.3581307232 865384.4436632533 1.14625
59455.473842355 2459455.9790564384 390.13189248740673 9.149835035204887 0.0 4.0 1.0 4104955.911031774 863251.115207636 1.14625
59455.474548285 2459455.9797623428 391.1483947187662 10.16633726656437 0.0 4.0 0.0 4114711.736978926 865271.6125458436 1.14625
59455.475254395 2459455.9804684264 392.1651551127434 11.183097660541534 0.0 4.0 1.0 4105624.9636141383 863419.3165979699 1.14625
59455.47596032 2459455.981174324 393.1816479563713 12.199590504169464 0.0 4.0 0.0 4114361.7672320344 865262.785707687 1.14625
59455.476666435 2459455.981880411 394.19841304421425 13.216355592012405 0.0 4.0 1.0 4106360.6325108944 863557.7828673277 1.14625
59455.477372355 2459455.982586302 395.2148958295584 14.23283837735653 0.0 4.0 0.0 4116296.0693377373 865647.9237538645 1.14625
59455.47807847 2459455.983292387 396.2316582351923 15.249600782990456 0.0 4.0 1.0 4106948.0240402557 863689.6612369105 1.14625
59455.478784395 2459455.9839982805 397.24814504384995 16.266087591648102 0.0 4.0 0.0 4115476.4226426035 865410.2395436801 1.14625
59455.479490505 2459455.984704359 398.2648980617523 17.282840609550476 0.0 4.0 1.0 4106629.4516293225 863624.4772774021 1.14625
59455.480196435004 2459455.985410256 399.28138956427574 18.2993321120739 0.0 4.0 0.0 4117078.1036659726 865777.4475400526 1.14625
59455.48090254 2459455.986116327 400.29813185334206 19.316074401140213 0.0 4.0 1.0 4107517.72846533 863811.8334154403 1.14625
59455.48160847 2459455.986822222 401.31462067365646 20.33256322145462 0.0 4.0 0.0 4114831.5575666595 865324.2361234012 1.14625
59455.482314580004 2459455.9875282957 402.3313669860363 21.349309533834457 0.0 4.0 1.0 4105155.9724875116 863303.3745529379 1.14625
59455.483020505 2459455.9882341833 403.34784507751465 22.365787625312805 0.0 4.0 0.0 4115750.6458214447 865519.3900778003 1.14625
59455.483726620005 2459455.988940261 404.3645967543125 23.382539302110672 0.0 4.0 1.0 4107420.165089743 863815.3343732029 1.14625
59455.484432540004 2459455.9896461414 405.38106478750706 24.399007335305214 0.0 4.0 0.0 4114955.2551072896 865298.4927956325 1.14625
59455.485138655 2459455.9903522166 406.39781311154366 25.415755659341812 0.0 4.0 1.0 4107031.948114674 863672.8149424159 1.14625
59455.48584458 2459455.9910581005 407.414285838604 26.43222838640213 0.0 4.0 0.0 4115257.3142705155 865435.1119008014 1.14625
59455.486550689995 2459455.9917641687 408.43102410435677 27.448966652154922 0.0 4.0 1.0 4106484.798874923 863567.7548891128 1.14625
59455.48725662 2459455.9924700554 409.4475008547306 28.465443402528763 0.0 4.0 0.0 4114695.5089039817 865290.9888230668 1.14625
59455.48796273 2459455.993176122 410.46423710882664 29.482179656624794 0.0 4.0 1.0 4106295.335526645 863557.2668996864 1.14625
59455.488668655 2459455.9938820023 411.4807044714689 30.498647019267082 0.0 4.0 0.0 4115372.833782347 865470.393786529 1.14625
59455.489374765 2459455.994588067 412.4974373728037 31.515379920601845 0.0 4.0 1.0 4106914.9690521206 863655.9655462557 1.14625
59455.49008069 2459455.9952939455 413.5139027237892 32.53184527158737 0.0 4.0 0.0 4114742.5073528606 865286.8313363934 1.14625
59455.490786805 2459455.996000014 414.530640989542 33.548583537340164 0.0 4.0 1.0 4105304.800678056 863365.7282324103 1.14625
59455.49149273 2459455.9967058916 415.547104999423 34.565047547221184 0.0 4.0 0.0 4114767.4613519125 865310.7870046246 1.14625
59455.49219884 2459455.9974119533 416.56383387744427 35.581776425242424 0.0 4.0 1.0 4104793.7927859714 863264.6600399727 1.14625
59455.492904765 2459455.9981178297 417.5802958756685 36.59823842346668 0.0 4.0 0.0 4114703.623158248 865280.2302419493 1.14625
59455.493610875 2459455.998823891 418.5970240831375 37.61496663093567 0.0 4.0 1.0 4105233.526664694 863365.1445221585 1.14625
59455.494316805 2459455.9995297715 419.61349211633205 38.63143466413021 0.0 4.0 0.0 4114897.4156158967 865360.6656681158 1.14625
59455.495022915 2459456.0002358314 420.6302183121443 39.648160859942436 0.0 4.0 1.0 4106429.5801099767 863603.5642216987 1.14625
59455.495728840004 2459456.0009417064 421.6466782987118 40.66462084650993 0.0 4.0 0.0 4115396.567150179 865444.0151198558 1.14625
59455.49643495 2459456.0016477657 422.66340382397175 41.681346371769905 0.0 4.0 1.0 4104681.282200534 863200.1097785444 1.14625
59455.533657175 2459456.038868145 476.26075007021427 0.0 0.0 5.0 0.0 4106149.934009028 863473.5304164045 1.14625
59455.534363285 2459456.0395742343 477.2775185108185 1.01676844060421 0.0 5.0 1.0 4103286.8811040316 862876.1196188711 1.14625
59455.535069210004 2459456.040280138 478.2940200716257 2.033270001411438 0.0 5.0 0.0 4109107.6632822766 864056.790696128 1.14625
59455.535775325 2459456.040986231 479.31079387664795 3.0500438064336777 0.0 5.0 1.0 4104942.702656224 863235.3357030746 1.14625
59455.536481245 2459456.0416921293 480.32728739082813 4.066537320613861 0.0 5.0 0.0 4109927.5286313375 864246.7661201415 1.14625
59455.537187359994 2459456.0423982223 481.3440611958504 5.083311125636101 0.0 5.0 1.0 4104118.4160697586 863054.5895756078 1.14625
59455.537893285 2459456.0431041243 482.3605600744486 6.099810004234314 0.0 5.0 0.0 4110553.9264566326 864389.5396402711 1.14625
59455.538599395004 2459456.0438102107 483.3773244917393 7.1165744215250015 0.0 5.0 1.0 4104543.949454192 863183.7792247342 1.14625
59455.539305325 2459456.0445161164 484.3938287347555 8.133078664541245 0.0 5.0 0.0 4109727.868937769 864178.3924628393 1.14625
59455.54001143 2459456.0452221963 485.41058376431465 9.14983369410038 0.0 5.0 1.0 4104794.494925579 863214.2844004452 1.14625
59455.540717359996 2459456.0459281006 486.42708599567413 10.166335925459862 0.0 5.0 0.0 4110570.837472856 864461.1983584524 1.14625
59455.54142347 2459456.0466341837 487.44384571909904 11.183095648884773 0.0 5.0 1.0 4105548.1812919243 863390.7207279503 1.14625
59455.542129395 2459456.0473400815 488.460338562727 12.199588492512703 0.0 5.0 0.0 4111344.516226201 864555.1750377129 1.14625
59455.54283551 2459456.0480461684 489.4771036505699 13.216353580355644 0.0 5.0 1.0 4106792.771395062 863620.3744437918 1.14625
59455.54354143 2459456.048752059 490.49358643591404 14.232836365699768 0.0 5.0 0.0 4111794.677668176 864656.6956984738 1.14625
59455.544247544996 2459456.0494581438 491.5103481709957 15.24959810078144 0.0 5.0 1.0 4105744.7807855667 863440.9395424753 1.14625
59455.54495347 2459456.050164038 492.5268356502056 16.26608557999134 0.0 5.0 0.0 4112448.785291034 864775.8006215983 1.14625
59455.545659580006 2459456.050870116 493.54358799755573 17.28283792734146 0.0 5.0 1.0 4105572.152756838 863358.9035942057 1.14625
59455.54636551 2459456.051576013 494.5600801706314 18.299330100417137 0.0 5.0 0.0 4111929.591225283 864653.6455491113 1.14625
59455.547071615 2459456.052282084 495.57682178914547 19.316071718931198 0.0 5.0 1.0 4105866.787337007 863443.8925038015 1.14625
59455.547777545 2459456.052987979 496.5933106094599 20.332560539245605 0.0 5.0 0.0 4110442.9709643945 864325.568905977 1.14625
59455.548483655 2459456.053694052 497.61005625128746 21.34930618107319 0.0 5.0 1.0 4105291.6192844533 863292.8650775437 1.14625
59455.54918958 2459456.0543999407 498.6265356838703 22.365785613656044 0.0 5.0 0.0 4112548.3699388336 864796.7346682887 1.14625
59455.549895695 2459456.0551060173 499.6432860195637 23.382535949349403 0.0 5.0 1.0 4103789.3479177514 862988.5829607011 1.14625
59455.550601615 2459456.0558118983 500.65975472331047 24.3990046530962 0.0 5.0 0.0 4111288.908263434 864518.9848155095 1.14625
59455.55130773 2459456.056517973 501.6765023767948 25.415752306580544 0.0 5.0 1.0 4105681.0444592685 863385.4440311166 1.14625
59455.552013655004 2459456.057223857 502.69297510385513 26.43222503364086 0.0 5.0 0.0 4111626.5207662033 864639.0356482709 1.14625
59455.552719765 2459456.0579299247 503.7097126990557 27.4489626288414 0.0 5.0 1.0 4106662.0541949007 863608.9536392651 1.14625
59455.553425695 2459456.058635812 504.72619011998177 28.465440049767494 0.0 5.0 0.0 4113594.4027101253 865026.8465248579 1.14625
59455.5541318 2459456.059341873 505.74291832745075 29.48216825723648 0.0 5.0 1.0 4109602.346207956 864226.1888877787 1.14625
59455.55483773 2459456.0600477583 506.75939306616783 30.49864299595356 0.0 5.0 0.0 4114976.576999843 865309.416307606 1.14625
59455.55554384 2459456.0607538233 507.77612663805485 31.515376567840576 0.0 5.0 1.0 4111396.795695936 864541.1767193561 1.14625
59455.556249764995 2459456.0614597024 508.79259265959263 32.53184258937836 0.0 5.0 0.0 4116243.5041586254 865575.9365126246 1.14625
59455.556955880005 2459456.06216577 509.80933025479317 33.548580184578896 0.0 5.0 1.0 4113254.013019719 864920.9626181195 1.14625
59455.557661800005 2459456.062871643 510.8257868885994 34.565036818385124 0.0 5.0 0.0 4119112.920064333 866134.4407314821 1.14625
59455.558367915 2459456.0635777097 511.8425231426954 35.581773072481155 0.0 5.0 1.0 4111690.0482490244 864599.2239589752 1.14625
59455.55907384 2459456.0642835856 512.8589844703674 36.59823440015316 0.0 5.0 0.0 4116562.4815983456 865579.5819665756 1.14625
59455.559779949996 2459456.064989647 513.8757126778364 37.61496260762215 0.0 5.0 1.0 4113560.266081307 865027.1904380589 1.14625
59455.56048588 2459456.0656955275 514.892180711031 38.63143064081669 0.0 5.0 0.0 4117316.7118609278 865796.94744009 1.14625
59455.561191985 2459456.0664015827 515.9089002013206 39.64815013110638 0.0 5.0 1.0 4111953.0164815723 864662.5081212721 1.14625
59455.561897915 2459456.0671074623 516.9253668934107 40.66461682319641 0.0 5.0 0.0 4117212.9286143323 865747.5174390705 1.14625
59455.562604025 2459456.067813522 517.9420930892229 41.68134301900864 0.0 5.0 1.0 4111409.0728817526 864600.0333933473 1.14625
59455.600555325 2459456.1057629506 572.5892700254917 0.0 0.0 6.0 0.0 4106906.203199198 863662.6200718496 1.14625
59455.60126143 2459456.106469034 573.6060304194689 1.0167603939771652 0.0 6.0 1.0 4098972.99367701 862038.3489551675 1.14625
59455.601967359995 2459456.1071749427 574.6225386857986 2.0332686603069305 0.0 6.0 0.0 4108594.2533706287 864014.484706359 1.14625
59455.60267347 2459456.107881031 575.6393057852983 3.050035759806633 0.0 6.0 1.0 4101184.95365698 862470.0280814496 1.14625
59455.603379395005 2459456.108586933 576.6558046638966 4.066534638404846 0.0 6.0 0.0 4108669.023127583 863984.4883961116 1.14625
59455.60408551 2459456.1092930255 577.6725777983665 5.083307772874832 0.0 6.0 1.0 4099395.674045251 862078.0676506648 1.14625
59455.60479143 2459456.1099989214 578.6890679597855 6.099797934293747 0.0 6.0 0.0 4110393.798620165 864395.3818073852 1.14625
59455.605497545 2459456.110705012 579.7058384120464 7.116568386554718 0.0 6.0 1.0 4100659.696416171 862344.1708983062 1.14625
59455.60620347 2459456.111410912 580.7223346084356 8.133064582943916 0.0 6.0 0.0 4110447.794207877 864438.990149064 1.14625
59455.606909580005 2459456.112116996 581.739095672965 9.149825647473335 0.0 6.0 1.0 4100716.387336605 862364.929932404 1.14625
59455.60761551 2459456.1128228996 582.75559656322 10.16632653772831 0.0 6.0 0.0 4112194.1557936934 864835.3875272226 1.14625
59455.608321615 2459456.113528977 583.7723482400179 11.183078214526176 0.0 6.0 1.0 4099548.541085514 862098.0363608076 1.14625
59455.609027545 2459456.1142348787 584.7888464480639 12.199576422572136 0.0 6.0 0.0 4111367.100127356 864600.6625526475 1.14625
59455.60973347 2459456.114940774 585.8053359389305 13.216065913438797 0.0 6.0 1.0 4099007.267080341 861986.3332000553 1.14625
59455.61043958 2459456.115646854 586.8220909684896 14.232820942997932 0.0 6.0 0.0 4113270.1734089283 864976.0424009202 1.14625
59455.611145695 2459456.116352938 587.8388520330191 15.249582007527351 0.0 6.0 1.0 4101134.6566065815 862474.5094252967 1.14625
59455.611851615 2459456.1170588257 588.8553301244974 16.2660600990057 0.0 6.0 0.0 4110473.2891988675 864385.4528898537 1.14625
59455.612557545 2459456.1177647226 589.8718216270208 17.28255160152912 0.0 6.0 1.0 4101497.1217399845 862548.849788615 1.14625
59455.613263655 2459456.1184707982 590.8885706216097 18.299300596117973 0.0 6.0 0.0 4110702.506637861 864452.7383923585 1.14625
59455.613969765 2459456.1191768735 591.9053189456463 19.31604892015457 0.0 6.0 1.0 4098871.7602844266 862013.5278908248 1.14625
59455.614675695004 2459456.119882767 592.9218057543039 20.332535728812218 0.0 6.0 0.0 4111476.240213903 864626.5511032399 1.14625
59455.6153818 2459456.120588835 593.9385433495045 21.349273324012756 0.0 6.0 1.0 4098651.821218445 861924.8790480312 1.14625
59455.61608773 2459456.1212947266 594.9550274759531 22.365757450461388 0.0 6.0 0.0 4110064.548638823 864327.0221046912 1.14625
59455.61679384 2459456.1220007977 595.9717697650194 23.382499739527702 0.0 6.0 1.0 4099735.9023281396 862142.6256695699 1.14625
59455.617499765 2459456.1227066824 596.9882438331842 24.398973807692528 0.0 6.0 0.0 4110733.029175474 864479.9561115137 1.14625
59455.618205880004 2459456.123412756 598.0049894750118 25.41571944952011 0.0 6.0 1.0 4099441.9298425717 862110.164574696 1.14625
59455.618911800004 2459456.124118634 599.0214541554451 26.432184129953384 0.0 6.0 0.0 4108521.854551692 864024.441601028 1.14625
59455.619617915 2459456.124824706 600.0381977856159 27.448927760124207 0.0 6.0 1.0 4100332.417336071 862231.3944098641 1.14625
59455.62032384 2459456.125530587 601.0546664893627 28.465396463871002 0.0 6.0 0.0 4110148.821618654 864350.0313621992 1.14625
59455.621029949994 2459456.1262366525 602.071400731802 29.482130706310272 0.0 6.0 1.0 4099397.5395260495 862088.4565167198 1.14625
59455.621735880006 2459456.1269425373 603.0878747999668 30.498604774475098 0.0 6.0 0.0 4107790.9645465026 863855.747663683 1.14625
59455.622441985004 2459456.127648596 604.1045996546745 31.515329629182816 0.0 6.0 1.0 4099953.4052570174 862219.7011445755 1.14625
59455.623147915 2459456.128354479 605.1210710406303 32.531801015138626 0.0 6.0 0.0 4110098.39635888 864371.4612409583 1.14625
59455.62385384 2459456.1290603564 606.1375343799591 33.54826435446739 0.0 6.0 1.0 4099077.8330698316 862042.2935102758 1.14625
59455.624559949996 2459456.129766418 607.1542632579803 34.56499323248863 0.0 6.0 0.0 4111132.6980144125 864542.6104515962 1.14625
59455.625266065 2459456.1304724845 608.1709988415241 35.58172881603241 0.0 6.0 1.0 4099624.497500625 862095.0180812818 1.14625
59455.625971985 2459456.1311783553 609.1874527931213 36.59818276762962 0.0 6.0 0.0 4109719.7783538112 864246.7605121329 1.14625
59455.626677915 2459456.131884236 610.2039208263159 37.614650800824165 0.0 6.0 1.0 4098956.714696029 862001.1356249702 1.14625
59455.627384025 2459456.132590296 611.2206476926804 38.631377667188644 0.0 6.0 0.0 4109487.5357925226 864229.8590013115 1.14625
59455.628090135 2459456.1332963556 612.2373732179403 39.648103192448616 0.0 6.0 1.0 4097946.5107109156 861814.4863433779 1.14625
59455.670902540005 2459456.176106704 673.8842748105526 0.0 0.0 7.0 0.0 4100954.469083761 862431.5974355992 1.14625
59455.671608655 2459456.1768127945 674.9010452628136 1.016770452260971 0.0 7.0 1.0 4099602.534493986 862096.0484162981 1.14625
59455.67231458 2459456.1775186947 675.9175414592028 2.0332666486501694 0.0 7.0 0.0 4105173.94840174 863258.6198286851 1.14625
59455.673020505 2459456.1782245934 676.9340356439352 3.0497608333826065 0.0 7.0 1.0 4098748.986448983 861958.7612010613 1.14625
59455.67372662 2459456.178930682 677.9508034139872 4.066528603434563 0.0 7.0 0.0 4103957.004926271 862982.9971879291 1.14625
59455.67443273 2459456.1796367643 678.9675617963076 5.083286985754967 0.0 7.0 1.0 4101073.9653966776 862395.9243078805 1.14625
59455.675138655 2459456.180342661 679.984053298831 6.099778488278389 0.0 7.0 0.0 4104563.0907258387 863128.6184374016 1.14625
59455.675844765 2459456.1810487416 681.0008089989424 7.116534188389778 0.0 7.0 1.0 4100738.774852859 862351.6936267962 1.14625
59455.67655069 2459456.1817546366 682.0172978192568 8.133023008704185 0.0 7.0 0.0 4105742.675442363 863367.2493913829 1.14625
59455.677256805 2459456.18246072 683.034058213234 9.14978340268135 0.0 7.0 1.0 4101244.480019992 862441.3214311185 1.14625
59455.67796273 2459456.1831666133 684.0505443513393 10.166269540786743 0.0 7.0 0.0 4104559.6505488604 863095.5691591057 1.14625
59455.678668655004 2459456.183872505 685.067028477788 11.182753667235374 0.0 7.0 1.0 4101565.5763218813 862546.4122344748 1.14625
59455.679374765 2459456.1845785812 686.0837781429291 12.19950333237648 0.0 7.0 0.0 4103506.0167151736 862926.9564792495 1.14625
59455.680080875 2459456.1852846555 687.1005251258612 13.21625031530857 0.0 7.0 1.0 4102085.083372541 862615.029267614 1.14625
59455.680786805 2459456.18599055 688.1170132756233 14.232738465070724 0.0 7.0 0.0 4105315.626585597 863325.1132891577 1.14625
59455.681492915 2459456.1866966225 689.1337575763464 15.2494827657938 0.0 7.0 1.0 4103042.158061152 862831.6790651488 1.14625
59455.682198840004 2459456.1874025096 690.1502349972725 16.265960186719894 0.0 7.0 0.0 4106530.390888863 863534.8486208793 1.14625
59455.68290495 2459456.1881085797 691.1669759452343 17.2827011346817 0.0 7.0 1.0 4101564.759894568 862496.6534094459 1.14625
59455.683610875 2459456.188814465 692.1834506839514 18.29917587339878 0.0 7.0 0.0 4105136.3535854663 863252.2908264898 1.14625
59455.684316804996 2459456.189520354 693.1999307870865 19.31565597653389 0.0 7.0 1.0 4100429.9167243713 862260.4052557421 1.14625
59455.685022915 2459456.1902264217 694.216668382287 20.33239357173443 0.0 7.0 0.0 4105117.7187847486 863257.2787317497 1.14625
59455.685729025005 2459456.1909324885 695.233404636383 21.34912982583046 0.0 7.0 1.0 4101828.960594009 862596.5684694189 1.14625
59455.68643495 2459456.19163837 696.2498740106821 22.36559920012951 0.0 7.0 0.0 4106666.882233015 863586.7046147246 1.14625
59455.687140875 2459456.19234425 697.2663413733244 23.382066562771797 0.0 7.0 1.0 4101397.9755063383 862495.5714818145 1.14625
59455.68784699 2459456.19305032 698.283081650734 24.39880684018135 0.0 7.0 0.0 4105378.8985374696 863268.7751664912 1.14625
59455.6885531 2459456.193756384 699.2998138815165 25.41553907096386 0.0 7.0 1.0 4099735.7053564955 862170.3176317281 1.14625
59455.689259025 2459456.1944622616 700.3162778913975 26.43200308084488 0.0 7.0 0.0 4103565.0274967467 862920.7711121561 1.14625
59455.68996495 2459456.1951681394 701.3327419012785 27.4484670907259 0.0 7.0 1.0 4101657.0093268766 862530.8325566843 1.14625
59455.69067106 2459456.1958742016 702.349471449852 28.465196639299393 0.0 7.0 0.0 4105358.794513887 863298.438982906 1.14625
59455.691377175 2459456.1965802675 703.3662063628435 29.481931552290916 0.0 7.0 1.0 4100160.1097271754 862186.2755989691 1.14625
59455.6920831 2459456.1972861434 704.3826676905155 30.49839287996292 0.0 7.0 0.0 4105234.4228895144 863277.3899101402 1.14625
59455.692789025 2459456.197992019 705.3991283476353 31.514853537082672 0.0 7.0 1.0 4100407.6922975383 862266.5130693351 1.14625
59455.69349514 2459456.198698084 706.4158619195223 32.53158710896969 0.0 7.0 0.0 4104882.681730211 863193.8954034786 1.14625
59455.694201245 2459456.1994041386 707.4325807392597 33.54830592870712 0.0 7.0 1.0 4099239.080162418 862073.8003932261 1.14625
