# %ECSV 1.0
# ---
# datatype:
# - {name: t_mjd, datatype: float64}
# - {name: t_bjd, datatype: float64}
# - {name: t_visit, datatype: float64}
# - {name: t_orbit, datatype: float64}
# - {name: ivisit, datatype: float64}
# - {name: iorbit, datatype: float64}
# - {name: scan, datatype: float64}
# - {name: spec_opt, datatype: float64}
# - {name: var_opt, datatype: float64}
# - {name: wave, datatype: float64}
# schema: astropy-2.0
t_mjd t_bjd t_visit t_orbit ivisit iorbit scan spec_opt var_opt wave
59455.203888655 2459455.7091161143 1.4178257435560226 1.4178257435560226 0.0 0.0 0.0 5448624.591877525 1141031.3585383845 1.55125
59455.20459458 2459455.7098220186 2.4343279749155045 2.4343279749155045 0.0 0.0 1.0 5493172.88680712 1150269.91614072 1.55125
59455.205300689995 2459455.7105281074 3.4510957449674606 3.4510957449674606 0.0 0.0 0.0 5491541.78828264 1149888.3222130844 1.55125
59455.20600662 2459455.7112340154 4.467603340744972 4.467603340744972 0.0 0.0 1.0 5512878.481564496 1154373.4602239737 1.55125
59455.20671273 2459455.7119401037 5.484370440244675 5.484370440244675 0.0 0.0 0.0 5504118.575316169 1152444.4353336603 1.55125
59455.207418655 2459455.712646005 6.500868648290634 6.500868648290634 0.0 0.0 1.0 5524064.8172520865 1156672.1588952073 1.55125
59455.208124765 2459455.713352092 7.517633736133575 7.517633736133575 0.0 0.0 0.0 5513785.787352281 1154479.353904272 1.55125
59455.20883069 2459455.7140579927 8.534130603075027 8.534130603075027 0.0 0.0 1.0 5528524.510351398 1157614.1560729374 1.55125
59455.209536805 2459455.7147640823 9.550899714231491 9.550899714231491 0.0 0.0 0.0 5515757.208882399 1154841.8528850195 1.55125
59455.21024273 2459455.715469982 10.567395240068436 10.567395240068436 0.0 0.0 1.0 5532118.351167504 1158361.0706704215 1.55125
59455.21094884 2459455.716176065 11.584154963493347 11.584154963493347 0.0 0.0 0.0 5520315.550832718 1155811.1466455006 1.55125
59455.211654765 2459455.716881963 12.600647807121277 12.600647807121277 0.0 0.0 1.0 5533485.236514775 1158690.949874515 1.55125
59455.212360875 2459455.7175880447 13.617405518889427 13.617405518889427 0.0 0.0 0.0 5518363.100430407 1155411.9589934503 1.55125
59455.213066805 2459455.7182939453 14.63390238583088 14.63390238583088 0.0 0.0 1.0 5532773.020310016 1158463.437852469 1.55125
59455.213772915 2459455.7190000247 15.650656744837761 15.650656744837761 0.0 0.0 0.0 5520070.057936923 1155773.4608408 1.55125
59455.214478840004 2459455.719705919 16.66714422404766 16.66714422404766 0.0 0.0 1.0 5533696.199265953 1158648.266737253 1.55125
59455.21518495 2459455.7204119964 17.683895900845528 17.683895900845528 0.0 0.0 0.0 5521793.972032188 1156090.963911068 1.55125
59455.215890875 2459455.721117888 18.70038002729416 18.70038002729416 0.0 0.0 1.0 5534694.198509789 1158884.0484408436 1.55125
59455.216596989994 2459455.721823969 19.717136397957802 19.717136397957802 0.0 0.0 0.0 5521009.295072897 1155948.9986088837 1.55125
59455.217302915 2459455.722529859 20.733617842197418 20.733617842197418 0.0 0.0 1.0 5533172.0822213655 1158570.641035655 1.55125
59455.218009025004 2459455.723235932 21.750363484025 21.750363484025 0.0 0.0 0.0 5524225.384538656 1156605.713722245 1.55125
59455.21871495 2459455.7239418197 22.76684157550335 22.76684157550335 0.0 0.0 1.0 5535718.086551387 1159076.014394643 1.55125
59455.21942106 2459455.7246478912 23.783584535121918 23.783584535121918 0.0 0.0 0.0 5521475.958718002 1156027.162532608 1.55125
59455.220126989996 2459455.725353782 24.80006732046604 24.80006732046604 0.0 0.0 1.0 5535197.766859327 1158927.2578132874 1.55125
59455.2208331 2459455.7260598517 25.816807597875595 25.816807597875595 0.0 0.0 0.0 5519062.861040457 1155553.9990377978 1.55125
59455.221539025 2459455.7267657355 26.833280324935913 26.833280324935913 0.0 0.0 1.0 5532798.70607159 1158481.6216471405 1.55125
59455.22224514 2459455.727471808 27.85002462565899 27.85002462565899 0.0 0.0 0.0 5521631.2260036925 1156051.0795973407 1.55125
59455.22295106 2459455.728177685 28.8664872944355 28.8664872944355 0.0 0.0 1.0 5533739.080081731 1158684.58145493 1.55125
59455.223657174996 2459455.728883756 29.883229583501816 29.883229583501816 0.0 0.0 0.0 5523872.909527223 1156511.5249706176 1.55125
59455.2243631 2459455.729589636 30.899696946144104 30.899696946144104 0.0 0.0 1.0 5534355.581250386 1158840.9069434684 1.55125
59455.225069210006 2459455.7302957005 31.916429847478867 31.916429847478867 0.0 0.0 0.0 5520769.883083389 1155889.332726769 1.55125
59455.22577514 2459455.731001584 32.93290190398693 32.93290190398693 0.0 0.0 1.0 5535052.000824011 1158977.5247632244 1.55125
59455.226481245 2459455.731707642 33.94962541759014 33.94962541759014 0.0 0.0 0.0 5519785.671140846 1155682.7391708898 1.55125
59455.227187175 2459455.7324135243 34.9660961329937 34.9660961329937 0.0 0.0 1.0 5532043.051304083 1158297.6971042904 1.55125
59455.227893285 2459455.733119586 35.98282501101494 35.98282501101494 0.0 0.0 0.0 5518239.448108645 1155421.0982801416 1.55125
59455.22859921 2459455.7338254624 36.9992870092392 36.9992870092392 0.0 0.0 1.0 5530554.795711533 1158012.1582731206 1.55125
59455.229305325 2459455.7345315283 38.01602192223072 38.01602192223072 0.0 0.0 0.0 5520209.977479272 1155805.4274986743 1.55125
59455.230011245 2459455.735237399 39.032475873827934 39.032475873827934 0.0 0.0 1.0 5532253.80634942 1158353.4401913132 1.55125
59455.23071736 2459455.735943464 40.04920944571495 40.04920944571495 0.0 0.0 0.0 5520260.691382027 1155801.4032001675 1.55125
59455.231423285004 2459455.7366493386 41.065668761730194 41.065668761730194 0.0 0.0 1.0 5532087.445192171 1158318.0849887033 1.55125
59455.268981245 2459455.7742054434 95.14645971357822 0.0 0.0 1.0 0.0 5502904.593859521 1152212.5200666008 1.55125
59455.269687175 2459455.774911353 96.1629693210125 1.0165096074342728 0.0 1.0 1.0 5511540.199375937 1154093.825560473 1.55125
59455.270393285 2459455.7756174426 97.17973843216896 2.0332787185907364 0.0 1.0 0.0 5508082.610900841 1153288.0998770471 1.55125
59455.271099210004 2459455.776323346 98.19623932242393 3.0497796088457108 0.0 1.0 1.0 5511377.126591363 1154034.942862213 1.55125
59455.271805325 2459455.77702944 99.21301446855068 4.066554754972458 0.0 1.0 0.0 5506329.486618524 1152933.6191376827 1.55125
59455.272511245 2459455.777735338 100.22950798273087 5.083048269152641 0.0 1.0 1.0 5514865.38679216 1154811.5926995615 1.55125
59455.273217359994 2459455.77844143 101.2462804466486 6.0998207330703735 0.0 1.0 0.0 5511131.635162668 1153906.9312020852 1.55125
59455.273923285 2459455.7791473316 102.26277865469456 7.116318941116333 0.0 1.0 1.0 5513614.3260199055 1154526.9470543093 1.55125
59455.274629395004 2459455.779853418 103.27954307198524 8.13308335840702 0.0 1.0 0.0 5509229.50985651 1153531.6116151162 1.55125
59455.275335325 2459455.7805593233 104.29604664444923 9.14958693087101 0.0 1.0 1.0 5514552.245160201 1154619.2131665328 1.55125
59455.27604143 2459455.7812654027 105.31280100345612 10.166341289877892 0.0 1.0 0.0 5508993.7899388345 1153501.7693418 1.55125
59455.276747359996 2459455.7819713065 106.32930256426334 11.18284285068512 0.0 1.0 1.0 5514319.021041924 1154637.6669734237 1.55125
59455.27745347 2459455.7826773897 107.34606228768826 12.199602574110031 0.0 1.0 0.0 5508664.516893467 1153389.8184853194 1.55125
59455.278159395 2459455.7833832866 108.36255379021168 13.216094076633453 0.0 1.0 1.0 5513713.090270157 1154608.854885308 1.55125
59455.27886551 2459455.784089373 109.37931820750237 14.232858493924141 0.0 1.0 0.0 5509782.967662282 1153658.207884091 1.55125
59455.27957143 2459455.784795263 110.39579965174198 15.249339938163757 0.0 1.0 1.0 5515104.722460787 1154767.4399184585 1.55125
59455.280277544996 2459455.7855013474 111.41256138682365 16.26610167324543 0.0 1.0 0.0 5508710.286276364 1153472.8858580983 1.55125
59455.28098347 2459455.78620724 112.4290468543768 17.28258714079857 0.0 1.0 1.0 5514112.170669936 1154553.9349894696 1.55125
59455.281689580006 2459455.7869133176 113.44579853117466 18.299338817596436 0.0 1.0 0.0 5508021.917417136 1153335.980004262 1.55125
59455.28239551 2459455.7876192136 114.46228869259357 19.31582897901535 0.0 1.0 1.0 5510952.321235501 1153938.742977485 1.55125
59455.283101615 2459455.7883252837 115.47902964055538 20.332569926977158 0.0 1.0 0.0 5511188.353315573 1153933.5590878767 1.55125
59455.283807545 2459455.7890311778 116.49551711976528 21.349057406187057 0.0 1.0 1.0 5512199.785748658 1154166.3284940885 1.55125
59455.284513655 2459455.789737251 117.51226276159286 22.36580304801464 0.0 1.0 0.0 5508383.723038146 1153415.0106019324 1.55125
59455.28521958 2459455.790443138 118.52874018251896 23.382280468940735 0.0 1.0 1.0 5513904.4040592285 1154540.3188929448 1.55125
59455.285925695 2459455.7911492144 119.54548984766006 24.39903013408184 0.0 1.0 0.0 5509188.842416616 1153517.4903913757 1.55125
59455.286631615 2459455.791855094 120.5619565397501 25.415496826171875 0.0 1.0 1.0 5510793.289514861 1153959.47960635 1.55125
59455.28733773 2459455.792561169 121.57870419323444 26.43224447965622 0.0 1.0 0.0 5507278.916798416 1153193.7982890925 1.55125
59455.288043655004 2459455.7932670517 122.59517557919025 27.44871586561203 0.0 1.0 1.0 5512338.73729998 1154218.9313275863 1.55125
59455.288749765 2459455.793973119 123.61191250383854 28.465452790260315 0.0 1.0 0.0 5507812.6884144675 1153259.2034074904 1.55125
59455.289455695 2459455.794679005 124.62838858366013 29.4819288700819 0.0 1.0 1.0 5510838.192106665 1153883.9912092637 1.55125
59455.2901618 2459455.795385066 125.64511612057686 30.498656406998634 0.0 1.0 0.0 5506502.687033788 1152997.2919430067 1.55125
59455.29086773 2459455.7960909507 126.66159018874168 31.51513047516346 0.0 1.0 1.0 5511632.665628631 1154102.7857096712 1.55125
59455.29157384 2459455.796797015 127.67832241952419 32.53186270594597 0.0 1.0 0.0 5505627.765846302 1152750.9633385201 1.55125
59455.292279764995 2459455.797502893 128.69478709995747 33.54832738637924 0.0 1.0 1.0 5508238.725495366 1153333.2504722995 1.55125
59455.292985880005 2459455.7982089603 129.71152402460575 34.56506431102753 0.0 1.0 0.0 5507820.352365358 1153278.099883288 1.55125
59455.293691800005 2459455.7989148325 130.72797998785973 35.5815202742815 0.0 1.0 1.0 5510245.747575386 1153821.1629715324 1.55125
59455.294397915 2459455.799620899 131.7447155714035 36.59825585782528 0.0 1.0 0.0 5508802.771399837 1153461.9319712108 1.55125
59455.29510384 2459455.8003267753 132.76117756962776 37.61471785604954 0.0 1.0 1.0 5509871.620174632 1153688.8143731595 1.55125
59455.295809949996 2459455.801032836 133.7779051065445 38.63144539296627 0.0 1.0 0.0 5506908.489213732 1153094.7041627555 1.55125
59455.29651588 2459455.801738716 134.79437246918678 39.64791275560856 0.0 1.0 1.0 5507655.604052646 1153284.5358963644 1.55125
59455.297221985 2459455.802444771 135.81109128892422 40.66463157534599 0.0 1.0 0.0 5503908.346617686 1152371.5765939346 1.55125
59455.297927915 2459455.8031506506 136.82755798101425 41.68109826743603 0.0 1.0 1.0 5508639.339036776 1153482.5728165994 1.55125
59455.335150135 2459455.840371036 190.42491294443607 0.0 0.0 2.0 0.0 5489598.61004845 1149347.666053716 1.55125
59455.33585625 2459455.8410771303 191.44168876111507 1.0167758166790009 0.0 2.0 1.0 5497829.94189034 1151201.200896914 1.55125
59455.33656217 2459455.8417830295 192.45818361639977 2.0332706719636917 0.0 2.0 0.0 5492206.618652161 1149996.752850085 1.55125
59455.337268285 2459455.8424891233 193.4749587625265 3.050045818090439 0.0 2.0 1.0 5501673.424491702 1151925.9088691855 1.55125
59455.33797421 2459455.8431950263 194.49145898222923 4.0665460377931595 0.0 2.0 0.0 5493685.264264235 1150220.2137117428 1.55125
59455.33868032 2459455.843901114 195.50822541117668 5.083312466740608 0.0 2.0 1.0 5503125.343335799 1152236.0066910144 1.55125
59455.339386249994 2459455.8446070217 196.52473233640194 6.099819391965866 0.0 2.0 0.0 5492990.184585261 1150103.5455981726 1.55125
59455.340092355 2459455.8453131034 197.5414900481701 7.116577103734016 0.0 2.0 1.0 5503268.5255128965 1152300.0477070636 1.55125
59455.340798285004 2459455.846019009 198.55799429118633 8.13308134675026 0.0 2.0 0.0 5494195.94909307 1150353.49407439 1.55125
59455.341504395 2459455.8467250946 199.5747573673725 9.14984442293644 0.0 2.0 1.0 5501615.109486712 1151954.6850595532 1.55125
59455.34221032 2459455.847430994 200.5912522226572 10.16633927822113 0.0 2.0 0.0 5494417.951128399 1150494.5060718418 1.55125
59455.342916435 2459455.848137083 201.6080206632614 11.18310771882534 0.0 2.0 1.0 5504254.249509598 1152507.3911693376 1.55125
59455.343622355 2459455.848842975 202.6245054602623 12.199592515826225 0.0 2.0 0.0 5493745.854408053 1150287.126474891 1.55125
59455.344328470004 2459455.8495490626 203.6412712186575 13.21635827422142 0.0 2.0 1.0 5503615.684403838 1152369.4682335635 1.55125
59455.345034394995 2459455.8502549585 204.6577613800764 14.232848435640335 0.0 2.0 0.0 5496743.389242858 1150905.5683307282 1.55125
59455.345740505 2459455.850961039 205.6745170801878 15.249604135751724 0.0 2.0 1.0 5502094.427681284 1152061.2809204692 1.55125
59455.346446434996 2459455.8516669376 206.69101126492023 16.26609832048416 0.0 2.0 0.0 5493612.85345245 1150221.3863710049 1.55125
59455.347152539995 2459455.852373011 207.70775690674782 17.282843962311745 0.0 2.0 1.0 5502126.520984173 1152081.565673362 1.55125
59455.347858470006 2459455.853078908 208.72424840927124 18.299335464835167 0.0 2.0 0.0 5493368.81882709 1150201.1834628594 1.55125
59455.34856458 2459455.8537849844 209.7409987449646 19.316085800528526 0.0 2.0 1.0 5501659.2334833285 1151964.4961360337 1.55125
59455.349270505 2459455.8544908743 210.75748018920422 20.332567244768143 0.0 2.0 0.0 5490780.924083312 1149657.7647355893 1.55125
59455.34997662 2459455.8551969533 211.77423387765884 21.34932093322277 0.0 2.0 1.0 5504205.1357137645 1152495.2818376892 1.55125
59455.350682539996 2459455.855902836 212.79070526361465 22.36579231917858 0.0 2.0 0.0 5493230.621626736 1150176.2969744406 1.55125
59455.351388655 2459455.8566089137 213.80745694041252 23.382543995976448 0.0 2.0 1.0 5500564.059019884 1151740.200164478 1.55125
59455.35209458 2459455.8573147994 214.82393234968185 24.39901940524578 0.0 2.0 0.0 5492897.247943826 1150080.3978677155 1.55125
59455.35280069 2459455.8580208695 215.84067329764366 25.415760353207588 0.0 2.0 1.0 5502146.306578104 1152066.9612863595 1.55125
59455.35350662 2459455.8587267585 216.85715340077877 26.432240456342697 0.0 2.0 0.0 5494619.321659273 1150430.7082247029 1.55125
59455.35421273 2459455.8594328267 217.87389166653156 27.44897872209549 0.0 2.0 1.0 5502125.198291431 1152041.6004288597 1.55125
59455.354918655 2459455.8601387087 218.89036171138287 28.465448766946793 0.0 2.0 0.0 5493481.079713169 1150236.1001195447 1.55125
59455.355624765 2459455.8608447756 219.9070979654789 29.482185021042824 0.0 2.0 1.0 5500519.24118422 1151789.4134017115 1.55125
59455.35633069 2459455.8615506557 220.92356532812119 30.498652383685112 0.0 2.0 0.0 5489708.760815901 1149449.1762495479 1.55125
59455.357036805 2459455.8622567253 221.94030560553074 31.515392661094666 0.0 2.0 1.0 5498642.737364274 1151362.102988616 1.55125
59455.35774273 2459455.8629626045 222.95677162706852 32.531858682632446 0.0 2.0 0.0 5491066.4710329035 1149742.2814648186 1.55125
59455.358448839994 2459455.863668668 223.97350318729877 33.5485902428627 0.0 2.0 1.0 5501343.756702909 1151885.666825598 1.55125
59455.359154765 2459455.8643745454 224.98996652662754 34.56505358219147 0.0 2.0 0.0 5491579.058957503 1149853.1387947227 1.55125
59455.359860875 2459455.8650806076 226.00669607520103 35.58178313076496 0.0 2.0 1.0 5499526.668657554 1151572.498381803 1.55125
59455.360566805 2459455.865786489 227.02316544950008 36.59825250506401 0.0 2.0 0.0 5490303.876772182 1149570.372039708 1.55125
59455.361272915005 2459455.8664925494 228.03989231586456 37.61497937142849 0.0 2.0 1.0 5499922.277001204 1151575.7205106937 1.55125
59455.361978839996 2459455.8671984253 229.05635364353657 38.631440699100494 0.0 2.0 0.0 5492413.309821258 1150010.3356689254 1.55125
59455.36268495 2459455.8679044857 230.07308050990105 39.64816756546497 0.0 2.0 1.0 5500485.383939591 1151712.439255801 1.55125
59455.363390875 2459455.8686103607 231.08954049646854 40.66462755203247 0.0 2.0 0.0 5492475.109398129 1150024.8112749152 1.55125
59455.36409699 2459455.869316425 232.1062733978033 41.68136045336723 0.0 2.0 1.0 5497896.838209474 1151176.7688176068 1.55125
59455.40133069 2459455.9065482863 285.7201534509659 0.0 0.0 3.0 0.0 5475257.3521870375 1146539.3981711466 1.55125
59455.402036805 2459455.9072543806 286.7369292676449 1.0167758166790009 0.0 3.0 1.0 5485353.183007658 1148606.1945001408 1.55125
59455.40274273 2459455.9079602845 287.7534308284521 2.033277377486229 0.0 3.0 0.0 5480350.783361292 1147563.8957215154 1.55125
59455.40344884 2459455.9086663737 288.7701992690563 3.050045818090439 0.0 3.0 1.0 5486488.1755897 1148909.0300023588 1.55125
59455.404154765 2459455.9093722766 289.78669948875904 4.0665460377931595 0.0 3.0 0.0 5482133.170251756 1147901.300508659 1.55125
59455.404860875 2459455.9100783644 290.8034659177065 5.083312466740608 0.0 3.0 1.0 5487745.8165999465 1149138.4750869854 1.55125
59455.405566805 2459455.9107842715 291.8199721723795 6.099818721413612 0.0 3.0 0.0 5483211.267544128 1148182.8060498203 1.55125
59455.406272915 2459455.9114903584 292.83673726022243 7.116583809256554 0.0 3.0 1.0 5487559.773081856 1149097.6557984883 1.55125
59455.406978839994 2459455.912196259 293.8532341271639 8.133080676198006 0.0 3.0 0.0 5485131.327959428 1148524.6436806626 1.55125
59455.40768495 2459455.9129023445 294.86999720335007 9.149843752384186 0.0 3.0 1.0 5488809.141396209 1149334.448874753 1.55125
59455.408390875 2459455.9136082437 295.88649205863476 10.166338607668877 0.0 3.0 0.0 5482587.038733305 1148016.955216439 1.55125
59455.40909699 2459455.914314332 296.90325915813446 11.183105707168579 0.0 3.0 1.0 5486677.088229133 1148945.5631565382 1.55125
59455.409802915005 2459455.91502023 297.91975267231464 12.199599221348763 0.0 3.0 0.0 5483549.736705179 1148268.6295438425 1.55125
59455.410509025 2459455.915726312 298.9365103840828 13.216356933116913 0.0 3.0 1.0 5490085.5200568065 1149606.7551002163 1.55125
59455.41121495 2459455.916432208 299.9530005455017 14.232847094535828 0.0 3.0 0.0 5482198.2155449875 1147931.5775600653 1.55125
59455.411921060004 2459455.917138288 300.96975557506084 15.249602124094963 0.0 3.0 1.0 5487107.217618805 1149042.1789719427 1.55125
59455.41262699 2459455.917844187 301.98625043034554 16.266096979379654 0.0 3.0 0.0 5484634.692578786 1148419.0603987128 1.55125
59455.4133331 2459455.9185502646 303.0030021071434 17.28284865617752 0.0 3.0 1.0 5485695.014710383 1148682.8006443786 1.55125
59455.414039024996 2459455.9192561572 304.01948757469654 18.29933412373066 0.0 3.0 0.0 5482111.758035688 1147933.068564106 1.55125
59455.414745140006 2459455.919962238 305.0362439453602 19.316090494394302 0.0 3.0 1.0 5484628.612833091 1148505.0266234926 1.55125
59455.415451060006 2459455.920668123 306.052718013525 20.332564562559128 0.0 3.0 0.0 5477139.845111104 1146874.1172341164 1.55125
59455.416157175 2459455.921374202 307.06947170197964 21.349318251013756 0.0 3.0 1.0 5481531.945026693 1147874.1437439693 1.55125
59455.4168631 2459455.9220800903 308.0859511345625 22.36579768359661 0.0 3.0 0.0 5475901.701961681 1146644.0789133771 1.55125
59455.417569209996 2459455.922786162 309.10269409418106 23.38254064321518 0.0 3.0 1.0 5479458.694993767 1147473.8545337436 1.55125
59455.41827514 2459455.923492053 310.11917755007744 24.399024099111557 0.0 3.0 0.0 5471388.475877837 1145736.2542484426 1.55125
59455.418981245 2459455.9241981176 311.1359104514122 25.41575700044632 0.0 3.0 1.0 5477675.694703221 1147039.720277477 1.55125
59455.419687175 2459455.924904007 312.15239122509956 26.432237774133682 0.0 3.0 0.0 5473091.570496617 1146021.9136449145 1.55125
59455.420393285 2459455.925610075 313.1691288203001 27.44897536933422 0.0 3.0 1.0 5475535.623773803 1146640.679886306 1.55125
59455.42109921 2459455.926315957 314.18559953570366 28.465446084737778 0.0 3.0 0.0 5470269.359964312 1145444.2431491946 1.55125
59455.421805325 2459455.9270220282 315.20234182477 29.482188373804092 0.0 3.0 1.0 5477487.061520171 1147079.3103411414 1.55125
59455.422511245 2459455.927727904 316.218803152442 30.498649701476097 0.0 3.0 0.0 5471255.964409034 1145665.9091914888 1.55125
59455.42321736 2459455.9284339733 317.2355427592993 31.515389308333397 0.0 3.0 1.0 5476080.872346846 1146768.4758208082 1.55125
59455.423923285 2459455.9291398525 318.25200878083706 32.53185532987118 0.0 3.0 0.0 5469849.107733563 1145390.7237408787 1.55125
59455.424629395 2459455.9298459156 319.26873967051506 33.54858621954918 0.0 3.0 1.0 5474480.323494218 1146412.8092311553 1.55125
59455.425335325 2459455.930551798 320.2852103859186 34.565056934952736 0.0 3.0 0.0 5466796.319975673 1144720.3204863425 1.55125
59455.42604143 2459455.931257855 321.3019325584173 35.58177910745144 0.0 3.0 1.0 5474256.807480716 1146298.1335542677 1.55125
59455.426747360005 2459455.931963736 322.3184012621641 36.598247811198235 0.0 3.0 0.0 5467862.945212467 1145010.6073163506 1.55125
59455.42745347 2459455.9326697974 323.3351294696331 37.61497601866722 0.0 3.0 1.0 5471851.939325231 1145888.9512221983 1.55125
59455.428159395 2459455.9333756734 324.3515907973051 38.631437346339226 0.0 3.0 0.0 5465406.917906555 1144475.344441048 1.55125
59455.428865509995 2459455.9340817383 325.3683243691921 39.64817091822624 0.0 3.0 1.0 5470488.077495433 1145568.4244100773 1.55125
59455.429571429995 2459455.934787608 326.38477697968483 40.66462352871895 0.0 3.0 0.0 5466038.311110254 1144594.8297672637 1.55125
59455.430277545 2459455.9354936727 327.4015098810196 41.68135643005371 0.0 3.0 1.0 5471750.775437185 1145865.360696329 1.55125
59455.467488099996 2459455.9727023863 380.98205745220184 0.0 0.0 4.0 0.0 5450051.331412611 1141339.452236371 1.55125
59455.46819421 2459455.9734084755 381.99882589280605 1.01676844060421 0.0 4.0 1.0 5457458.636348178 1142987.6454544235 1.55125
59455.468900135 2459455.9741143794 383.0153274536133 2.033270001411438 0.0 4.0 0.0 5453395.558244699 1142017.654630993 1.55125
59455.46960625 2459455.974820473 384.03210259974 3.050045147538185 0.0 4.0 1.0 5460131.45975467 1143501.7087380819 1.55125
59455.47031217 2459455.9755263715 385.0485961139202 4.0665386617183685 0.0 4.0 0.0 5454073.53868305 1142201.3199480257 1.55125
59455.471018284996 2459455.976232464 386.0653692483902 5.0833117961883545 0.0 4.0 1.0 5461272.470380789 1143703.1818086833 1.55125
59455.47172421 2459455.976938366 387.0818681269884 6.099810674786568 0.0 4.0 0.0 5455143.285340601 1142403.776302065 1.55125
59455.472430320006 2459455.9776444524 388.0986325442791 7.116575092077255 0.0 4.0 1.0 5460035.940170625 1143424.9892878414 1.55125
59455.47313625 2459455.9783503585 389.1151374578476 8.133080005645752 0.0 4.0 0.0 5456053.225339837 1142583.1509738613 1.55125
59455.473842355 2459455.9790564384 390.13189248740673 9.149835035204887 0.0 4.0 1.0 5459561.125273306 1143320.9227302845 1.55125
59455.474548285 2459455.9797623428 391.1483947187662 10.16633726656437 0.0 4.0 0.0 5456541.659640091 1142672.1568200868 1.55125
59455.475254395 2459455.9804684264 392.1651551127434 11.183097660541534 0.0 4.0 1.0 5461515.817649368 1143764.9892794334 1.55125
59455.47596032 2459455.981174324 393.1816479563713 12.199590504169464 0.0 4.0 0.0 5458711.850219466 1143194.8231463984 1.55125
59455.476666435 2459455.981880411 394.19841304421425 13.216355592012405 0.0 4.0 1.0 5461656.241452077 1143801.2283093734 1.55125
59455.477372355 2459455.982586302 395.2148958295584 14.23283837735653 0.0 4.0 0.0 5457932.843419371 1142998.6353051837 1.55125
59455.47807847 2459455.983292387 396.2316582351923 15.249600782990456 0.0 4.0 1.0 5459454.377288583 1143325.4257249753 1.55125
59455.478784395 2459455.9839982805 397.24814504384995 16.266087591648102 0.0 4.0 0.0 5457787.921484682 1142913.3944655943 1.55125
59455.479490505 2459455.984704359 398.2648980617523 17.282840609550476 0.0 4.0 1.0 5461726.413678967 1143824.114971319 1.55125
59455.480196435004 2459455.985410256 399.28138956427574 18.2993321120739 0.0 4.0 0.0 5458814.032634142 1143137.9260356885 1.55125
59455.48090254 2459455.986116327 400.29813185334206 19.316074401140213 0.0 4.0 1.0 5461319.337764914 1143740.1628539292 1.55125
59455.48160847 2459455.986822222 401.31462067365646 20.33256322145462 0.0 4.0 0.0 5456588.80558762 1142698.3566630483 1.55125
59455.482314580004 2459455.9875282957 402.3313669860363 21.349309533834457 0.0 4.0 1.0 5459148.473889036 1143267.5665049711 1.55125
59455.483020505 2459455.9882341833 403.34784507751465 22.365787625312805 0.0 4.0 0.0 5458587.284311951 1143114.7408142968 1.55125
59455.483726620005 2459455.988940261 404.3645967543125 23.382539302110672 0.0 4.0 1.0 5463154.08772079 1144131.45881366 1.55125
59455.484432540004 2459455.9896461414 405.38106478750706 24.399007335305214 0.0 4.0 0.0 5456585.590032934 1142648.8951545365 1.55125
59455.485138655 2459455.9903522166 406.39781311154366 25.415755659341812 0.0 4.0 1.0 5460052.312467313 1143439.2671108828 1.55125
59455.48584458 2459455.9910581005 407.414285838604 26.43222838640213 0.0 4.0 0.0 5457506.097730958 1142910.776290686 1.55125
59455.486550689995 2459455.9917641687 408.43102410435677 27.448966652154922 0.0 4.0 1.0 5460701.04532705 1143583.8856506252 1.55125
59455.48725662 2459455.9924700554 409.4475008547306 28.465443402528763 0.0 4.0 0.0 5457113.944015243 1142817.5769481142 1.55125
59455.48796273 2459455.993176122 410.46423710882664 29.482179656624794 0.0 4.0 1.0 5461252.183630939 1143726.296958055 1.55125
59455.488668655 2459455.9938820023 411.4807044714689 30.498647019267082 0.0 4.0 0.0 5458591.698268268 1143148.7896393507 1.55125
59455.489374765 2459455.994588067 412.4974373728037 31.515379920601845 0.0 4.0 1.0 5460643.53875081 1143553.6045096687 1.55125
59455.49008069 2459455.9952939455 413.5139027237892 32.53184527158737 0.0 4.0 0.0 5456957.784728401 1142771.2882050923 1.55125
59455.490786805 2459455.996000014 414.530640989542 33.548583537340164 0.0 4.0 1.0 5460456.55023876 1143563.6163681902 1.55125
59455.49149273 2459455.9967058916 415.547104999423 34.565047547221184 0.0 4.0 0.0 5457057.117044993 1142802.0105147425 1.55125
59455.49219884 2459455.9974119533 416.56383387744427 35.581776425242424 0.0 4.0 1.0 5458691.356000089 1143199.9442959249 1.55125
59455.492904765 2459455.9981178297 417.5802958756685 36.59823842346668 0.0 4.0 0.0 5455438.304529322 1142444.661726082 1.55125
59455.493610875 2459455.998823891 418.5970240831375 37.61496663093567 0.0 4.0 1.0 5459549.118044683 1143386.5598332093 1.55125
59455.494316805 2459455.9995297715 419.61349211633205 38.63143466413021 0.0 4.0 0.0 5455553.146852903 1142512.3216996589 1.55125
59455.495022915 2459456.0002358314 420.6302183121443 39.648160859942436 0.0 4.0 1.0 5459710.393831649 1143405.7193482872 1.55125
59455.495728840004 2459456.0009417064 421.6466782987118 40.66462084650993 0.0 4.0 0.0 5455118.149619982 1142400.2279978853 1.55125
59455.49643495 2459456.0016477657 422.66340382397175 41.681346371769905 0.0 4.0 1.0 5460691.839614923 1143573.9245708168 1.55125
59455.533657175 2459456.038868145 476.26075007021427 0.0 0.0 5.0 0.0 5439465.282527917 1139089.4919312287 1.55125
59455.534363285 2459456.0395742343 477.2775185108185 1.01676844060421 0.0 5.0 1.0 5450258.169265886 1141364.4153416578 1.55125
59455.535069210004 2459456.040280138 478.2940200716257 2.033270001411438 0.0 5.0 0.0 5443506.199414721 1139892.0994796744 1.55125
59455.535775325 2459456.040986231 479.31079387664795 3.0500438064336777 0.0 5.0 1.0 5453489.09550519 1142056.3732497445 1.55125
59455.536481245 2459456.0416921293 480.32728739082813 4.066537320613861 0.0 5.0 0.0 5444273.015186734 1140075.8063251416 1.55125
59455.537187359994 2459456.0423982223 481.3440611958504 5.083311125636101 0.0 5.0 1.0 5452340.651868158 1141807.8289106623 1.55125
59455.537893285 2459456.0431041243 482.3605600744486 6.099810004234314 0.0 5.0 0.0 5447838.617210038 1140818.2622557713 1.55125
59455.538599395004 2459456.0438102107 483.3773244917393 7.1165744215250015 0.0 5.0 1.0 5454007.156390087 1142194.312628252 1.55125
59455.539305325 2459456.0445161164 484.3938287347555 8.133078664541245 0.0 5.0 0.0 5447685.310887034 1140767.8669038492 1.55125
59455.54001143 2459456.0452221963 485.41058376431465 9.14983369410038 0.0 5.0 1.0 5455149.628877348 1142407.1850275022 1.55125
59455.540717359996 2459456.0459281006 486.42708599567413 10.166335925459862 0.0 5.0 0.0 5446680.997730158 1140642.0121152054 1.55125
59455.54142347 2459456.0466341837 487.44384571909904 11.183095648884773 0.0 5.0 1.0 5455038.260742093 1142407.4552012002 1.55125
59455.542129395 2459456.0473400815 488.460338562727 12.199588492512703 0.0 5.0 0.0 5450355.438951442 1141341.1087123225 1.55125
59455.54283551 2459456.0480461684 489.4771036505699 13.216353580355644 0.0 5.0 1.0 5454554.423339369 1142277.078922052 1.55125
59455.54354143 2459456.048752059 490.49358643591404 14.232836365699768 0.0 5.0 0.0 5451370.392583868 1141557.9607073648 1.55125
59455.544247544996 2459456.0494581438 491.5103481709957 15.24959810078144 0.0 5.0 1.0 5456142.856802785 1142653.1068060803 1.55125
59455.54495347 2459456.050164038 492.5268356502056 16.26608557999134 0.0 5.0 0.0 5451351.877335665 1141534.438676988 1.55125
59455.545659580006 2459456.050870116 493.54358799755573 17.28283792734146 0.0 5.0 1.0 5456293.02840215 1142623.0482837267 1.55125
59455.54636551 2459456.051576013 494.5600801706314 18.299330100417137 0.0 5.0 0.0 5450757.010271502 1141407.3941331222 1.55125
59455.547071615 2459456.052282084 495.57682178914547 19.316071718931198 0.0 5.0 1.0 5455900.857236839 1142584.3830411183 1.55125
59455.547777545 2459456.052987979 496.5933106094599 20.332560539245605 0.0 5.0 0.0 5446852.924569627 1140580.342114698 1.55125
59455.548483655 2459456.053694052 497.61005625128746 21.34930618107319 0.0 5.0 1.0 5455779.0127427215 1142516.1271059227 1.55125
59455.54918958 2459456.0543999407 498.6265356838703 22.365785613656044 0.0 5.0 0.0 5448832.12563647 1141029.7147131853 1.55125
59455.549895695 2459456.0551060173 499.6432860195637 23.382535949349403 0.0 5.0 1.0 5457820.255621578 1142948.0548916182 1.55125
59455.550601615 2459456.0558118983 500.65975472331047 24.3990046530962 0.0 5.0 0.0 5447348.595430745 1140701.23472607 1.55125
59455.55130773 2459456.056517973 501.6765023767948 25.415752306580544 0.0 5.0 1.0 5456525.402767981 1142684.8554176313 1.55125
59455.552013655004 2459456.057223857 502.69297510385513 26.43222503364086 0.0 5.0 0.0 5452518.288706929 1141804.799088031 1.55125
59455.552719765 2459456.0579299247 503.7097126990557 27.4489626288414 0.0 5.0 1.0 5459391.24089277 1143303.2581383775 1.55125
59455.553425695 2459456.058635812 504.72619011998177 28.465440049767494 0.0 5.0 0.0 5452657.847012502 1141821.1332292676 1.55125
59455.5541318 2459456.059341873 505.74291832745075 29.48216825723648 0.0 5.0 1.0 5463310.695980178 1144108.931248295 1.55125
59455.55483773 2459456.0600477583 506.75939306616783 30.49864299595356 0.0 5.0 0.0 5456642.572466206 1142642.037886359 1.55125
59455.55554384 2459456.0607538233 507.77612663805485 31.515376567840576 0.0 5.0 1.0 5464457.7575839525 1144305.3952417374 1.55125
59455.556249764995 2459456.0614597024 508.79259265959263 32.53184258937836 0.0 5.0 0.0 5457133.340699019 1142765.8024689627 1.55125
59455.556955880005 2459456.06216577 509.80933025479317 33.548580184578896 0.0 5.0 1.0 5464740.102277992 1144365.4787775425 1.55125
59455.557661800005 2459456.062871643 510.8257868885994 34.565036818385124 0.0 5.0 0.0 5459482.457061863 1143210.6640182436 1.55125
59455.558367915 2459456.0635777097 511.8425231426954 35.581773072481155 0.0 5.0 1.0 5464095.374482643 1144213.3110958966 1.55125
59455.55907384 2459456.0642835856 512.8589844703674 36.59823440015316 0.0 5.0 0.0 5458947.738429577 1143079.9510981801 1.55125
59455.559779949996 2459456.064989647 513.8757126778364 37.61496260762215 0.0 5.0 1.0 5462936.684557722 1144012.9356001923 1.55125
59455.56048588 2459456.0656955275 514.892180711031 38.63143064081669 0.0 5.0 0.0 5458171.926801713 1142942.5942688824 1.55125
59455.561191985 2459456.0664015827 515.9089002013206 39.64815013110638 0.0 5.0 1.0 5463649.642114019 1144116.4783245819 1.55125
59455.561897915 2459456.0671074623 516.9253668934107 40.66461682319641 0.0 5.0 0.0 5456951.426520505 1142687.5827780494 1.55125
59455.562604025 2459456.067813522 517.9420930892229 41.68134301900864 0.0 5.0 1.0 5463463.833838248 1144166.9763183487 1.55125
59455.600555325 2459456.1057629506 572.5892700254917 0.0 0.0 6.0 0.0 5442325.286328027 1139719.4946543616 1.55125
59455.60126143 2459456.106469034 573.6060304194689 1.0167603939771652 0.0 6.0 1.0 5448220.054748837 1141014.0120194068 1.55125
59455.601967359995 2459456.1071749427 574.6225386857986 2.0332686603069305 0.0 6.0 0.0 5447753.214921701 1140856.5456721894 1.55125
59455.60267347 2459456.107881031 575.6393057852983 3.050035759806633 0.0 6.0 1.0 5454924.396416996 1142379.1446147494 1.55125
59455.603379395005 2459456.108586933 576.6558046638966 4.066534638404846 0.0 6.0 0.0 5450434.107404161 1141363.7191068544 1.55125
59455.60408551 2459456.1092930255 577.6725777983665 5.083307772874832 0.0 6.0 1.0 5451594.446657118 1141650.6124849664 1.55125
59455.60479143 2459456.1099989214 578.6890679597855 6.099797934293747 0.0 6.0 0.0 5448462.6725035515 1141006.520755915 1.55125
59455.605497545 2459456.110705012 579.7058384120464 7.116568386554718 0.0 6.0 1.0 5450836.016409642 1141507.0678010753 1.55125
59455.60620347 2459456.111410912 580.7223346084356 8.133064582943916 0.0 6.0 0.0 5450186.535347868 1141412.9487799052 1.55125
59455.606909580005 2459456.112116996 581.739095672965 9.149825647473335 0.0 6.0 1.0 5453196.119784635 1141991.0426258077 1.55125
59455.60761551 2459456.1128228996 582.75559656322 10.16632653772831 0.0 6.0 0.0 5451886.259314923 1141768.212262472 1.55125
59455.608321615 2459456.113528977 583.7723482400179 11.183078214526176 0.0 6.0 1.0 5453644.028453154 1142070.2265299482 1.55125
59455.609027545 2459456.1142348787 584.7888464480639 12.199576422572136 0.0 6.0 0.0 5450449.253709327 1141410.6354236428 1.55125
59455.60973347 2459456.114940774 585.8053359389305 13.216065913438797 0.0 6.0 1.0 5455224.493820211 1142395.1892273058 1.55125
59455.61043958 2459456.115646854 586.8220909684896 14.232820942997932 0.0 6.0 0.0 5450591.5414224565 1141432.76565613 1.55125
59455.611145695 2459456.116352938 587.8388520330191 15.249582007527351 0.0 6.0 1.0 5454270.513651975 1142243.1421791343 1.55125
59455.611851615 2459456.1170588257 588.8553301244974 16.2660600990057 0.0 6.0 0.0 5450165.039112847 1141329.8485802787 1.55125
59455.612557545 2459456.1177647226 589.8718216270208 17.28255160152912 0.0 6.0 1.0 5453142.102532883 1142005.8412935452 1.55125
59455.613263655 2459456.1184707982 590.8885706216097 18.299300596117973 0.0 6.0 0.0 5450966.851800429 1141528.226918474 1.55125
59455.613969765 2459456.1191768735 591.9053189456463 19.31604892015457 0.0 6.0 1.0 5452391.803176848 1141866.1366310406 1.55125
59455.614675695004 2459456.119882767 592.9218057543039 20.332535728812218 0.0 6.0 0.0 5452082.000810302 1141781.597100737 1.55125
59455.6153818 2459456.120588835 593.9385433495045 21.349273324012756 0.0 6.0 1.0 5453057.6667579515 1141973.7303155079 1.55125
59455.61608773 2459456.1212947266 594.9550274759531 22.365757450461388 0.0 6.0 0.0 5449610.858899785 1141241.871420037 1.55125
59455.61679384 2459456.1220007977 595.9717697650194 23.382499739527702 0.0 6.0 1.0 5452160.3139806045 1141768.8732372464 1.55125
59455.617499765 2459456.1227066824 596.9882438331842 24.398973807692528 0.0 6.0 0.0 5451098.463878692 1141572.6384187047 1.55125
59455.618205880004 2459456.123412756 598.0049894750118 25.41571944952011 0.0 6.0 1.0 5453184.617869534 1141993.1415041508 1.55125
59455.618911800004 2459456.124118634 599.0214541554451 26.432184129953384 0.0 6.0 0.0 5449426.566299825 1141239.949174907 1.55125
59455.619617915 2459456.124824706 600.0381977856159 27.448927760124207 0.0 6.0 1.0 5453080.649228268 1141915.2742539663 1.55125
59455.62032384 2459456.125530587 601.0546664893627 28.465396463871002 0.0 6.0 0.0 5451778.096727099 1141724.3164992516 1.55125
59455.621029949994 2459456.1262366525 602.071400731802 29.482130706310272 0.0 6.0 1.0 5453017.73031792 1141971.1584550466 1.55125
59455.621735880006 2459456.1269425373 603.0878747999668 30.498604774475098 0.0 6.0 0.0 5448187.195895317 1140964.9156295261 1.55125
59455.622441985004 2459456.127648596 604.1045996546745 31.515329629182816 0.0 6.0 1.0 5453200.559837311 1142028.5046271626 1.55125
59455.623147915 2459456.128354479 605.1210710406303 32.531801015138626 0.0 6.0 0.0 5448593.9453202 1141085.0456121496 1.55125
59455.62385384 2459456.1290603564 606.1375343799591 33.54826435446739 0.0 6.0 1.0 5452255.91981966 1141825.5246405173 1.55125
59455.624559949996 2459456.129766418 607.1542632579803 34.56499323248863 0.0 6.0 0.0 5446483.092539233 1140586.106767752 1.55125
59455.625266065 2459456.1304724845 608.1709988415241 35.58172881603241 0.0 6.0 1.0 5452304.4416980315 1141776.668444467 1.55125
59455.625971985 2459456.1311783553 609.1874527931213 36.59818276762962 0.0 6.0 0.0 5447819.957025799 1140866.6717383272 1.55125
59455.626677915 2459456.131884236 610.2039208263159 37.614650800824165 0.0 6.0 1.0 5452757.599940549 1141909.17369986 1.55125
59455.627384025 2459456.132590296 611.2206476926804 38.631377667188644 0.0 6.0 0.0 5449296.683201137 1141204.4204050545 1.55125
59455.628090135 2459456.1332963556 612.2373732179403 39.648103192448616 0.0 6.0 1.0 5451162.17599724 1141593.353561963 1.55125
59455.670902540005 2459456.176106704 673.8842748105526 0.0 0.0 7.0 0.0 5433432.434786991 1137892.2726757703 1.55125
59455.671608655 2459456.1768127945 674.9010452628136 1.016770452260971 0.0 7.0 1.0 5446064.599266912 1140473.0546044605 1.55125
59455.67231458 2459456.1775186947 675.9175414592028 2.0332666486501694 0.0 7.0 0.0 5435724.0828773575 1138315.6231102338 1.55125
59455.673020505 2459456.1782245934 676.9340356439352 3.0497608333826065 0.0 7.0 1.0 5447420.745882872 1140789.9061819164 1.55125
59455.67372662 2459456.178930682 677.9508034139872 4.066528603434563 0.0 7.0 0.0 5440313.649960395 1139237.6547091075 1.55125
59455.67443273 2459456.1796367643 678.9675617963076 5.083286985754967 0.0 7.0 1.0 5446089.087050058 1140476.7109477622 1.55125
59455.675138655 2459456.180342661 679.984053298831 6.099778488278389 0.0 7.0 0.0 5439821.54747523 1139141.579501283 1.55125
59455.675844765 2459456.1810487416 681.0008089989424 7.116534188389778 0.0 7.0 1.0 5448802.6848886 1141058.8047429635 1.55125
59455.67655069 2459456.1817546366 682.0172978192568 8.133023008704185 0.0 7.0 0.0 5440886.7676915545 1139356.28221749 1.55125
59455.677256805 2459456.18246072 683.034058213234 9.14978340268135 0.0 7.0 1.0 5449316.681281884 1141155.704008663 1.55125
59455.67796273 2459456.1831666133 684.0505443513393 10.166269540786743 0.0 7.0 0.0 5438042.381518486 1138741.9359465549 1.55125
59455.678668655004 2459456.183872505 685.067028477788 11.182753667235374 0.0 7.0 1.0 5448785.588582606 1141093.523505427 1.55125
59455.679374765 2459456.1845785812 686.0837781429291 12.19950333237648 0.0 7.0 0.0 5440832.768661911 1139359.2171610084 1.55125
59455.680080875 2459456.1852846555 687.1005251258612 13.21625031530857 0.0 7.0 1.0 5449409.033413579 1141167.6094181407 1.55125
59455.680786805 2459456.18599055 688.1170132756233 14.232738465070724 0.0 7.0 0.0 5440033.436077965 1139234.195989557 1.55125
59455.681492915 2459456.1866966225 689.1337575763464 15.2494827657938 0.0 7.0 1.0 5448450.606954771 1140984.223992963 1.55125
59455.682198840004 2459456.1874025096 690.1502349972725 16.265960186719894 0.0 7.0 0.0 5439101.561287325 1138992.3277194395 1.55125
59455.68290495 2459456.1881085797 691.1669759452343 17.2827011346817 0.0 7.0 1.0 5447646.230583138 1140788.6308773847 1.55125
59455.683610875 2459456.188814465 692.1834506839514 18.29917587339878 0.0 7.0 0.0 5441129.375006864 1139421.0009440114 1.55125
59455.684316804996 2459456.189520354 693.1999307870865 19.31565597653389 0.0 7.0 1.0 5449636.0565372305 1141200.6593252025 1.55125
59455.685022915 2459456.1902264217 694.216668382287 20.33239357173443 0.0 7.0 0.0 5438545.459933508 1138909.8655943559 1.55125
59455.685729025005 2459456.1909324885 695.233404636383 21.34912982583046 0.0 7.0 1.0 5446628.294179873 1140629.0137989975 1.55125
59455.68643495 2459456.19163837 696.2498740106821 22.36559920012951 0.0 7.0 0.0 5437607.346343557 1138722.481958727 1.55125
59455.687140875 2459456.19234425 697.2663413733244 23.382066562771797 0.0 7.0 1.0 5448329.574624988 1140961.931699097 1.55125
59455.68784699 2459456.19305032 698.283081650734 24.39880684018135 0.0 7.0 0.0 5438812.727995787 1138895.8756360111 1.55125
59455.6885531 2459456.193756384 699.2998138815165 25.41553907096386 0.0 7.0 1.0 5450372.914142256 1141419.8456301617 1.55125
59455.689259025 2459456.1944622616 700.3162778913975 26.43200308084488 0.0 7.0 0.0 5440130.623199246 1139217.9598174419 1.55125
59455.68996495 2459456.1951681394 701.3327419012785 27.4484670907259 0.0 7.0 1.0 5446619.361034272 1140591.6074473427 1.55125
59455.69067106 2459456.1958742016 702.349471449852 28.465196639299393 0.0 7.0 0.0 5438193.832722301 1138801.8079135949 1.55125
59455.691377175 2459456.1965802675 703.3662063628435 29.481931552290916 0.0 7.0 1.0 5448204.880333961 1140881.9697357072 1.55125
59455.6920831 2459456.1972861434 704.3826676905155 30.49839287996292 0.0 7.0 0.0 5439169.869339238 1139013.0538007622 1.55125
59455.692789025 2459456.197992019 705.3991283476353 31.514853537082672 0.0 7.0 1.0 5446742.069766018 1140629.354045271 1.55125
59455.69349514 2459456.198698084 706.4158619195223 32.53158710896969 0.0 7.0 0.0 5436310.707779722 1138408.5903646066 1.55125
59455.694201245 2459456.1994041386 707.4325807392597 33.54830592870712 0.0 7.0 1.0 5447069.852499293 1140761.3202816825 1.55125
