# %ECSV 1.0
# ---
# datatype:
# - {name: t_mjd, datatype: float64}
# - {name: t_bjd, datatype: float64}
# - {name: t_visit, datatype: float64}
# - {name: t_orbit, datatype: float64}
# - {name: ivisit, datatype: float64}
# - {name: iorbit, datatype: float64}
# - {name: scan, datatype: float64}
# - {name: spec_opt, datatype: float64}
# - {name: var_opt, datatype: float64}
# - {name: wave, datatype: float64}
# schema: astropy-2.0
t_mjd t_bjd t_visit t_orbit ivisit iorbit scan spec_opt var_opt wave
59455.203888655 2459455.7091161143 1.4178257435560226 1.4178257435560226 0.0 0.0 0.0 5086183.340913979 1066000.1120176706 1.23625
59455.20459458 2459455.7098220186 2.4343279749155045 2.4343279749155045 0.0 0.0 1.0 5122577.264560052 1073517.6648564779 1.23625
59455.205300689995 2459455.7105281074 3.4510957449674606 3.4510957449674606 0.0 0.0 0.0 5118026.832898631 1072578.4312484912 1.23625
59455.20600662 2459455.7112340154 4.467603340744972 4.467603340744972 0.0 0.0 1.0 5137981.540702687 1076731.5390418018 1.23625
59455.20671273 2459455.7119401037 5.484370440244675 5.484370440244675 0.0 0.0 0.0 5132559.303656328 1075536.7777384848 1.23625
59455.207418655 2459455.712646005 6.500868648290634 6.500868648290634 0.0 0.0 1.0 5145404.685672754 1078258.3737415955 1.23625
59455.208124765 2459455.713352092 7.517633736133575 7.517633736133575 0.0 0.0 0.0 5138079.163309826 1076726.8382401078 1.23625
59455.20883069 2459455.7140579927 8.534130603075027 8.534130603075027 0.0 0.0 1.0 5149805.833264222 1079186.1690335637 1.23625
59455.209536805 2459455.7147640823 9.550899714231491 9.550899714231491 0.0 0.0 0.0 5143097.997843662 1077690.4586913686 1.23625
59455.21024273 2459455.715469982 10.567395240068436 10.567395240068436 0.0 0.0 1.0 5151731.933158801 1079583.9143317898 1.23625
59455.21094884 2459455.716176065 11.584154963493347 11.584154963493347 0.0 0.0 0.0 5144778.5806284025 1078069.5161405092 1.23625
59455.211654765 2459455.716881963 12.600647807121277 12.600647807121277 0.0 0.0 1.0 5155159.551613101 1080330.3410786714 1.23625
59455.212360875 2459455.7175880447 13.617405518889427 13.617405518889427 0.0 0.0 0.0 5145936.062180358 1078344.7489474015 1.23625
59455.213066805 2459455.7182939453 14.63390238583088 14.63390238583088 0.0 0.0 1.0 5157590.581398825 1080770.0630642257 1.23625
59455.213772915 2459455.7190000247 15.650656744837761 15.650656744837761 0.0 0.0 0.0 5146592.080480333 1078459.6047125633 1.23625
59455.214478840004 2459455.719705919 16.66714422404766 16.66714422404766 0.0 0.0 1.0 5156453.157615503 1080521.682566211 1.23625
59455.21518495 2459455.7204119964 17.683895900845528 17.683895900845528 0.0 0.0 0.0 5149103.23093821 1078952.2839112873 1.23625
59455.215890875 2459455.721117888 18.70038002729416 18.70038002729416 0.0 0.0 1.0 5158044.4970983 1080878.4455345396 1.23625
59455.216596989994 2459455.721823969 19.717136397957802 19.717136397957802 0.0 0.0 0.0 5150139.83703711 1079192.3747012143 1.23625
59455.217302915 2459455.722529859 20.733617842197418 20.733617842197418 0.0 0.0 1.0 5157674.572499007 1080811.8026261947 1.23625
59455.218009025004 2459455.723235932 21.750363484025 21.750363484025 0.0 0.0 0.0 5148719.498544826 1078869.61017427 1.23625
59455.21871495 2459455.7239418197 22.76684157550335 22.76684157550335 0.0 0.0 1.0 5157381.0592529625 1080730.8312548837 1.23625
59455.21942106 2459455.7246478912 23.783584535121918 23.783584535121918 0.0 0.0 0.0 5149976.049810891 1079142.2977820744 1.23625
59455.220126989996 2459455.725353782 24.80006732046604 24.80006732046604 0.0 0.0 1.0 5158144.994685702 1080855.5621227995 1.23625
59455.2208331 2459455.7260598517 25.816807597875595 25.816807597875595 0.0 0.0 0.0 5149265.104068682 1079005.2087910646 1.23625
59455.221539025 2459455.7267657355 26.833280324935913 26.833280324935913 0.0 0.0 1.0 5158117.814381271 1080897.9042807976 1.23625
59455.22224514 2459455.727471808 27.85002462565899 27.85002462565899 0.0 0.0 0.0 5150670.82618884 1079265.9658213116 1.23625
59455.22295106 2459455.728177685 28.8664872944355 28.8664872944355 0.0 0.0 1.0 5158937.073310512 1081060.2816096025 1.23625
59455.223657174996 2459455.728883756 29.883229583501816 29.883229583501816 0.0 0.0 0.0 5148102.613260959 1078748.4155260895 1.23625
59455.2243631 2459455.729589636 30.899696946144104 30.899696946144104 0.0 0.0 1.0 5157320.703898676 1080764.5366440911 1.23625
59455.225069210006 2459455.7302957005 31.916429847478867 31.916429847478867 0.0 0.0 0.0 5148981.409936597 1078946.5955482188 1.23625
59455.22577514 2459455.731001584 32.93290190398693 32.93290190398693 0.0 0.0 1.0 5157010.402784799 1080699.7337859136 1.23625
59455.226481245 2459455.731707642 33.94962541759014 33.94962541759014 0.0 0.0 0.0 5149428.403384919 1079016.9169717995 1.23625
59455.227187175 2459455.7324135243 34.9660961329937 34.9660961329937 0.0 0.0 1.0 5156856.513417257 1080615.2373516208 1.23625
59455.227893285 2459455.733119586 35.98282501101494 35.98282501101494 0.0 0.0 0.0 5148194.2019785615 1078819.0635079453 1.23625
59455.22859921 2459455.7338254624 36.9992870092392 36.9992870092392 0.0 0.0 1.0 5157814.920242096 1080819.6988297196 1.23625
59455.229305325 2459455.7345315283 38.01602192223072 38.01602192223072 0.0 0.0 0.0 5147454.544532034 1078643.3873454274 1.23625
59455.230011245 2459455.735237399 39.032475873827934 39.032475873827934 0.0 0.0 1.0 5157746.646286972 1080792.1216102059 1.23625
59455.23071736 2459455.735943464 40.04920944571495 40.04920944571495 0.0 0.0 0.0 5147072.025011595 1078552.0554891333 1.23625
59455.231423285004 2459455.7366493386 41.065668761730194 41.065668761730194 0.0 0.0 1.0 5156543.070052914 1080557.9711935616 1.23625
59455.268981245 2459455.7742054434 95.14645971357822 0.0 0.0 1.0 0.0 5137726.205054583 1076622.0647327504 1.23625
59455.269687175 2459455.774911353 96.1629693210125 1.0165096074342728 0.0 1.0 1.0 5141307.445193635 1077402.8309959492 1.23625
59455.270393285 2459455.7756174426 97.17973843216896 2.0332787185907364 0.0 1.0 0.0 5142959.422474152 1077693.9377806387 1.23625
59455.271099210004 2459455.776323346 98.19623932242393 3.0497796088457108 0.0 1.0 1.0 5140537.4433560725 1077217.2064906468 1.23625
59455.271805325 2459455.77702944 99.21301446855068 4.066554754972458 0.0 1.0 0.0 5141645.860092065 1077432.3227534443 1.23625
59455.272511245 2459455.777735338 100.22950798273087 5.083048269152641 0.0 1.0 1.0 5143431.377611362 1077864.1522020057 1.23625
59455.273217359994 2459455.77844143 101.2462804466486 6.0998207330703735 0.0 1.0 0.0 5141191.079206742 1077321.6761344909 1.23625
59455.273923285 2459455.7791473316 102.26277865469456 7.116318941116333 0.0 1.0 1.0 5142695.460060123 1077697.539235029 1.23625
59455.274629395004 2459455.779853418 103.27954307198524 8.13308335840702 0.0 1.0 0.0 5142653.467545304 1077652.1303262012 1.23625
59455.275335325 2459455.7805593233 104.29604664444923 9.14958693087101 0.0 1.0 1.0 5142190.17216657 1077479.6267419194 1.23625
59455.27604143 2459455.7812654027 105.31280100345612 10.166341289877892 0.0 1.0 0.0 5143299.30973577 1077788.0824556758 1.23625
59455.276747359996 2459455.7819713065 106.32930256426334 11.18284285068512 0.0 1.0 1.0 5141569.6015157355 1077422.7650227367 1.23625
59455.27745347 2459455.7826773897 107.34606228768826 12.199602574110031 0.0 1.0 0.0 5143415.984147247 1077776.6035658629 1.23625
59455.278159395 2459455.7833832866 108.36255379021168 13.216094076633453 0.0 1.0 1.0 5141871.1418468235 1077579.9998417264 1.23625
59455.27886551 2459455.784089373 109.37931820750237 14.232858493924141 0.0 1.0 0.0 5143810.545591441 1077899.7717646954 1.23625
59455.27957143 2459455.784795263 110.39579965174198 15.249339938163757 0.0 1.0 1.0 5142786.449908474 1077658.3541630283 1.23625
59455.280277544996 2459455.7855013474 111.41256138682365 16.26610167324543 0.0 1.0 0.0 5144532.212816409 1078085.276553429 1.23625
59455.28098347 2459455.78620724 112.4290468543768 17.28258714079857 0.0 1.0 1.0 5142571.707479179 1077603.2515254754 1.23625
59455.281689580006 2459455.7869133176 113.44579853117466 18.299338817596436 0.0 1.0 0.0 5142371.742726733 1077651.8841915908 1.23625
59455.28239551 2459455.7876192136 114.46228869259357 19.31582897901535 0.0 1.0 1.0 5140720.209285351 1077267.249791415 1.23625
59455.283101615 2459455.7883252837 115.47902964055538 20.332569926977158 0.0 1.0 0.0 5143810.29439618 1077867.4955761223 1.23625
59455.283807545 2459455.7890311778 116.49551711976528 21.349057406187057 0.0 1.0 1.0 5143229.715156372 1077745.7008881718 1.23625
59455.284513655 2459455.789737251 117.51226276159286 22.36580304801464 0.0 1.0 0.0 5142247.142034392 1077612.1700188522 1.23625
59455.28521958 2459455.790443138 118.52874018251896 23.382280468940735 0.0 1.0 1.0 5143371.052853949 1077786.9626526223 1.23625
59455.285925695 2459455.7911492144 119.54548984766006 24.39903013408184 0.0 1.0 0.0 5142910.100659708 1077699.0079526987 1.23625
59455.286631615 2459455.791855094 120.5619565397501 25.415496826171875 0.0 1.0 1.0 5140873.743897511 1077351.771340211 1.23625
59455.28733773 2459455.792561169 121.57870419323444 26.43224447965622 0.0 1.0 0.0 5141270.578669105 1077428.9108204804 1.23625
59455.288043655004 2459455.7932670517 122.59517557919025 27.44871586561203 0.0 1.0 1.0 5140627.506519608 1077240.9983959119 1.23625
59455.288749765 2459455.793973119 123.61191250383854 28.465452790260315 0.0 1.0 0.0 5142017.220934878 1077532.5043114638 1.23625
59455.289455695 2459455.794679005 124.62838858366013 29.4819288700819 0.0 1.0 1.0 5139693.268100591 1077003.1559181162 1.23625
59455.2901618 2459455.795385066 125.64511612057686 30.498656406998634 0.0 1.0 0.0 5142238.685136527 1077579.873649898 1.23625
59455.29086773 2459455.7960909507 126.66159018874168 31.51513047516346 0.0 1.0 1.0 5140378.448107164 1077217.4433539198 1.23625
59455.29157384 2459455.796797015 127.67832241952419 32.53186270594597 0.0 1.0 0.0 5140865.163958385 1077232.2264300603 1.23625
59455.292279764995 2459455.797502893 128.69478709995747 33.54832738637924 0.0 1.0 1.0 5139963.226841165 1077051.192228712 1.23625
59455.292985880005 2459455.7982089603 129.71152402460575 34.56506431102753 0.0 1.0 0.0 5140254.49477028 1077179.8562543162 1.23625
59455.293691800005 2459455.7989148325 130.72797998785973 35.5815202742815 0.0 1.0 1.0 5139881.376988624 1077096.3870184917 1.23625
59455.294397915 2459455.799620899 131.7447155714035 36.59825585782528 0.0 1.0 0.0 5140844.119567202 1077286.5756690367 1.23625
59455.29510384 2459455.8003267753 132.76117756962776 37.61471785604954 0.0 1.0 1.0 5139933.0437391745 1077067.9746658234 1.23625
59455.295809949996 2459455.801032836 133.7779051065445 38.63144539296627 0.0 1.0 0.0 5139286.167383868 1076985.4648255627 1.23625
59455.29651588 2459455.801738716 134.79437246918678 39.64791275560856 0.0 1.0 1.0 5138275.81414439 1076771.7419980827 1.23625
59455.297221985 2459455.802444771 135.81109128892422 40.66463157534599 0.0 1.0 0.0 5138756.163019448 1076788.3135554637 1.23625
59455.297927915 2459455.8031506506 136.82755798101425 41.68109826743603 0.0 1.0 1.0 5138188.69386262 1076771.4227289394 1.23625
59455.335150135 2459455.840371036 190.42491294443607 0.0 0.0 2.0 0.0 5127116.109694189 1074317.3572680652 1.23625
59455.33585625 2459455.8410771303 191.44168876111507 1.0167758166790009 0.0 2.0 1.0 5130352.320505523 1075094.7252010116 1.23625
59455.33656217 2459455.8417830295 192.45818361639977 2.0332706719636917 0.0 2.0 0.0 5130544.061380639 1075110.870370471 1.23625
59455.337268285 2459455.8424891233 193.4749587625265 3.050045818090439 0.0 2.0 1.0 5131637.242418865 1075300.7301140048 1.23625
59455.33797421 2459455.8431950263 194.49145898222923 4.0665460377931595 0.0 2.0 0.0 5129558.411712198 1074849.7524349757 1.23625
59455.33868032 2459455.843901114 195.50822541117668 5.083312466740608 0.0 2.0 1.0 5133448.263209393 1075671.8333470519 1.23625
59455.339386249994 2459455.8446070217 196.52473233640194 6.099819391965866 0.0 2.0 0.0 5127714.672826472 1074471.1006559406 1.23625
59455.340092355 2459455.8453131034 197.5414900481701 7.116577103734016 0.0 2.0 1.0 5131142.642232991 1075240.0467028166 1.23625
59455.340798285004 2459455.846019009 198.55799429118633 8.13308134675026 0.0 2.0 0.0 5129099.716343513 1074810.8173569888 1.23625
59455.341504395 2459455.8467250946 199.5747573673725 9.14984442293644 0.0 2.0 1.0 5131076.891299169 1075224.0759118951 1.23625
59455.34221032 2459455.847430994 200.5912522226572 10.16633927822113 0.0 2.0 0.0 5130467.322210437 1075161.5710248682 1.23625
59455.342916435 2459455.848137083 201.6080206632614 11.18310771882534 0.0 2.0 1.0 5133364.772251719 1075710.611114654 1.23625
59455.343622355 2459455.848842975 202.6245054602623 12.199592515826225 0.0 2.0 0.0 5130628.350770248 1075122.9384526338 1.23625
59455.344328470004 2459455.8495490626 203.6412712186575 13.21635827422142 0.0 2.0 1.0 5131720.8347154055 1075359.9515380943 1.23625
59455.345034394995 2459455.8502549585 204.6577613800764 14.232848435640335 0.0 2.0 0.0 5131010.818451819 1075196.0227354802 1.23625
59455.345740505 2459455.850961039 205.6745170801878 15.249604135751724 0.0 2.0 1.0 5132358.002726691 1075483.4309752935 1.23625
59455.346446434996 2459455.8516669376 206.69101126492023 16.26609832048416 0.0 2.0 0.0 5129674.501290015 1074891.0794570427 1.23625
59455.347152539995 2459455.852373011 207.70775690674782 17.282843962311745 0.0 2.0 1.0 5131530.0209520105 1075330.0040685458 1.23625
59455.347858470006 2459455.853078908 208.72424840927124 18.299335464835167 0.0 2.0 0.0 5130353.055036452 1075063.172380287 1.23625
59455.34856458 2459455.8537849844 209.7409987449646 19.316085800528526 0.0 2.0 1.0 5131772.40951452 1075366.8763242925 1.23625
59455.349270505 2459455.8544908743 210.75748018920422 20.332567244768143 0.0 2.0 0.0 5129370.272002372 1074843.0602571217 1.23625
59455.34997662 2459455.8551969533 211.77423387765884 21.34932093322277 0.0 2.0 1.0 5131049.759005774 1075209.7978141613 1.23625
59455.350682539996 2459455.855902836 212.79070526361465 22.36579231917858 0.0 2.0 0.0 5130138.620872486 1075030.9969252893 1.23625
59455.351388655 2459455.8566089137 213.80745694041252 23.382543995976448 0.0 2.0 1.0 5133648.175350298 1075748.8999189353 1.23625
59455.35209458 2459455.8573147994 214.82393234968185 24.39901940524578 0.0 2.0 0.0 5128573.911392935 1074661.4884466697 1.23625
59455.35280069 2459455.8580208695 215.84067329764366 25.415760353207588 0.0 2.0 1.0 5132090.170757798 1075429.0715931812 1.23625
59455.35350662 2459455.8587267585 216.85715340077877 26.432240456342697 0.0 2.0 0.0 5126992.710144426 1074337.1386637767 1.23625
59455.35421273 2459455.8594328267 217.87389166653156 27.44897872209549 0.0 2.0 1.0 5133209.2295050705 1075632.7174398666 1.23625
59455.354918655 2459455.8601387087 218.89036171138287 28.465448766946793 0.0 2.0 0.0 5126747.166643135 1074319.2444204288 1.23625
59455.355624765 2459455.8608447756 219.9070979654789 29.482185021042824 0.0 2.0 1.0 5132081.475228391 1075488.8076984298 1.23625
59455.35633069 2459455.8615506557 220.92356532812119 30.498652383685112 0.0 2.0 0.0 5129153.542508656 1074814.8672244763 1.23625
59455.357036805 2459455.8622567253 221.94030560553074 31.515392661094666 0.0 2.0 1.0 5129653.1853016885 1074953.3166388385 1.23625
59455.35774273 2459455.8629626045 222.95677162706852 32.531858682632446 0.0 2.0 0.0 5127353.327895476 1074457.6989822888 1.23625
59455.358448839994 2459455.863668668 223.97350318729877 33.5485902428627 0.0 2.0 1.0 5132262.85850024 1075454.0993959385 1.23625
59455.359154765 2459455.8643745454 224.98996652662754 34.56505358219147 0.0 2.0 0.0 5128921.682250401 1074782.021493747 1.23625
59455.359860875 2459455.8650806076 226.00669607520103 35.58178313076496 0.0 2.0 1.0 5130467.409734709 1075130.2221052598 1.23625
59455.360566805 2459455.865786489 227.02316544950008 36.59825250506401 0.0 2.0 0.0 5128045.108202513 1074575.5185266691 1.23625
59455.361272915005 2459455.8664925494 228.03989231586456 37.61497937142849 0.0 2.0 1.0 5132075.11105613 1075399.9820494405 1.23625
59455.361978839996 2459455.8671984253 229.05635364353657 38.631440699100494 0.0 2.0 0.0 5127356.093623842 1074430.9704983814 1.23625
59455.36268495 2459455.8679044857 230.07308050990105 39.64816756546497 0.0 2.0 1.0 5130181.600603985 1075018.375573834 1.23625
59455.363390875 2459455.8686103607 231.08954049646854 40.66462755203247 0.0 2.0 0.0 5128604.9476115 1074689.0581784532 1.23625
59455.36409699 2459455.869316425 232.1062733978033 41.68136045336723 0.0 2.0 1.0 5130370.405234754 1075054.6572313674 1.23625
59455.40133069 2459455.9065482863 285.7201534509659 0.0 0.0 3.0 0.0 5115822.009667128 1072114.291011793 1.23625
59455.402036805 2459455.9072543806 286.7369292676449 1.0167758166790009 0.0 3.0 1.0 5119144.168911004 1072757.0577936298 1.23625
59455.40274273 2459455.9079602845 287.7534308284521 2.033277377486229 0.0 3.0 0.0 5120534.960668163 1073081.416631228 1.23625
59455.40344884 2459455.9086663737 288.7701992690563 3.050045818090439 0.0 3.0 1.0 5122765.714075231 1073567.4519503508 1.23625
59455.404154765 2459455.9093722766 289.78669948875904 4.0665460377931595 0.0 3.0 0.0 5119983.474122288 1072929.406672168 1.23625
59455.404860875 2459455.9100783644 290.8034659177065 5.083312466740608 0.0 3.0 1.0 5122883.588242899 1073571.5302768582 1.23625
59455.405566805 2459455.9107842715 291.8199721723795 6.099818721413612 0.0 3.0 0.0 5120637.868645207 1073136.7253721775 1.23625
59455.406272915 2459455.9114903584 292.83673726022243 7.116583809256554 0.0 3.0 1.0 5122036.67688948 1073393.9698989855 1.23625
59455.406978839994 2459455.912196259 293.8532341271639 8.133080676198006 0.0 3.0 0.0 5121040.363874638 1073134.234500237 1.23625
59455.40768495 2459455.9129023445 294.86999720335007 9.149843752384186 0.0 3.0 1.0 5121002.210246569 1073162.30618529 1.23625
59455.408390875 2459455.9136082437 295.88649205863476 10.166338607668877 0.0 3.0 0.0 5121353.344251163 1073233.1328937788 1.23625
59455.40909699 2459455.914314332 296.90325915813446 11.183105707168579 0.0 3.0 1.0 5123658.622792115 1073750.2210396577 1.23625
59455.409802915005 2459455.91502023 297.91975267231464 12.199599221348763 0.0 3.0 0.0 5118959.245567381 1072765.3963846925 1.23625
59455.410509025 2459455.915726312 298.9365103840828 13.216356933116913 0.0 3.0 1.0 5121056.893784347 1073165.7541622415 1.23625
59455.41121495 2459455.916432208 299.9530005455017 14.232847094535828 0.0 3.0 0.0 5121483.449730864 1073262.3241810368 1.23625
59455.411921060004 2459455.917138288 300.96975557506084 15.249602124094963 0.0 3.0 1.0 5122976.610063053 1073608.773691682 1.23625
59455.41262699 2459455.917844187 301.98625043034554 16.266096979379654 0.0 3.0 0.0 5120128.126959693 1072947.0474794675 1.23625
59455.4133331 2459455.9185502646 303.0030021071434 17.28284865617752 0.0 3.0 1.0 5120410.487073662 1073030.8439256267 1.23625
59455.414039024996 2459455.9192561572 304.01948757469654 18.29933412373066 0.0 3.0 0.0 5117779.164227763 1072513.4938216922 1.23625
59455.414745140006 2459455.919962238 305.0362439453602 19.316090494394302 0.0 3.0 1.0 5120205.954152525 1073019.3593614434 1.23625
59455.415451060006 2459455.920668123 306.052718013525 20.332564562559128 0.0 3.0 0.0 5116889.724934596 1072278.8559892382 1.23625
59455.416157175 2459455.921374202 307.06947170197964 21.349318251013756 0.0 3.0 1.0 5114571.763580505 1071858.690415665 1.23625
59455.4168631 2459455.9220800903 308.0859511345625 22.36579768359661 0.0 3.0 0.0 5113529.734957315 1071626.5570014725 1.23625
59455.417569209996 2459455.922786162 309.10269409418106 23.38254064321518 0.0 3.0 1.0 5111759.750989025 1071315.9994717073 1.23625
59455.41827514 2459455.923492053 310.11917755007744 24.399024099111557 0.0 3.0 0.0 5110472.424606389 1071022.5796565462 1.23625
59455.418981245 2459455.9241981176 311.1359104514122 25.41575700044632 0.0 3.0 1.0 5111497.968637219 1071213.8421574757 1.23625
59455.419687175 2459455.924904007 312.15239122509956 26.432237774133682 0.0 3.0 0.0 5110802.103709802 1071008.8582459833 1.23625
59455.420393285 2459455.925610075 313.1691288203001 27.44897536933422 0.0 3.0 1.0 5111632.998179679 1071276.2371139424 1.23625
59455.42109921 2459455.926315957 314.18559953570366 28.465446084737778 0.0 3.0 0.0 5111607.996274034 1071193.2190401966 1.23625
59455.421805325 2459455.9270220282 315.20234182477 29.482188373804092 0.0 3.0 1.0 5109749.486178515 1070917.429347144 1.23625
59455.422511245 2459455.927727904 316.218803152442 30.498649701476097 0.0 3.0 0.0 5108732.632592371 1070605.2554312996 1.23625
59455.42321736 2459455.9284339733 317.2355427592993 31.515389308333397 0.0 3.0 1.0 5109014.508976515 1070727.4627558195 1.23625
59455.423923285 2459455.9291398525 318.25200878083706 32.53185532987118 0.0 3.0 0.0 5107759.913865914 1070436.6773837823 1.23625
59455.424629395 2459455.9298459156 319.26873967051506 33.54858621954918 0.0 3.0 1.0 5110371.184945152 1070999.9091604976 1.23625
59455.425335325 2459455.930551798 320.2852103859186 34.565056934952736 0.0 3.0 0.0 5109945.2258224 1070850.6607644414 1.23625
59455.42604143 2459455.931257855 321.3019325584173 35.58177910745144 0.0 3.0 1.0 5108663.052619515 1070575.0508636204 1.23625
59455.426747360005 2459455.931963736 322.3184012621641 36.598247811198235 0.0 3.0 0.0 5106486.7734758705 1070195.5761287378 1.23625
59455.42745347 2459455.9326697974 323.3351294696331 37.61497601866722 0.0 3.0 1.0 5108456.950413829 1070613.500540526 1.23625
59455.428159395 2459455.9333756734 324.3515907973051 38.631437346339226 0.0 3.0 0.0 5107130.12907173 1070308.9164895045 1.23625
59455.428865509995 2459455.9340817383 325.3683243691921 39.64817091822624 0.0 3.0 1.0 5107225.034058321 1070332.7327664273 1.23625
59455.429571429995 2459455.934787608 326.38477697968483 40.66462352871895 0.0 3.0 0.0 5105858.111503442 1070020.9509519408 1.23625
59455.430277545 2459455.9354936727 327.4015098810196 41.68135643005371 0.0 3.0 1.0 5108363.718693916 1070594.048437195 1.23625
59455.467488099996 2459455.9727023863 380.98205745220184 0.0 0.0 4.0 0.0 5094115.638173282 1067659.2118196907 1.23625
59455.46819421 2459455.9734084755 381.99882589280605 1.01676844060421 0.0 4.0 1.0 5094479.801074073 1067789.4808419223 1.23625
59455.468900135 2459455.9741143794 383.0153274536133 2.033270001411438 0.0 4.0 0.0 5094965.46522755 1067801.8596873316 1.23625
59455.46960625 2459455.974820473 384.03210259974 3.050045147538185 0.0 4.0 1.0 5096575.6805191925 1068181.0626575644 1.23625
59455.47031217 2459455.9755263715 385.0485961139202 4.0665386617183685 0.0 4.0 0.0 5098560.971954246 1068586.1623424992 1.23625
59455.471018284996 2459455.976232464 386.0653692483902 5.0833117961883545 0.0 4.0 1.0 5098071.758236503 1068456.2564586627 1.23625
59455.47172421 2459455.976938366 387.0818681269884 6.099810674786568 0.0 4.0 0.0 5097957.090254138 1068452.9667269287 1.23625
59455.472430320006 2459455.9776444524 388.0986325442791 7.116575092077255 0.0 4.0 1.0 5098806.12839887 1068593.5635132408 1.23625
59455.47313625 2459455.9783503585 389.1151374578476 8.133080005645752 0.0 4.0 0.0 5098937.945552514 1068643.136388933 1.23625
59455.473842355 2459455.9790564384 390.13189248740673 9.149835035204887 0.0 4.0 1.0 5097435.674158891 1068313.9663868742 1.23625
59455.474548285 2459455.9797623428 391.1483947187662 10.16633726656437 0.0 4.0 0.0 5096758.277005842 1068179.7669512788 1.23625
59455.475254395 2459455.9804684264 392.1651551127434 11.183097660541534 0.0 4.0 1.0 5098597.381644093 1068593.2639399783 1.23625
59455.47596032 2459455.981174324 393.1816479563713 12.199590504169464 0.0 4.0 0.0 5098830.384023817 1068669.1296949054 1.23625
59455.476666435 2459455.981880411 394.19841304421425 13.216355592012405 0.0 4.0 1.0 5097992.008852633 1068452.4783035603 1.23625
59455.477372355 2459455.982586302 395.2148958295584 14.23283837735653 0.0 4.0 0.0 5099847.949188463 1068865.2935603862 1.23625
59455.47807847 2459455.983292387 396.2316582351923 15.249600782990456 0.0 4.0 1.0 5097097.795986476 1068269.564604344 1.23625
59455.478784395 2459455.9839982805 397.24814504384995 16.266087591648102 0.0 4.0 0.0 5099685.341305275 1068766.4228330108 1.23625
59455.479490505 2459455.984704359 398.2648980617523 17.282840609550476 0.0 4.0 1.0 5099884.437563732 1068853.862210534 1.23625
59455.480196435004 2459455.985410256 399.28138956427574 18.2993321120739 0.0 4.0 0.0 5098547.697381267 1068551.6473443836 1.23625
59455.48090254 2459455.986116327 400.29813185334206 19.316074401140213 0.0 4.0 1.0 5096796.294911277 1068209.429081876 1.23625
59455.48160847 2459455.986822222 401.31462067365646 20.33256322145462 0.0 4.0 0.0 5098840.54608045 1068633.7688759896 1.23625
59455.482314580004 2459455.9875282957 402.3313669860363 21.349309533834457 0.0 4.0 1.0 5098171.238886593 1068478.4303266674 1.23625
59455.483020505 2459455.9882341833 403.34784507751465 22.365787625312805 0.0 4.0 0.0 5099088.174097586 1068689.1006544116 1.23625
59455.483726620005 2459455.988940261 404.3645967543125 23.382539302110672 0.0 4.0 1.0 5098121.520940054 1068514.5105298257 1.23625
59455.484432540004 2459455.9896461414 405.38106478750706 24.399007335305214 0.0 4.0 0.0 5098919.27099646 1068613.635654013 1.23625
59455.485138655 2459455.9903522166 406.39781311154366 25.415755659341812 0.0 4.0 1.0 5097938.20131051 1068414.6176470495 1.23625
59455.48584458 2459455.9910581005 407.414285838604 26.43222838640213 0.0 4.0 0.0 5097392.069200774 1068373.2352317336 1.23625
59455.486550689995 2459455.9917641687 408.43102410435677 27.448966652154922 0.0 4.0 1.0 5097573.26473891 1068358.210352694 1.23625
59455.48725662 2459455.9924700554 409.4475008547306 28.465443402528763 0.0 4.0 0.0 5099430.263564719 1068776.720707072 1.23625
59455.48796273 2459455.993176122 410.46423710882664 29.482179656624794 0.0 4.0 1.0 5097980.929435003 1068458.174668962 1.23625
59455.488668655 2459455.9938820023 411.4807044714689 30.498647019267082 0.0 4.0 0.0 5098091.195233457 1068509.5230491126 1.23625
59455.489374765 2459455.994588067 412.4974373728037 31.515379920601845 0.0 4.0 1.0 5097926.297176691 1068415.5658655777 1.23625
59455.49008069 2459455.9952939455 413.5139027237892 32.53184527158737 0.0 4.0 0.0 5099496.994347179 1068760.5881505643 1.23625
59455.490786805 2459455.996000014 414.530640989542 33.548583537340164 0.0 4.0 1.0 5097650.372191896 1068405.2096106901 1.23625
59455.49149273 2459455.9967058916 415.547104999423 34.565047547221184 0.0 4.0 0.0 5098214.677041566 1068510.82849282 1.23625
59455.49219884 2459455.9974119533 416.56383387744427 35.581776425242424 0.0 4.0 1.0 5098550.125460559 1068595.655089433 1.23625
59455.492904765 2459455.9981178297 417.5802958756685 36.59823842346668 0.0 4.0 0.0 5098389.462774733 1068514.0939563545 1.23625
59455.493610875 2459455.998823891 418.5970240831375 37.61496663093567 0.0 4.0 1.0 5095762.154650799 1068019.4086220656 1.23625
59455.494316805 2459455.9995297715 419.61349211633205 38.63143466413021 0.0 4.0 0.0 5099012.909800984 1068694.2727481455 1.23625
59455.495022915 2459456.0002358314 420.6302183121443 39.648160859942436 0.0 4.0 1.0 5095977.146194191 1068063.727981821 1.23625
59455.495728840004 2459456.0009417064 421.6466782987118 40.66462084650993 0.0 4.0 0.0 5096479.29577653 1068144.5435398356 1.23625
59455.49643495 2459456.0016477657 422.66340382397175 41.681346371769905 0.0 4.0 1.0 5095830.902421664 1067991.1145340542 1.23625
59455.533657175 2459456.038868145 476.26075007021427 0.0 0.0 5.0 0.0 5083338.016391076 1065361.0641400907 1.23625
59455.534363285 2459456.0395742343 477.2775185108185 1.01676844060421 0.0 5.0 1.0 5087232.70588263 1066167.102465113 1.23625
59455.535069210004 2459456.040280138 478.2940200716257 2.033270001411438 0.0 5.0 0.0 5085655.093899015 1065811.1339070082 1.23625
59455.535775325 2459456.040986231 479.31079387664795 3.0500438064336777 0.0 5.0 1.0 5089388.575212414 1066641.9896653306 1.23625
59455.536481245 2459456.0416921293 480.32728739082813 4.066537320613861 0.0 5.0 0.0 5087142.15609599 1066139.6939193024 1.23625
59455.537187359994 2459456.0423982223 481.3440611958504 5.083311125636101 0.0 5.0 1.0 5090593.956499119 1066878.438244104 1.23625
59455.537893285 2459456.0431041243 482.3605600744486 6.099810004234314 0.0 5.0 0.0 5089833.437563037 1066710.877285807 1.23625
59455.538599395004 2459456.0438102107 483.3773244917393 7.1165744215250015 0.0 5.0 1.0 5091755.302667448 1067163.327419983 1.23625
59455.539305325 2459456.0445161164 484.3938287347555 8.133078664541245 0.0 5.0 0.0 5089634.231743769 1066640.4823395258 1.23625
59455.54001143 2459456.0452221963 485.41058376431465 9.14983369410038 0.0 5.0 1.0 5091120.512128697 1067013.0023466256 1.23625
59455.540717359996 2459456.0459281006 486.42708599567413 10.166335925459862 0.0 5.0 0.0 5088138.026622904 1066423.8189811637 1.23625
59455.54142347 2459456.0466341837 487.44384571909904 11.183095648884773 0.0 5.0 1.0 5091995.762970357 1067208.0628869482 1.23625
59455.542129395 2459456.0473400815 488.460338562727 12.199588492512703 0.0 5.0 0.0 5090667.743238096 1066887.6144992344 1.23625
59455.54283551 2459456.0480461684 489.4771036505699 13.216353580355644 0.0 5.0 1.0 5091803.057194516 1067133.193165718 1.23625
59455.54354143 2459456.048752059 490.49358643591404 14.232836365699768 0.0 5.0 0.0 5090105.396566684 1066764.503844863 1.23625
59455.544247544996 2459456.0494581438 491.5103481709957 15.24959810078144 0.0 5.0 1.0 5092828.302759346 1067391.645933614 1.23625
59455.54495347 2459456.050164038 492.5268356502056 16.26608557999134 0.0 5.0 0.0 5089938.119206305 1066718.7441469545 1.23625
59455.545659580006 2459456.050870116 493.54358799755573 17.28283792734146 0.0 5.0 1.0 5094264.629557147 1067629.4950078959 1.23625
59455.54636551 2459456.051576013 494.5600801706314 18.299330100417137 0.0 5.0 0.0 5090131.105526006 1066745.271233206 1.23625
59455.547071615 2459456.052282084 495.57682178914547 19.316071718931198 0.0 5.0 1.0 5092453.659904215 1067298.0477780125 1.23625
59455.547777545 2459456.052987979 496.5933106094599 20.332560539245605 0.0 5.0 0.0 5090831.5539808385 1066885.6148603435 1.23625
59455.548483655 2459456.053694052 497.61005625128746 21.34930618107319 0.0 5.0 1.0 5094683.109828752 1067733.4052724813 1.23625
59455.54918958 2459456.0543999407 498.6265356838703 22.365785613656044 0.0 5.0 0.0 5090136.421958372 1066772.6917354579 1.23625
59455.549895695 2459456.0551060173 499.6432860195637 23.382535949349403 0.0 5.0 1.0 5092584.159917976 1067299.773169174 1.23625
59455.550601615 2459456.0558118983 500.65975472331047 24.3990046530962 0.0 5.0 0.0 5089283.038279664 1066567.1441347697 1.23625
59455.55130773 2459456.056517973 501.6765023767948 25.415752306580544 0.0 5.0 1.0 5092937.6348870285 1067381.8906989607 1.23625
59455.552013655004 2459456.057223857 502.69297510385513 26.43222503364086 0.0 5.0 0.0 5093216.572180976 1067428.3697235389 1.23625
59455.552719765 2459456.0579299247 503.7097126990557 27.4489626288414 0.0 5.0 1.0 5096264.639435771 1068090.6742679847 1.23625
59455.553425695 2459456.058635812 504.72619011998177 28.465440049767494 0.0 5.0 0.0 5094549.348625916 1067705.7365900553 1.23625
59455.5541318 2459456.059341873 505.74291832745075 29.48216825723648 0.0 5.0 1.0 5097671.417875215 1068377.7294578166 1.23625
59455.55483773 2459456.0600477583 506.75939306616783 30.49864299595356 0.0 5.0 0.0 5095977.285922555 1067980.883878589 1.23625
59455.55554384 2459456.0607538233 507.77612663805485 31.515376567840576 0.0 5.0 1.0 5099985.622812566 1068804.0426276748 1.23625
59455.556249764995 2459456.0614597024 508.79259265959263 32.53184258937836 0.0 5.0 0.0 5099747.57916355 1068784.1499184857 1.23625
59455.556955880005 2459456.06216577 509.80933025479317 33.548580184578896 0.0 5.0 1.0 5103276.303490841 1069492.7830626087 1.23625
59455.557661800005 2459456.062871643 510.8257868885994 34.565036818385124 0.0 5.0 0.0 5100017.506332185 1068801.1623954342 1.23625
59455.558367915 2459456.0635777097 511.8425231426954 35.581773072481155 0.0 5.0 1.0 5101395.5667696735 1069080.765137336 1.23625
59455.55907384 2459456.0642835856 512.8589844703674 36.59823440015316 0.0 5.0 0.0 5099085.437928574 1068580.8864117428 1.23625
59455.559779949996 2459456.064989647 513.8757126778364 37.61496260762215 0.0 5.0 1.0 5101660.300520553 1069188.414671604 1.23625
59455.56048588 2459456.0656955275 514.892180711031 38.63143064081669 0.0 5.0 0.0 5099679.380303966 1068742.3585781436 1.23625
59455.561191985 2459456.0664015827 515.9089002013206 39.64815013110638 0.0 5.0 1.0 5102608.123338678 1069342.1622776322 1.23625
59455.561897915 2459456.0671074623 516.9253668934107 40.66461682319641 0.0 5.0 0.0 5098574.6620197715 1068502.0847726131 1.23625
59455.562604025 2459456.067813522 517.9420930892229 41.68134301900864 0.0 5.0 1.0 5101302.832040175 1069136.8441961464 1.23625
59455.600555325 2459456.1057629506 572.5892700254917 0.0 0.0 6.0 0.0 5088131.491152153 1066383.915219861 1.23625
59455.60126143 2459456.106469034 573.6060304194689 1.0167603939771652 0.0 6.0 1.0 5087490.066498098 1066283.3902156032 1.23625
59455.601967359995 2459456.1071749427 574.6225386857986 2.0332686603069305 0.0 6.0 0.0 5090645.621069202 1066925.574746119 1.23625
59455.60267347 2459456.107881031 575.6393057852983 3.050035759806633 0.0 6.0 1.0 5090422.25798381 1066866.981404831 1.23625
59455.603379395005 2459456.108586933 576.6558046638966 4.066534638404846 0.0 6.0 0.0 5092230.217933072 1067214.7983367855 1.23625
59455.60408551 2459456.1092930255 577.6725777983665 5.083307772874832 0.0 6.0 1.0 5092196.846387738 1067200.577954711 1.23625
59455.60479143 2459456.1099989214 578.6890679597855 6.099797934293747 0.0 6.0 0.0 5093018.290674263 1067425.9440885093 1.23625
59455.605497545 2459456.110705012 579.7058384120464 7.116568386554718 0.0 6.0 1.0 5091082.720525855 1066985.44596318 1.23625
59455.60620347 2459456.111410912 580.7223346084356 8.133064582943916 0.0 6.0 0.0 5093256.5097025465 1067506.9637024219 1.23625
59455.606909580005 2459456.112116996 581.739095672965 9.149825647473335 0.0 6.0 1.0 5093468.753153214 1067467.897266348 1.23625
59455.60761551 2459456.1128228996 582.75559656322 10.16632653772831 0.0 6.0 0.0 5093711.509548788 1067620.2346695522 1.23625
59455.608321615 2459456.113528977 583.7723482400179 11.183078214526176 0.0 6.0 1.0 5091833.142782925 1067113.8910455892 1.23625
59455.609027545 2459456.1142348787 584.7888464480639 12.199576422572136 0.0 6.0 0.0 5092221.612154239 1067255.1995547235 1.23625
59455.60973347 2459456.114940774 585.8053359389305 13.216065913438797 0.0 6.0 1.0 5091623.476172234 1067072.3380745251 1.23625
59455.61043958 2459456.115646854 586.8220909684896 14.232820942997932 0.0 6.0 0.0 5093491.0768786995 1067499.5733478991 1.23625
59455.611145695 2459456.116352938 587.8388520330191 15.249582007527351 0.0 6.0 1.0 5090567.831544478 1066898.4750953873 1.23625
59455.611851615 2459456.1170588257 588.8553301244974 16.2660600990057 0.0 6.0 0.0 5093767.148081148 1067558.478654713 1.23625
59455.612557545 2459456.1177647226 589.8718216270208 17.28255160152912 0.0 6.0 1.0 5092240.58161374 1067248.0696273001 1.23625
59455.613263655 2459456.1184707982 590.8885706216097 18.299300596117973 0.0 6.0 0.0 5093200.867917486 1067453.1736367075 1.23625
59455.613969765 2459456.1191768735 591.9053189456463 19.31604892015457 0.0 6.0 1.0 5090479.359660118 1066890.7081446757 1.23625
59455.614675695004 2459456.119882767 592.9218057543039 20.332535728812218 0.0 6.0 0.0 5094978.997965831 1067840.0546987574 1.23625
59455.6153818 2459456.120588835 593.9385433495045 21.349273324012756 0.0 6.0 1.0 5091105.095710795 1066987.2325476396 1.23625
59455.61608773 2459456.1212947266 594.9550274759531 22.365757450461388 0.0 6.0 0.0 5093443.478936702 1067497.3420951804 1.23625
59455.61679384 2459456.1220007977 595.9717697650194 23.382499739527702 0.0 6.0 1.0 5090873.113067263 1066926.7575649142 1.23625
59455.617499765 2459456.1227066824 596.9882438331842 24.398973807692528 0.0 6.0 0.0 5093211.62498883 1067478.6625515765 1.23625
59455.618205880004 2459456.123412756 598.0049894750118 25.41571944952011 0.0 6.0 1.0 5090396.037533403 1066856.115818934 1.23625
59455.618911800004 2459456.124118634 599.0214541554451 26.432184129953384 0.0 6.0 0.0 5092750.354307666 1067387.7998877224 1.23625
59455.619617915 2459456.124824706 600.0381977856159 27.448927760124207 0.0 6.0 1.0 5091069.461522454 1066931.5015263478 1.23625
59455.62032384 2459456.125530587 601.0546664893627 28.465396463871002 0.0 6.0 0.0 5094001.852816832 1067629.8375535582 1.23625
59455.621029949994 2459456.1262366525 602.071400731802 29.482130706310272 0.0 6.0 1.0 5090967.223677921 1066959.3981317016 1.23625
59455.621735880006 2459456.1269425373 603.0878747999668 30.498604774475098 0.0 6.0 0.0 5092017.642718147 1067215.9216984771 1.23625
59455.622441985004 2459456.127648596 604.1045996546745 31.515329629182816 0.0 6.0 1.0 5091202.538992697 1067026.88440508 1.23625
59455.623147915 2459456.128354479 605.1210710406303 32.531801015138626 0.0 6.0 0.0 5092169.608102471 1067281.3951026301 1.23625
59455.62385384 2459456.1290603564 606.1375343799591 33.54826435446739 0.0 6.0 1.0 5089692.443596856 1066709.497378206 1.23625
59455.624559949996 2459456.129766418 607.1542632579803 34.56499323248863 0.0 6.0 0.0 5092609.074077529 1067322.995542489 1.23625
59455.625266065 2459456.1304724845 608.1709988415241 35.58172881603241 0.0 6.0 1.0 5090180.268297732 1066758.5630959098 1.23625
59455.625971985 2459456.1311783553 609.1874527931213 36.59818276762962 0.0 6.0 0.0 5091906.241064457 1067167.9595599412 1.23625
59455.626677915 2459456.131884236 610.2039208263159 37.614650800824165 0.0 6.0 1.0 5088882.522760906 1066537.0870359929 1.23625
59455.627384025 2459456.132590296 611.2206476926804 38.631377667188644 0.0 6.0 0.0 5092023.557316268 1067233.1411012108 1.23625
59455.628090135 2459456.1332963556 612.2373732179403 39.648103192448616 0.0 6.0 1.0 5090122.591330073 1066810.090787373 1.23625
59455.670902540005 2459456.176106704 673.8842748105526 0.0 0.0 7.0 0.0 5074730.550641011 1063632.7972915012 1.23625
59455.671608655 2459456.1768127945 674.9010452628136 1.016770452260971 0.0 7.0 1.0 5084863.801267372 1065665.7241547902 1.23625
59455.67231458 2459456.1775186947 675.9175414592028 2.0332666486501694 0.0 7.0 0.0 5078783.123912696 1064415.307505249 1.23625
59455.673020505 2459456.1782245934 676.9340356439352 3.0497608333826065 0.0 7.0 1.0 5085334.433648573 1065801.4779869919 1.23625
59455.67372662 2459456.178930682 677.9508034139872 4.066528603434563 0.0 7.0 0.0 5080568.287077906 1064745.0871773195 1.23625
59455.67443273 2459456.1796367643 678.9675617963076 5.083286985754967 0.0 7.0 1.0 5084120.74324488 1065499.45432977 1.23625
59455.675138655 2459456.180342661 679.984053298831 6.099778488278389 0.0 7.0 0.0 5082915.493475605 1065258.4602737082 1.23625
59455.675844765 2459456.1810487416 681.0008089989424 7.116534188389778 0.0 7.0 1.0 5084817.697889868 1065668.1433643815 1.23625
59455.67655069 2459456.1817546366 682.0172978192568 8.133023008704185 0.0 7.0 0.0 5082626.812502407 1065197.4052318314 1.23625
59455.677256805 2459456.18246072 683.034058213234 9.14978340268135 0.0 7.0 1.0 5084460.372151813 1065575.7440110766 1.23625
59455.67796273 2459456.1831666133 684.0505443513393 10.166269540786743 0.0 7.0 0.0 5082955.462443323 1065226.4017968276 1.23625
59455.678668655004 2459456.183872505 685.067028477788 11.182753667235374 0.0 7.0 1.0 5085911.490621852 1065928.242534901 1.23625
59455.679374765 2459456.1845785812 686.0837781429291 12.19950333237648 0.0 7.0 0.0 5084515.634327988 1065592.7008276463 1.23625
59455.680080875 2459456.1852846555 687.1005251258612 13.21625031530857 0.0 7.0 1.0 5086634.18342974 1066031.7270299294 1.23625
59455.680786805 2459456.18599055 688.1170132756233 14.232738465070724 0.0 7.0 0.0 5085896.452118269 1065922.2123786455 1.23625
59455.681492915 2459456.1866966225 689.1337575763464 15.2494827657938 0.0 7.0 1.0 5085798.117635356 1065873.5634302052 1.23625
59455.682198840004 2459456.1874025096 690.1502349972725 16.265960186719894 0.0 7.0 0.0 5082507.743376278 1065175.5655918133 1.23625
59455.68290495 2459456.1881085797 691.1669759452343 17.2827011346817 0.0 7.0 1.0 5087196.817112387 1066133.6623686114 1.23625
59455.683610875 2459456.188814465 692.1834506839514 18.29917587339878 0.0 7.0 0.0 5084081.302074518 1065494.9667589 1.23625
59455.684316804996 2459456.189520354 693.1999307870865 19.31565597653389 0.0 7.0 1.0 5087233.700780426 1066139.4200250725 1.23625
59455.685022915 2459456.1902264217 694.216668382287 20.33239357173443 0.0 7.0 0.0 5082404.077519967 1065177.612848299 1.23625
59455.685729025005 2459456.1909324885 695.233404636383 21.34912982583046 0.0 7.0 1.0 5086684.280678924 1066074.4470157612 1.23625
59455.68643495 2459456.19163837 696.2498740106821 22.36559920012951 0.0 7.0 0.0 5083090.392590361 1065327.2774500134 1.23625
59455.687140875 2459456.19234425 697.2663413733244 23.382066562771797 0.0 7.0 1.0 5087496.514656717 1066233.3039171793 1.23625
59455.68784699 2459456.19305032 698.283081650734 24.39880684018135 0.0 7.0 0.0 5081632.714586308 1064950.5991957018 1.23625
59455.6885531 2459456.193756384 699.2998138815165 25.41553907096386 0.0 7.0 1.0 5085577.678783942 1065850.7755655486 1.23625
59455.689259025 2459456.1944622616 700.3162778913975 26.43200308084488 0.0 7.0 0.0 5082642.447376552 1065209.176421845 1.23625
59455.68996495 2459456.1951681394 701.3327419012785 27.4484670907259 0.0 7.0 1.0 5086571.386844292 1066027.5933464568 1.23625
59455.69067106 2459456.1958742016 702.349471449852 28.465196639299393 0.0 7.0 0.0 5082576.517712085 1065186.960315155 1.23625
59455.691377175 2459456.1965802675 703.3662063628435 29.481931552290916 0.0 7.0 1.0 5086369.374111345 1065940.4572840685 1.23625
59455.6920831 2459456.1972861434 704.3826676905155 30.49839287996292 0.0 7.0 0.0 5082966.2967956755 1065275.7400489447 1.23625
59455.692789025 2459456.197992019 705.3991283476353 31.514853537082672 0.0 7.0 1.0 5085691.170242276 1065843.0915125671 1.23625
59455.69349514 2459456.198698084 706.4158619195223 32.53158710896969 0.0 7.0 0.0 5080182.973235175 1064679.7328989543 1.23625
59455.694201245 2459456.1994041386 707.4325807392597 33.54830592870712 0.0 7.0 1.0 5086102.848094889 1066002.8580149347 1.23625
