# %ECSV 1.0
# ---
# datatype:
# - {name: t_mjd, datatype: float64}
# - {name: t_bjd, datatype: float64}
# - {name: t_visit, datatype: float64}
# - {name: t_orbit, datatype: float64}
# - {name: ivisit, datatype: float64}
# - {name: iorbit, datatype: float64}
# - {name: scan, datatype: float64}
# - {name: spec_opt, datatype: float64}
# - {name: var_opt, datatype: float64}
# - {name: wave, datatype: float64}
# schema: astropy-2.0
t_mjd t_bjd t_visit t_orbit ivisit iorbit scan spec_opt var_opt wave
59455.203888655 2459455.7091161143 1.4178257435560226 1.4178257435560226 0.0 0.0 0.0 5389802.794185224 1128948.3234065126 1.48375
59455.20459458 2459455.7098220186 2.4343279749155045 2.4343279749155045 0.0 0.0 1.0 5430062.130121015 1137272.1907356603 1.48375
59455.205300689995 2459455.7105281074 3.4510957449674606 3.4510957449674606 0.0 0.0 0.0 5429774.524958695 1137195.6257500697 1.48375
59455.20600662 2459455.7112340154 4.467603340744972 4.467603340744972 0.0 0.0 1.0 5452423.310982225 1141916.8866776363 1.48375
59455.20671273 2459455.7119401037 5.484370440244675 5.484370440244675 0.0 0.0 0.0 5444972.079295896 1140304.9949583502 1.48375
59455.207418655 2459455.712646005 6.500868648290634 6.500868648290634 0.0 0.0 1.0 5459861.105663612 1143456.5182182374 1.48375
59455.208124765 2459455.713352092 7.517633736133575 7.517633736133575 0.0 0.0 0.0 5451457.457806155 1141675.2744537021 1.48375
59455.20883069 2459455.7140579927 8.534130603075027 8.534130603075027 0.0 0.0 1.0 5466605.293574827 1144864.1403614583 1.48375
59455.209536805 2459455.7147640823 9.550899714231491 9.550899714231491 0.0 0.0 0.0 5454723.616710192 1142296.417878395 1.48375
59455.21024273 2459455.715469982 10.567395240068436 10.567395240068436 0.0 0.0 1.0 5466831.875523522 1144904.0614782856 1.48375
59455.21094884 2459455.716176065 11.584154963493347 11.584154963493347 0.0 0.0 0.0 5457613.021925532 1142925.7257675487 1.48375
59455.211654765 2459455.716881963 12.600647807121277 12.600647807121277 0.0 0.0 1.0 5470682.734494444 1145748.2733213108 1.48375
59455.212360875 2459455.7175880447 13.617405518889427 13.617405518889427 0.0 0.0 0.0 5458997.818629781 1143230.4952419477 1.48375
59455.213066805 2459455.7182939453 14.63390238583088 14.63390238583088 0.0 0.0 1.0 5471956.976188442 1145944.5436407216 1.48375
59455.213772915 2459455.7190000247 15.650656744837761 15.650656744837761 0.0 0.0 0.0 5462429.984021898 1143920.0245481292 1.48375
59455.214478840004 2459455.719705919 16.66714422404766 16.66714422404766 0.0 0.0 1.0 5470907.3986924505 1145724.9479415298 1.48375
59455.21518495 2459455.7204119964 17.683895900845528 17.683895900845528 0.0 0.0 0.0 5460034.351971041 1143394.9239842622 1.48375
59455.215890875 2459455.721117888 18.70038002729416 18.70038002729416 0.0 0.0 1.0 5471422.729980742 1145848.1190740848 1.48375
59455.216596989994 2459455.721823969 19.717136397957802 19.717136397957802 0.0 0.0 0.0 5463035.815442955 1144047.3642806855 1.48375
59455.217302915 2459455.722529859 20.733617842197418 20.733617842197418 0.0 0.0 1.0 5471790.888532195 1145949.2768166955 1.48375
59455.218009025004 2459455.723235932 21.750363484025 21.750363484025 0.0 0.0 0.0 5460998.901368818 1143606.9277542322 1.48375
59455.21871495 2459455.7239418197 22.76684157550335 22.76684157550335 0.0 0.0 1.0 5473311.108758306 1146239.00739571 1.48375
59455.21942106 2459455.7246478912 23.783584535121918 23.783584535121918 0.0 0.0 0.0 5462637.437710043 1143936.748732194 1.48375
59455.220126989996 2459455.725353782 24.80006732046604 24.80006732046604 0.0 0.0 1.0 5472335.548004801 1145993.4934199976 1.48375
59455.2208331 2459455.7260598517 25.816807597875595 25.816807597875595 0.0 0.0 0.0 5460726.568011209 1143572.5474674439 1.48375
59455.221539025 2459455.7267657355 26.833280324935913 26.833280324935913 0.0 0.0 1.0 5469858.289103597 1145522.4575188546 1.48375
59455.22224514 2459455.727471808 27.85002462565899 27.85002462565899 0.0 0.0 0.0 5461052.346211098 1143595.078829263 1.48375
59455.22295106 2459455.728177685 28.8664872944355 28.8664872944355 0.0 0.0 1.0 5471633.711144458 1145909.792809694 1.48375
59455.223657174996 2459455.728883756 29.883229583501816 29.883229583501816 0.0 0.0 0.0 5461139.2067137435 1143626.7312397044 1.48375
59455.2243631 2459455.729589636 30.899696946144104 30.899696946144104 0.0 0.0 1.0 5468275.460842007 1145227.4264575422 1.48375
59455.225069210006 2459455.7302957005 31.916429847478867 31.916429847478867 0.0 0.0 0.0 5458221.596775858 1143044.1161571147 1.48375
59455.22577514 2459455.731001584 32.93290190398693 32.93290190398693 0.0 0.0 1.0 5472961.573210369 1146203.3953741973 1.48375
59455.226481245 2459455.731707642 33.94962541759014 33.94962541759014 0.0 0.0 0.0 5459400.150350595 1143250.3179536567 1.48375
59455.227187175 2459455.7324135243 34.9660961329937 34.9660961329937 0.0 0.0 1.0 5469767.403163933 1145476.2978851523 1.48375
59455.227893285 2459455.733119586 35.98282501101494 35.98282501101494 0.0 0.0 0.0 5460230.662561984 1143509.2134162774 1.48375
59455.22859921 2459455.7338254624 36.9992870092392 36.9992870092392 0.0 0.0 1.0 5471684.268827545 1145902.1016580057 1.48375
59455.229305325 2459455.7345315283 38.01602192223072 38.01602192223072 0.0 0.0 0.0 5462065.49131297 1143858.8044160814 1.48375
59455.230011245 2459455.735237399 39.032475873827934 39.032475873827934 0.0 0.0 1.0 5469652.163063514 1145468.4457831564 1.48375
59455.23071736 2459455.735943464 40.04920944571495 40.04920944571495 0.0 0.0 0.0 5460451.156355366 1143519.4623435596 1.48375
59455.231423285004 2459455.7366493386 41.065668761730194 41.065668761730194 0.0 0.0 1.0 5471125.788476021 1145785.8435566614 1.48375
59455.268981245 2459455.7742054434 95.14645971357822 0.0 0.0 1.0 0.0 5446853.3289413 1140693.2351481805 1.48375
59455.269687175 2459455.774911353 96.1629693210125 1.0165096074342728 0.0 1.0 1.0 5451288.633701712 1141681.1066279777 1.48375
59455.270393285 2459455.7756174426 97.17973843216896 2.0332787185907364 0.0 1.0 0.0 5449648.780685751 1141257.659447794 1.48375
59455.271099210004 2459455.776323346 98.19623932242393 3.0497796088457108 0.0 1.0 1.0 5448834.670139891 1141154.7098771206 1.48375
59455.271805325 2459455.77702944 99.21301446855068 4.066554754972458 0.0 1.0 0.0 5454244.032228679 1142236.2664990365 1.48375
59455.272511245 2459455.777735338 100.22950798273087 5.083048269152641 0.0 1.0 1.0 5450461.838279955 1141537.7547052254 1.48375
59455.273217359994 2459455.77844143 101.2462804466486 6.0998207330703735 0.0 1.0 0.0 5452399.147226578 1141832.287638897 1.48375
59455.273923285 2459455.7791473316 102.26277865469456 7.116318941116333 0.0 1.0 1.0 5454178.698046376 1142291.7941806745 1.48375
59455.274629395004 2459455.779853418 103.27954307198524 8.13308335840702 0.0 1.0 0.0 5454674.524682483 1142314.019729288 1.48375
59455.275335325 2459455.7805593233 104.29604664444923 9.14958693087101 0.0 1.0 1.0 5452531.777666998 1141834.6231074173 1.48375
59455.27604143 2459455.7812654027 105.31280100345612 10.166341289877892 0.0 1.0 0.0 5454459.605159577 1142284.672019594 1.48375
59455.276747359996 2459455.7819713065 106.32930256426334 11.18284285068512 0.0 1.0 1.0 5451561.466840636 1141712.137938605 1.48375
59455.27745347 2459455.7826773897 107.34606228768826 12.199602574110031 0.0 1.0 0.0 5455637.7306960765 1142492.8913480414 1.48375
59455.278159395 2459455.7833832866 108.36255379021168 13.216094076633453 0.0 1.0 1.0 5453197.063361129 1142159.597087649 1.48375
59455.27886551 2459455.784089373 109.37931820750237 14.232858493924141 0.0 1.0 0.0 5453612.013124645 1142096.4044853048 1.48375
59455.27957143 2459455.784795263 110.39579965174198 15.249339938163757 0.0 1.0 1.0 5452497.818703019 1141862.7743247456 1.48375
59455.280277544996 2459455.7855013474 111.41256138682365 16.26610167324543 0.0 1.0 0.0 5455200.301005041 1142477.5252383987 1.48375
59455.28098347 2459455.78620724 112.4290468543768 17.28258714079857 0.0 1.0 1.0 5452875.0487698745 1141932.6086582835 1.48375
59455.281689580006 2459455.7869133176 113.44579853117466 18.299338817596436 0.0 1.0 0.0 5452378.342876296 1141912.6308642523 1.48375
59455.28239551 2459455.7876192136 114.46228869259357 19.31582897901535 0.0 1.0 1.0 5450692.870665683 1141539.5420536723 1.48375
59455.283101615 2459455.7883252837 115.47902964055538 20.332569926977158 0.0 1.0 0.0 5452592.044435178 1141870.1768059884 1.48375
59455.283807545 2459455.7890311778 116.49551711976528 21.349057406187057 0.0 1.0 1.0 5448886.093507217 1141126.139856033 1.48375
59455.284513655 2459455.789737251 117.51226276159286 22.36580304801464 0.0 1.0 0.0 5453324.065220746 1142099.2684977662 1.48375
59455.28521958 2459455.790443138 118.52874018251896 23.382280468940735 0.0 1.0 1.0 5452459.417607749 1141878.9507581226 1.48375
59455.285925695 2459455.7911492144 119.54548984766006 24.39903013408184 0.0 1.0 0.0 5451185.474176106 1141583.966348966 1.48375
59455.286631615 2459455.791855094 120.5619565397501 25.415496826171875 0.0 1.0 1.0 5448871.510802751 1141202.251296613 1.48375
59455.28733773 2459455.792561169 121.57870419323444 26.43224447965622 0.0 1.0 0.0 5452429.594954604 1141935.2900172966 1.48375
59455.288043655004 2459455.7932670517 122.59517557919025 27.44871586561203 0.0 1.0 1.0 5447622.406533134 1140888.245785871 1.48375
59455.288749765 2459455.793973119 123.61191250383854 28.465452790260315 0.0 1.0 0.0 5453773.102564811 1142159.428990892 1.48375
59455.289455695 2459455.794679005 124.62838858366013 29.4819288700819 0.0 1.0 1.0 5448549.211496357 1141038.5035480943 1.48375
59455.2901618 2459455.795385066 125.64511612057686 30.498656406998634 0.0 1.0 0.0 5451173.532646404 1141612.6006902086 1.48375
59455.29086773 2459455.7960909507 126.66159018874168 31.51513047516346 0.0 1.0 1.0 5449620.570340402 1141342.7980754245 1.48375
59455.29157384 2459455.796797015 127.67832241952419 32.53186270594597 0.0 1.0 0.0 5450102.826332773 1141333.0009630385 1.48375
59455.292279764995 2459455.797502893 128.69478709995747 33.54832738637924 0.0 1.0 1.0 5449212.096860344 1141171.030145829 1.48375
59455.292985880005 2459455.7982089603 129.71152402460575 34.56506431102753 0.0 1.0 0.0 5451142.053086632 1141618.2392988675 1.48375
59455.293691800005 2459455.7989148325 130.72797998785973 35.5815202742815 0.0 1.0 1.0 5449998.912626555 1141412.8315492992 1.48375
59455.294397915 2459455.799620899 131.7447155714035 36.59825585782528 0.0 1.0 0.0 5449111.184971423 1141176.964730872 1.48375
59455.29510384 2459455.8003267753 132.76117756962776 37.61471785604954 0.0 1.0 1.0 5448182.871133913 1140984.1186019592 1.48375
59455.295809949996 2459455.801032836 133.7779051065445 38.63144539296627 0.0 1.0 0.0 5448476.020847662 1141081.2941472689 1.48375
59455.29651588 2459455.801738716 134.79437246918678 39.64791275560856 0.0 1.0 1.0 5447571.692931378 1140905.8824111137 1.48375
59455.297221985 2459455.802444771 135.81109128892422 40.66463157534599 0.0 1.0 0.0 5448393.128043136 1140966.7496547073 1.48375
59455.297927915 2459455.8031506506 136.82755798101425 41.68109826743603 0.0 1.0 1.0 5448482.1995922085 1141102.4833091842 1.48375
59455.335150135 2459455.840371036 190.42491294443607 0.0 0.0 2.0 0.0 5432802.848062433 1137685.5809863221 1.48375
59455.33585625 2459455.8410771303 191.44168876111507 1.0167758166790009 0.0 2.0 1.0 5439461.092103425 1139176.8942711262 1.48375
59455.33656217 2459455.8417830295 192.45818361639977 2.0332706719636917 0.0 2.0 0.0 5434777.217591116 1138192.7481325902 1.48375
59455.337268285 2459455.8424891233 193.4749587625265 3.050045818090439 0.0 2.0 1.0 5442099.98317327 1139654.5007516982 1.48375
59455.33797421 2459455.8431950263 194.49145898222923 4.0665460377931595 0.0 2.0 0.0 5437652.950749246 1138707.4563629134 1.48375
59455.33868032 2459455.843901114 195.50822541117668 5.083312466740608 0.0 2.0 1.0 5442199.713301829 1139688.2985508349 1.48375
59455.339386249994 2459455.8446070217 196.52473233640194 6.099819391965866 0.0 2.0 0.0 5436225.576074268 1138435.6234337164 1.48375
59455.340092355 2459455.8453131034 197.5414900481701 7.116577103734016 0.0 2.0 1.0 5441947.315617095 1139686.7628361078 1.48375
59455.340798285004 2459455.846019009 198.55799429118633 8.13308134675026 0.0 2.0 0.0 5438067.673134199 1138839.8953132993 1.48375
59455.341504395 2459455.8467250946 199.5747573673725 9.14984442293644 0.0 2.0 1.0 5442163.727234851 1139724.5676554278 1.48375
59455.34221032 2459455.847430994 200.5912522226572 10.16633927822113 0.0 2.0 0.0 5437270.011784274 1138750.3741517637 1.48375
59455.342916435 2459455.848137083 201.6080206632614 11.18310771882534 0.0 2.0 1.0 5442498.689831639 1139799.5778292613 1.48375
59455.343622355 2459455.848842975 202.6245054602623 12.199592515826225 0.0 2.0 0.0 5438354.373662088 1138908.9239716232 1.48375
59455.344328470004 2459455.8495490626 203.6412712186575 13.21635827422142 0.0 2.0 1.0 5442663.977787645 1139820.6804655478 1.48375
59455.345034394995 2459455.8502549585 204.6577613800764 14.232848435640335 0.0 2.0 0.0 5436640.027061947 1138538.6559304213 1.48375
59455.345740505 2459455.850961039 205.6745170801878 15.249604135751724 0.0 2.0 1.0 5441555.219049767 1139593.7213372628 1.48375
59455.346446434996 2459455.8516669376 206.69101126492023 16.26609832048416 0.0 2.0 0.0 5439401.132090295 1139086.272178899 1.48375
59455.347152539995 2459455.852373011 207.70775690674782 17.282843962311745 0.0 2.0 1.0 5443929.82188568 1140101.6294801713 1.48375
59455.347858470006 2459455.853078908 208.72424840927124 18.299335464835167 0.0 2.0 0.0 5436878.872180184 1138595.4052303971 1.48375
59455.34856458 2459455.8537849844 209.7409987449646 19.316085800528526 0.0 2.0 1.0 5442400.161569978 1139753.4956769266 1.48375
59455.349270505 2459455.8544908743 210.75748018920422 20.332567244768143 0.0 2.0 0.0 5436938.976247864 1138584.2823243623 1.48375
59455.34997662 2459455.8551969533 211.77423387765884 21.34932093322277 0.0 2.0 1.0 5441021.750795785 1139480.9823328906 1.48375
59455.350682539996 2459455.855902836 212.79070526361465 22.36579231917858 0.0 2.0 0.0 5437529.424843978 1138730.2005149121 1.48375
59455.351388655 2459455.8566089137 213.80745694041252 23.382543995976448 0.0 2.0 1.0 5440266.173348281 1139320.5130060515 1.48375
59455.35209458 2459455.8573147994 214.82393234968185 24.39901940524578 0.0 2.0 0.0 5436638.104912721 1138517.5417804245 1.48375
59455.35280069 2459455.8580208695 215.84067329764366 25.415760353207588 0.0 2.0 1.0 5440187.580010269 1139308.887244516 1.48375
59455.35350662 2459455.8587267585 216.85715340077877 26.432240456342697 0.0 2.0 0.0 5436036.813911124 1138390.6113802053 1.48375
59455.35421273 2459455.8594328267 217.87389166653156 27.44897872209549 0.0 2.0 1.0 5439509.075383364 1139154.4816785562 1.48375
59455.354918655 2459455.8601387087 218.89036171138287 28.465448766946793 0.0 2.0 0.0 5437094.315978634 1138647.873633909 1.48375
59455.355624765 2459455.8608447756 219.9070979654789 29.482185021042824 0.0 2.0 1.0 5439925.9618187845 1139332.2318261573 1.48375
59455.35633069 2459455.8615506557 220.92356532812119 30.498652383685112 0.0 2.0 0.0 5435771.708002502 1138378.5905477758 1.48375
59455.357036805 2459455.8622567253 221.94030560553074 31.515392661094666 0.0 2.0 1.0 5438565.735676515 1139002.566958894 1.48375
59455.35774273 2459455.8629626045 222.95677162706852 32.531858682632446 0.0 2.0 0.0 5435052.147020729 1138240.3549719746 1.48375
59455.358448839994 2459455.863668668 223.97350318729877 33.5485902428627 0.0 2.0 1.0 5440332.94639813 1139324.3834212227 1.48375
59455.359154765 2459455.8643745454 224.98996652662754 34.56505358219147 0.0 2.0 0.0 5435367.114252685 1138313.457662152 1.48375
59455.359860875 2459455.8650806076 226.00669607520103 35.58178313076496 0.0 2.0 1.0 5438498.216027529 1139005.9813355578 1.48375
59455.360566805 2459455.865786489 227.02316544950008 36.59825250506401 0.0 2.0 0.0 5435033.13749133 1138211.5423720863 1.48375
59455.361272915005 2459455.8664925494 228.03989231586456 37.61497937142849 0.0 2.0 1.0 5439479.488383219 1139126.7517736133 1.48375
59455.361978839996 2459455.8671984253 229.05635364353657 38.631440699100494 0.0 2.0 0.0 5436344.319007109 1138482.1181279619 1.48375
59455.36268495 2459455.8679044857 230.07308050990105 39.64816756546497 0.0 2.0 1.0 5437504.841759902 1138744.2789040946 1.48375
59455.363390875 2459455.8686103607 231.08954049646854 40.66462755203247 0.0 2.0 0.0 5434280.513381604 1138044.4444123677 1.48375
59455.36409699 2459455.869316425 232.1062733978033 41.68136045336723 0.0 2.0 1.0 5436963.502961675 1138619.3453270628 1.48375
59455.40133069 2459455.9065482863 285.7201534509659 0.0 0.0 3.0 0.0 5418991.589479679 1134960.723975693 1.48375
59455.402036805 2459455.9072543806 286.7369292676449 1.0167758166790009 0.0 3.0 1.0 5424542.59093909 1136084.3139053325 1.48375
59455.40274273 2459455.9079602845 287.7534308284521 2.033277377486229 0.0 3.0 0.0 5424858.024866036 1136155.4267673183 1.48375
59455.40344884 2459455.9086663737 288.7701992690563 3.050045818090439 0.0 3.0 1.0 5426797.039974663 1136620.705543058 1.48375
59455.404154765 2459455.9093722766 289.78669948875904 4.0665460377931595 0.0 3.0 0.0 5424985.085228645 1136149.4678744322 1.48375
59455.404860875 2459455.9100783644 290.8034659177065 5.083312466740608 0.0 3.0 1.0 5426468.974953128 1136533.3533421515 1.48375
59455.405566805 2459455.9107842715 291.8199721723795 6.099818721413612 0.0 3.0 0.0 5429003.8921467345 1137059.3056083783 1.48375
59455.406272915 2459455.9114903584 292.83673726022243 7.116583809256554 0.0 3.0 1.0 5429843.860146311 1137224.682397814 1.48375
59455.406978839994 2459455.912196259 293.8532341271639 8.133080676198006 0.0 3.0 0.0 5427716.174487542 1136709.4830301784 1.48375
59455.40768495 2459455.9129023445 294.86999720335007 9.149843752384186 0.0 3.0 1.0 5428072.089297244 1136833.1858955822 1.48375
59455.408390875 2459455.9136082437 295.88649205863476 10.166338607668877 0.0 3.0 0.0 5426708.321938765 1136525.2664423233 1.48375
59455.40909699 2459455.914314332 296.90325915813446 11.183105707168579 0.0 3.0 1.0 5427747.673852017 1136822.410354202 1.48375
59455.409802915005 2459455.91502023 297.91975267231464 12.199599221348763 0.0 3.0 0.0 5427501.505333527 1136717.432841195 1.48375
59455.410509025 2459455.915726312 298.9365103840828 13.216356933116913 0.0 3.0 1.0 5428373.569584098 1136879.95478819 1.48375
59455.41121495 2459455.916432208 299.9530005455017 14.232847094535828 0.0 3.0 0.0 5427681.698749219 1136725.9577823097 1.48375
59455.411921060004 2459455.917138288 300.96975557506084 15.249602124094963 0.0 3.0 1.0 5427268.278047969 1136719.7137726096 1.48375
59455.41262699 2459455.917844187 301.98625043034554 16.266096979379654 0.0 3.0 0.0 5427408.988415313 1136649.9863109032 1.48375
59455.4133331 2459455.9185502646 303.0030021071434 17.28284865617752 0.0 3.0 1.0 5426251.614116873 1136451.5280036223 1.48375
59455.414039024996 2459455.9192561572 304.01948757469654 18.29933412373066 0.0 3.0 0.0 5423454.735289599 1135886.9968154083 1.48375
59455.414745140006 2459455.919962238 305.0362439453602 19.316090494394302 0.0 3.0 1.0 5422715.830875587 1135758.5678932564 1.48375
59455.415451060006 2459455.920668123 306.052718013525 20.332564562559128 0.0 3.0 0.0 5420090.534995661 1135135.5461586514 1.48375
59455.416157175 2459455.921374202 307.06947170197964 21.349318251013756 0.0 3.0 1.0 5419196.339363486 1135038.6297986852 1.48375
59455.4168631 2459455.9220800903 308.0859511345625 22.36579768359661 0.0 3.0 0.0 5416328.293070234 1134398.5690687983 1.48375
59455.417569209996 2459455.922786162 309.10269409418106 23.38254064321518 0.0 3.0 1.0 5418980.586524145 1135026.5837579083 1.48375
59455.41827514 2459455.923492053 310.11917755007744 24.399024099111557 0.0 3.0 0.0 5414674.960272748 1134078.916818674 1.48375
59455.418981245 2459455.9241981176 311.1359104514122 25.41575700044632 0.0 3.0 1.0 5415338.978355471 1134218.3933165108 1.48375
59455.419687175 2459455.924904007 312.15239122509956 26.432237774133682 0.0 3.0 0.0 5413925.833242467 1133835.9477499106 1.48375
59455.420393285 2459455.925610075 313.1691288203001 27.44897536933422 0.0 3.0 1.0 5414053.278195567 1133990.8750767522 1.48375
59455.42109921 2459455.926315957 314.18559953570366 28.465446084737778 0.0 3.0 0.0 5413225.51672953 1133717.446568523 1.48375
59455.421805325 2459455.9270220282 315.20234182477 29.482188373804092 0.0 3.0 1.0 5411332.81653408 1133469.5754498157 1.48375
59455.422511245 2459455.927727904 316.218803152442 30.498649701476097 0.0 3.0 0.0 5413510.016826158 1133792.2115296598 1.48375
59455.42321736 2459455.9284339733 317.2355427592993 31.515389308333397 0.0 3.0 1.0 5414956.363552221 1134160.6971497631 1.48375
59455.423923285 2459455.9291398525 318.25200878083706 32.53185532987118 0.0 3.0 0.0 5413614.087160431 1133830.5496207834 1.48375
59455.424629395 2459455.9298459156 319.26873967051506 33.54858621954918 0.0 3.0 1.0 5413509.380044552 1133878.5696100534 1.48375
59455.425335325 2459455.930551798 320.2852103859186 34.565056934952736 0.0 3.0 0.0 5413155.186333057 1133706.9207509975 1.48375
59455.42604143 2459455.931257855 321.3019325584173 35.58177910745144 0.0 3.0 1.0 5409391.427271736 1132937.1365117037 1.48375
59455.426747360005 2459455.931963736 322.3184012621641 36.598247811198235 0.0 3.0 0.0 5409560.616061828 1133015.6326644728 1.48375
59455.42745347 2459455.9326697974 323.3351294696331 37.61497601866722 0.0 3.0 1.0 5411016.0922873905 1133353.3435340463 1.48375
59455.428159395 2459455.9333756734 324.3515907973051 38.631437346339226 0.0 3.0 0.0 5408630.775137968 1132801.6154396178 1.48375
59455.428865509995 2459455.9340817383 325.3683243691921 39.64817091822624 0.0 3.0 1.0 5411932.537769604 1133518.9192102326 1.48375
59455.429571429995 2459455.934787608 326.38477697968483 40.66462352871895 0.0 3.0 0.0 5410390.678191706 1133156.1940990686 1.48375
59455.430277545 2459455.9354936727 327.4015098810196 41.68135643005371 0.0 3.0 1.0 5412076.280301261 1133579.5424561442 1.48375
59455.467488099996 2459455.9727023863 380.98205745220184 0.0 0.0 4.0 0.0 5394752.034956581 1129983.1042696992 1.48375
59455.46819421 2459455.9734084755 381.99882589280605 1.01676844060421 0.0 4.0 1.0 5395206.554105161 1130160.704000579 1.48375
59455.468900135 2459455.9741143794 383.0153274536133 2.033270001411438 0.0 4.0 0.0 5399228.460884068 1130879.8916889206 1.48375
59455.46960625 2459455.974820473 384.03210259974 3.050045147538185 0.0 4.0 1.0 5397932.934448354 1130685.2627342476 1.48375
59455.47031217 2459455.9755263715 385.0485961139202 4.0665386617183685 0.0 4.0 0.0 5400936.028054178 1131283.1589870136 1.48375
59455.471018284996 2459455.976232464 386.0653692483902 5.0833117961883545 0.0 4.0 1.0 5399506.919242741 1130976.5274084494 1.48375
59455.47172421 2459455.976938366 387.0818681269884 6.099810674786568 0.0 4.0 0.0 5399577.933122458 1130975.8612257587 1.48375
59455.472430320006 2459455.9776444524 388.0986325442791 7.116575092077255 0.0 4.0 1.0 5398549.130322893 1130774.6487751082 1.48375
59455.47313625 2459455.9783503585 389.1151374578476 8.133080005645752 0.0 4.0 0.0 5399887.889583967 1131033.2111576223 1.48375
59455.473842355 2459455.9790564384 390.13189248740673 9.149835035204887 0.0 4.0 1.0 5397761.284769689 1130596.1878820173 1.48375
59455.474548285 2459455.9797623428 391.1483947187662 10.16633726656437 0.0 4.0 0.0 5401139.221309841 1131272.9413178023 1.48375
59455.475254395 2459455.9804684264 392.1651551127434 11.183097660541534 0.0 4.0 1.0 5397909.621425105 1130676.5983727186 1.48375
59455.47596032 2459455.981174324 393.1816479563713 12.199590504169464 0.0 4.0 0.0 5399554.919664907 1131012.242803904 1.48375
59455.476666435 2459455.981880411 394.19841304421425 13.216355592012405 0.0 4.0 1.0 5399449.888956967 1130980.6734840577 1.48375
59455.477372355 2459455.982586302 395.2148958295584 14.23283837735653 0.0 4.0 0.0 5401034.360307054 1131298.5738610374 1.48375
59455.47807847 2459455.983292387 396.2316582351923 15.249600782990456 0.0 4.0 1.0 5398812.028898613 1130830.3255352944 1.48375
59455.478784395 2459455.9839982805 397.24814504384995 16.266087591648102 0.0 4.0 0.0 5399706.374011378 1130953.946857959 1.48375
59455.479490505 2459455.984704359 398.2648980617523 17.282840609550476 0.0 4.0 1.0 5398238.935085902 1130729.1423791733 1.48375
59455.480196435004 2459455.985410256 399.28138956427574 18.2993321120739 0.0 4.0 0.0 5400455.0801797155 1131142.8003566363 1.48375
59455.48090254 2459455.986116327 400.29813185334206 19.316074401140213 0.0 4.0 1.0 5399912.866428813 1131089.5683425432 1.48375
59455.48160847 2459455.986822222 401.31462067365646 20.33256322145462 0.0 4.0 0.0 5399569.570235253 1130974.141871907 1.48375
59455.482314580004 2459455.9875282957 402.3313669860363 21.349309533834457 0.0 4.0 1.0 5397579.4992241375 1130578.7351688358 1.48375
59455.483020505 2459455.9882341833 403.34784507751465 22.365787625312805 0.0 4.0 0.0 5400681.5279869195 1131209.7334639397 1.48375
59455.483726620005 2459455.988940261 404.3645967543125 23.382539302110672 0.0 4.0 1.0 5398095.665404163 1130721.2337163005 1.48375
59455.484432540004 2459455.9896461414 405.38106478750706 24.399007335305214 0.0 4.0 0.0 5399786.303783406 1130972.6978048587 1.48375
59455.485138655 2459455.9903522166 406.39781311154366 25.415755659341812 0.0 4.0 1.0 5399489.732242952 1130959.7635872103 1.48375
59455.48584458 2459455.9910581005 407.414285838604 26.43222838640213 0.0 4.0 0.0 5401864.171473013 1131475.036237917 1.48375
59455.486550689995 2459455.9917641687 408.43102410435677 27.448966652154922 0.0 4.0 1.0 5401675.72767865 1131425.161216943 1.48375
59455.48725662 2459455.9924700554 409.4475008547306 28.465443402528763 0.0 4.0 0.0 5399395.581275051 1130956.6398413826 1.48375
59455.48796273 2459455.993176122 410.46423710882664 29.482179656624794 0.0 4.0 1.0 5399916.0145079205 1131100.2955305215 1.48375
59455.488668655 2459455.9938820023 411.4807044714689 30.498647019267082 0.0 4.0 0.0 5399386.069129335 1130963.9600138173 1.48375
59455.489374765 2459455.994588067 412.4974373728037 31.515379920601845 0.0 4.0 1.0 5399936.721072709 1131048.0374177282 1.48375
59455.49008069 2459455.9952939455 413.5139027237892 32.53184527158737 0.0 4.0 0.0 5400115.205586975 1131075.043137156 1.48375
59455.490786805 2459455.996000014 414.530640989542 33.548583537340164 0.0 4.0 1.0 5399200.2970418 1130952.886657055 1.48375
59455.49149273 2459455.9967058916 415.547104999423 34.565047547221184 0.0 4.0 0.0 5400421.124763919 1131160.4317237409 1.48375
59455.49219884 2459455.9974119533 416.56383387744427 35.581776425242424 0.0 4.0 1.0 5397784.292645167 1130668.6677319242 1.48375
59455.492904765 2459455.9981178297 417.5802958756685 36.59823842346668 0.0 4.0 0.0 5399530.8721826095 1130949.4198703493 1.48375
59455.493610875 2459455.998823891 418.5970240831375 37.61496663093567 0.0 4.0 1.0 5398489.128753296 1130813.770236399 1.48375
59455.494316805 2459455.9995297715 419.61349211633205 38.63143466413021 0.0 4.0 0.0 5399462.276547734 1130969.5256898552 1.48375
59455.495022915 2459456.0002358314 420.6302183121443 39.648160859942436 0.0 4.0 1.0 5398038.908194905 1130735.1940875617 1.48375
59455.495728840004 2459456.0009417064 421.6466782987118 40.66462084650993 0.0 4.0 0.0 5399720.976519464 1131029.1618323266 1.48375
59455.49643495 2459456.0016477657 422.66340382397175 41.681346371769905 0.0 4.0 1.0 5397450.917337055 1130566.9937650997 1.48375
59455.533657175 2459456.038868145 476.26075007021427 0.0 0.0 5.0 0.0 5382894.403647213 1127465.5029223128 1.48375
59455.534363285 2459456.0395742343 477.2775185108185 1.01676844060421 0.0 5.0 1.0 5390087.622973687 1128963.3477677319 1.48375
59455.535069210004 2459456.040280138 478.2940200716257 2.033270001411438 0.0 5.0 0.0 5388227.758811697 1128544.0575546732 1.48375
59455.535775325 2459456.040986231 479.31079387664795 3.0500438064336777 0.0 5.0 1.0 5388266.80082371 1128620.530363712 1.48375
59455.536481245 2459456.0416921293 480.32728739082813 4.066537320613861 0.0 5.0 0.0 5387524.2302040225 1128420.1320435256 1.48375
59455.537187359994 2459456.0423982223 481.3440611958504 5.083311125636101 0.0 5.0 1.0 5393814.151377009 1129760.1761538195 1.48375
59455.537893285 2459456.0431041243 482.3605600744486 6.099810004234314 0.0 5.0 0.0 5391500.125176439 1129255.0731231445 1.48375
59455.538599395004 2459456.0438102107 483.3773244917393 7.1165744215250015 0.0 5.0 1.0 5389576.74389882 1128922.9125545924 1.48375
59455.539305325 2459456.0445161164 484.3938287347555 8.133078664541245 0.0 5.0 0.0 5391350.819818625 1129176.7068040636 1.48375
59455.54001143 2459456.0452221963 485.41058376431465 9.14983369410038 0.0 5.0 1.0 5393324.611361076 1129676.5310188574 1.48375
59455.540717359996 2459456.0459281006 486.42708599567413 10.166335925459862 0.0 5.0 0.0 5389194.252223661 1128821.8880479503 1.48375
59455.54142347 2459456.0466341837 487.44384571909904 11.183095648884773 0.0 5.0 1.0 5394517.628330353 1129939.6376859006 1.48375
59455.542129395 2459456.0473400815 488.460338562727 12.199588492512703 0.0 5.0 0.0 5391852.279020963 1129331.0595535105 1.48375
59455.54283551 2459456.0480461684 489.4771036505699 13.216353580355644 0.0 5.0 1.0 5395767.89529111 1130165.450960326 1.48375
59455.54354143 2459456.048752059 490.49358643591404 14.232836365699768 0.0 5.0 0.0 5393208.369667858 1129589.1367372298 1.48375
59455.544247544996 2459456.0494581438 491.5103481709957 15.24959810078144 0.0 5.0 1.0 5394308.859064827 1129908.46477741 1.48375
59455.54495347 2459456.050164038 492.5268356502056 16.26608557999134 0.0 5.0 0.0 5390440.8397528725 1129017.557580199 1.48375
59455.545659580006 2459456.050870116 493.54358799755573 17.28283792734146 0.0 5.0 1.0 5394562.957920671 1129916.2659729181 1.48375
59455.54636551 2459456.051576013 494.5600801706314 18.299330100417137 0.0 5.0 0.0 5392730.259749739 1129477.2751364599 1.48375
59455.547071615 2459456.052282084 495.57682178914547 19.316071718931198 0.0 5.0 1.0 5394018.668532117 1129838.904190862 1.48375
59455.547777545 2459456.052987979 496.5933106094599 20.332560539245605 0.0 5.0 0.0 5393580.1755606765 1129635.336404698 1.48375
59455.548483655 2459456.053694052 497.61005625128746 21.34930618107319 0.0 5.0 1.0 5396242.116764481 1130269.3156005142 1.48375
59455.54918958 2459456.0543999407 498.6265356838703 22.365785613656044 0.0 5.0 0.0 5391072.518667362 1129151.9508831347 1.48375
59455.549895695 2459456.0551060173 499.6432860195637 23.382535949349403 0.0 5.0 1.0 5393965.081004188 1129789.5217780478 1.48375
59455.550601615 2459456.0558118983 500.65975472331047 24.3990046530962 0.0 5.0 0.0 5393186.995948463 1129578.6476145077 1.48375
59455.55130773 2459456.056517973 501.6765023767948 25.415752306580544 0.0 5.0 1.0 5394160.432399466 1129835.8184035385 1.48375
59455.552013655004 2459456.057223857 502.69297510385513 26.43222503364086 0.0 5.0 0.0 5394175.877482209 1129807.1855238646 1.48375
59455.552719765 2459456.0579299247 503.7097126990557 27.4489626288414 0.0 5.0 1.0 5398468.629824027 1130764.5959233765 1.48375
59455.553425695 2459456.058635812 504.72619011998177 28.465440049767494 0.0 5.0 0.0 5398061.745097808 1130620.8275063147 1.48375
59455.5541318 2459456.059341873 505.74291832745075 29.48216825723648 0.0 5.0 1.0 5399261.548826385 1130924.4942089017 1.48375
59455.55483773 2459456.0600477583 506.75939306616783 30.49864299595356 0.0 5.0 0.0 5399789.339591114 1130966.283130886 1.48375
59455.55554384 2459456.0607538233 507.77612663805485 31.515376567840576 0.0 5.0 1.0 5402659.592054039 1131571.7656841404 1.48375
59455.556249764995 2459456.0614597024 508.79259265959263 32.53184258937836 0.0 5.0 0.0 5398788.874952615 1130764.56949914 1.48375
59455.556955880005 2459456.06216577 509.80933025479317 33.548580184578896 0.0 5.0 1.0 5403301.429783786 1131710.4372388972 1.48375
59455.557661800005 2459456.062871643 510.8257868885994 34.565036818385124 0.0 5.0 0.0 5399813.559186654 1130943.5904057054 1.48375
59455.558367915 2459456.0635777097 511.8425231426954 35.581773072481155 0.0 5.0 1.0 5403407.745399356 1131714.558067665 1.48375
59455.55907384 2459456.0642835856 512.8589844703674 36.59823440015316 0.0 5.0 0.0 5398450.658434394 1130639.1684295437 1.48375
59455.559779949996 2459456.064989647 513.8757126778364 37.61496260762215 0.0 5.0 1.0 5402665.846448194 1131614.026525754 1.48375
59455.56048588 2459456.0656955275 514.892180711031 38.63143064081669 0.0 5.0 0.0 5400760.564980974 1131166.1986934869 1.48375
59455.561191985 2459456.0664015827 515.9089002013206 39.64815013110638 0.0 5.0 1.0 5401126.974806914 1131243.8918888762 1.48375
59455.561897915 2459456.0671074623 516.9253668934107 40.66461682319641 0.0 5.0 0.0 5400241.369478682 1131040.1251373868 1.48375
59455.562604025 2459456.067813522 517.9420930892229 41.68134301900864 0.0 5.0 1.0 5402028.999315476 1131512.7555241652 1.48375
59455.600555325 2459456.1057629506 572.5892700254917 0.0 0.0 6.0 0.0 5385331.480417218 1128003.1644647669 1.48375
59455.60126143 2459456.106469034 573.6060304194689 1.0167603939771652 0.0 6.0 1.0 5385272.3323368495 1128041.2512366977 1.48375
59455.601967359995 2459456.1071749427 574.6225386857986 2.0332686603069305 0.0 6.0 0.0 5390224.660989392 1129024.4783757285 1.48375
59455.60267347 2459456.107881031 575.6393057852983 3.050035759806633 0.0 6.0 1.0 5387968.69282168 1128568.0355842393 1.48375
59455.603379395005 2459456.108586933 576.6558046638966 4.066534638404846 0.0 6.0 0.0 5391835.391532819 1129328.2218399635 1.48375
59455.60408551 2459456.1092930255 577.6725777983665 5.083307772874832 0.0 6.0 1.0 5390342.174090281 1129031.602097885 1.48375
59455.60479143 2459456.1099989214 578.6890679597855 6.099797934293747 0.0 6.0 0.0 5393188.4276872035 1129655.153560302 1.48375
59455.605497545 2459456.110705012 579.7058384120464 7.116568386554718 0.0 6.0 1.0 5390680.667831399 1129122.1297543158 1.48375
59455.60620347 2459456.111410912 580.7223346084356 8.133064582943916 0.0 6.0 0.0 5393240.635320575 1129698.5758105873 1.48375
59455.606909580005 2459456.112116996 581.739095672965 9.149825647473335 0.0 6.0 1.0 5392328.885450279 1129457.3832311446 1.48375
59455.60761551 2459456.1128228996 582.75559656322 10.16632653772831 0.0 6.0 0.0 5393155.591979938 1129697.7817856607 1.48375
59455.608321615 2459456.113528977 583.7723482400179 11.183078214526176 0.0 6.0 1.0 5389793.70596561 1128912.2338592876 1.48375
59455.609027545 2459456.1142348787 584.7888464480639 12.199576422572136 0.0 6.0 0.0 5393883.682164472 1129795.6262071934 1.48375
59455.60973347 2459456.114940774 585.8053359389305 13.216065913438797 0.0 6.0 1.0 5391820.22716235 1129326.3611781911 1.48375
59455.61043958 2459456.115646854 586.8220909684896 14.232820942997932 0.0 6.0 0.0 5394773.138409795 1129967.257267581 1.48375
59455.611145695 2459456.116352938 587.8388520330191 15.249582007527351 0.0 6.0 1.0 5391979.834480592 1129409.0085860286 1.48375
59455.611851615 2459456.1170588257 588.8553301244974 16.2660600990057 0.0 6.0 0.0 5393146.375853988 1129623.3008129622 1.48375
59455.612557545 2459456.1177647226 589.8718216270208 17.28255160152912 0.0 6.0 1.0 5390136.257030061 1129024.2211375856 1.48375
59455.613263655 2459456.1184707982 590.8885706216097 18.299300596117973 0.0 6.0 0.0 5392584.267818629 1129508.7829372287 1.48375
59455.613969765 2459456.1191768735 591.9053189456463 19.31604892015457 0.0 6.0 1.0 5390034.090443763 1129026.9169839947 1.48375
59455.614675695004 2459456.119882767 592.9218057543039 20.332535728812218 0.0 6.0 0.0 5392022.446664679 1129409.0194914003 1.48375
59455.6153818 2459456.120588835 593.9385433495045 21.349273324012756 0.0 6.0 1.0 5391090.925593168 1129198.6117303844 1.48375
59455.61608773 2459456.1212947266 594.9550274759531 22.365757450461388 0.0 6.0 0.0 5392108.036821917 1129416.384808028 1.48375
59455.61679384 2459456.1220007977 595.9717697650194 23.382499739527702 0.0 6.0 1.0 5389967.980029368 1128970.6042196655 1.48375
59455.617499765 2459456.1227066824 596.9882438331842 24.398973807692528 0.0 6.0 0.0 5393793.933027852 1129785.0648398097 1.48375
59455.618205880004 2459456.123412756 598.0049894750118 25.41571944952011 0.0 6.0 1.0 5391051.404122697 1129210.6552235705 1.48375
59455.618911800004 2459456.124118634 599.0214541554451 26.432184129953384 0.0 6.0 0.0 5392070.984493277 1129437.7839452168 1.48375
59455.619617915 2459456.124824706 600.0381977856159 27.448927760124207 0.0 6.0 1.0 5389881.535195875 1128906.0663291195 1.48375
59455.62032384 2459456.125530587 601.0546664893627 28.465396463871002 0.0 6.0 0.0 5392641.783938744 1129550.973945819 1.48375
59455.621029949994 2459456.1262366525 602.071400731802 29.482130706310272 0.0 6.0 1.0 5390197.715183679 1129025.2128000564 1.48375
59455.621735880006 2459456.1269425373 603.0878747999668 30.498604774475098 0.0 6.0 0.0 5393966.031325647 1129832.942514292 1.48375
59455.622441985004 2459456.127648596 604.1045996546745 31.515329629182816 0.0 6.0 1.0 5390133.386302258 1129021.9874707551 1.48375
59455.623147915 2459456.128354479 605.1210710406303 32.531801015138626 0.0 6.0 0.0 5392738.267415079 1129601.7946680589 1.48375
59455.62385384 2459456.1290603564 606.1375343799591 33.54826435446739 0.0 6.0 1.0 5389062.704295889 1128794.2596537566 1.48375
59455.624559949996 2459456.129766418 607.1542632579803 34.56499323248863 0.0 6.0 0.0 5392463.588633949 1129495.5024247565 1.48375
59455.625266065 2459456.1304724845 608.1709988415241 35.58172881603241 0.0 6.0 1.0 5389354.294302224 1128819.8742539338 1.48375
59455.625971985 2459456.1311783553 609.1874527931213 36.59818276762962 0.0 6.0 0.0 5392213.60277875 1129422.3177565085 1.48375
59455.626677915 2459456.131884236 610.2039208263159 37.614650800824165 0.0 6.0 1.0 5387530.591199579 1128463.2487865728 1.48375
59455.627384025 2459456.132590296 611.2206476926804 38.631377667188644 0.0 6.0 0.0 5392198.458064402 1129469.8853533582 1.48375
59455.628090135 2459456.1332963556 612.2373732179403 39.648103192448616 0.0 6.0 1.0 5389087.940570161 1128821.5542415897 1.48375
59455.670902540005 2459456.176106704 673.8842748105526 0.0 0.0 7.0 0.0 5372473.703420175 1125365.235146878 1.48375
59455.671608655 2459456.1768127945 674.9010452628136 1.016770452260971 0.0 7.0 1.0 5380873.987402879 1127043.4372860498 1.48375
59455.67231458 2459456.1775186947 675.9175414592028 2.0332666486501694 0.0 7.0 0.0 5377671.270706764 1126387.6238401204 1.48375
59455.673020505 2459456.1782245934 676.9340356439352 3.0497608333826065 0.0 7.0 1.0 5382233.599122067 1127377.5336406627 1.48375
59455.67372662 2459456.178930682 677.9508034139872 4.066528603434563 0.0 7.0 0.0 5378008.987668964 1126424.3585535137 1.48375
59455.67443273 2459456.1796367643 678.9675617963076 5.083286985754967 0.0 7.0 1.0 5385878.640711488 1128080.7613531281 1.48375
59455.675138655 2459456.180342661 679.984053298831 6.099778488278389 0.0 7.0 0.0 5380937.532895432 1127048.1445930006 1.48375
59455.675844765 2459456.1810487416 681.0008089989424 7.116534188389778 0.0 7.0 1.0 5383665.68990613 1127644.3905774371 1.48375
59455.67655069 2459456.1817546366 682.0172978192568 8.133023008704185 0.0 7.0 0.0 5382138.54463978 1127294.2903528004 1.48375
59455.677256805 2459456.18246072 683.034058213234 9.14978340268135 0.0 7.0 1.0 5384519.459503747 1127808.9642947556 1.48375
59455.67796273 2459456.1831666133 684.0505443513393 10.166269540786743 0.0 7.0 0.0 5380256.523198966 1126870.8128067004 1.48375
59455.678668655004 2459456.183872505 685.067028477788 11.182753667235374 0.0 7.0 1.0 5385497.0196183575 1128052.7576097709 1.48375
59455.679374765 2459456.1845785812 686.0837781429291 12.19950333237648 0.0 7.0 0.0 5383901.099514387 1127673.24464557 1.48375
59455.680080875 2459456.1852846555 687.1005251258612 13.21625031530857 0.0 7.0 1.0 5387368.156985435 1128400.579872208 1.48375
59455.680786805 2459456.18599055 688.1170132756233 14.232738465070724 0.0 7.0 0.0 5383216.983676609 1127566.341346039 1.48375
59455.681492915 2459456.1866966225 689.1337575763464 15.2494827657938 0.0 7.0 1.0 5384593.376471892 1127841.4238110376 1.48375
59455.682198840004 2459456.1874025096 690.1502349972725 16.265960186719894 0.0 7.0 0.0 5381110.165397212 1127075.3707109618 1.48375
59455.68290495 2459456.1881085797 691.1669759452343 17.2827011346817 0.0 7.0 1.0 5388451.352141385 1128609.5117572963 1.48375
59455.683610875 2459456.188814465 692.1834506839514 18.29917587339878 0.0 7.0 0.0 5381278.093755124 1127110.1032033744 1.48375
59455.684316804996 2459456.189520354 693.1999307870865 19.31565597653389 0.0 7.0 1.0 5386717.362005873 1128251.7909260492 1.48375
59455.685022915 2459456.1902264217 694.216668382287 20.33239357173443 0.0 7.0 0.0 5382676.959715022 1127433.7707377567 1.48375
59455.685729025005 2459456.1909324885 695.233404636383 21.34912982583046 0.0 7.0 1.0 5385819.672558271 1128110.492247308 1.48375
59455.68643495 2459456.19163837 696.2498740106821 22.36559920012951 0.0 7.0 0.0 5383346.3258103505 1127576.8355189578 1.48375
59455.687140875 2459456.19234425 697.2663413733244 23.382066562771797 0.0 7.0 1.0 5384750.276307782 1127869.2126071572 1.48375
59455.68784699 2459456.19305032 698.283081650734 24.39880684018135 0.0 7.0 0.0 5380291.054751615 1126864.7681588707 1.48375
59455.6885531 2459456.193756384 699.2998138815165 25.41553907096386 0.0 7.0 1.0 5384720.687606212 1127879.1231669185 1.48375
59455.689259025 2459456.1944622616 700.3162778913975 26.43200308084488 0.0 7.0 0.0 5381003.890734079 1127060.6380815338 1.48375
59455.68996495 2459456.1951681394 701.3327419012785 27.4484670907259 0.0 7.0 1.0 5384912.255826993 1127891.9861748964 1.48375
59455.69067106 2459456.1958742016 702.349471449852 28.465196639299393 0.0 7.0 0.0 5382126.864307729 1127274.8291584547 1.48375
59455.691377175 2459456.1965802675 703.3662063628435 29.481931552290916 0.0 7.0 1.0 5385148.214140599 1127897.4229570138 1.48375
59455.6920831 2459456.1972861434 704.3826676905155 30.49839287996292 0.0 7.0 0.0 5382586.622408142 1127391.1416123207 1.48375
59455.692789025 2459456.197992019 705.3991283476353 31.514853537082672 0.0 7.0 1.0 5385393.463835906 1127993.3678800035 1.48375
59455.69349514 2459456.198698084 706.4158619195223 32.53158710896969 0.0 7.0 0.0 5381844.983803184 1127226.7064419307 1.48375
59455.694201245 2459456.1994041386 707.4325807392597 33.54830592870712 0.0 7.0 1.0 5384115.948868678 1127776.7819511828 1.48375
