# %ECSV 1.0
# ---
# datatype:
# - {name: t_mjd, datatype: float64}
# - {name: t_bjd, datatype: float64}
# - {name: t_visit, datatype: float64}
# - {name: t_orbit, datatype: float64}
# - {name: ivisit, datatype: float64}
# - {name: iorbit, datatype: float64}
# - {name: scan, datatype: float64}
# - {name: spec_opt, datatype: float64}
# - {name: var_opt, datatype: float64}
# - {name: wave, datatype: float64}
# schema: astropy-2.0
t_mjd t_bjd t_visit t_orbit ivisit iorbit scan spec_opt var_opt wave
59455.203888655 2459455.7091161143 1.4178257435560226 1.4178257435560226 0.0 0.0 0.0 5576166.257583021 1167251.0982449478 1.34875
59455.20459458 2459455.7098220186 2.4343279749155045 2.4343279749155045 0.0 0.0 1.0 5610195.30998494 1174305.529338091 1.34875
59455.205300689995 2459455.7105281074 3.4510957449674606 3.4510957449674606 0.0 0.0 0.0 5612121.322107652 1174675.8428058946 1.34875
59455.20600662 2459455.7112340154 4.467603340744972 4.467603340744972 0.0 0.0 1.0 5630009.963292571 1178439.557059529 1.34875
59455.20671273 2459455.7119401037 5.484370440244675 5.484370440244675 0.0 0.0 0.0 5628436.99803567 1178016.499337367 1.34875
59455.207418655 2459455.712646005 6.500868648290634 6.500868648290634 0.0 0.0 1.0 5640345.712600038 1180563.0795461845 1.34875
59455.208124765 2459455.713352092 7.517633736133575 7.517633736133575 0.0 0.0 0.0 5635423.506308961 1179493.451039833 1.34875
59455.20883069 2459455.7140579927 8.534130603075027 8.534130603075027 0.0 0.0 1.0 5642480.5629205955 1181012.4342023917 1.34875
59455.209536805 2459455.7147640823 9.550899714231491 9.550899714231491 0.0 0.0 0.0 5640540.488238291 1180486.3762641598 1.34875
59455.21024273 2459455.715469982 10.567395240068436 10.567395240068436 0.0 0.0 1.0 5645595.870384295 1181659.7097114758 1.34875
59455.21094884 2459455.716176065 11.584154963493347 11.584154963493347 0.0 0.0 0.0 5642249.325387572 1180874.917755657 1.34875
59455.211654765 2459455.716881963 12.600647807121277 12.600647807121277 0.0 0.0 1.0 5649635.7774461415 1182534.9990206275 1.34875
59455.212360875 2459455.7175880447 13.617405518889427 13.617405518889427 0.0 0.0 0.0 5646461.394856117 1181772.0439814874 1.34875
59455.213066805 2459455.7182939453 14.63390238583088 14.63390238583088 0.0 0.0 1.0 5650267.360380032 1182603.13994195 1.34875
59455.213772915 2459455.7190000247 15.650656744837761 15.650656744837761 0.0 0.0 0.0 5646724.358067793 1181807.8580594042 1.34875
59455.214478840004 2459455.719705919 16.66714422404766 16.66714422404766 0.0 0.0 1.0 5651075.521950979 1182753.2110271703 1.34875
59455.21518495 2459455.7204119964 17.683895900845528 17.683895900845528 0.0 0.0 0.0 5643395.769585848 1181087.8906291903 1.34875
59455.215890875 2459455.721117888 18.70038002729416 18.70038002729416 0.0 0.0 1.0 5652653.981407971 1183111.7809041075 1.34875
59455.216596989994 2459455.721823969 19.717136397957802 19.717136397957802 0.0 0.0 0.0 5645702.963844726 1181599.861918997 1.34875
59455.217302915 2459455.722529859 20.733617842197418 20.733617842197418 0.0 0.0 1.0 5651099.67943391 1182795.1610134435 1.34875
59455.218009025004 2459455.723235932 21.750363484025 21.750363484025 0.0 0.0 0.0 5646673.824562963 1181784.6718740913 1.34875
59455.21871495 2459455.7239418197 22.76684157550335 22.76684157550335 0.0 0.0 1.0 5652339.496676039 1183043.477464997 1.34875
59455.21942106 2459455.7246478912 23.783584535121918 23.783584535121918 0.0 0.0 0.0 5645992.374606437 1181621.1956480886 1.34875
59455.220126989996 2459455.725353782 24.80006732046604 24.80006732046604 0.0 0.0 1.0 5650427.273330128 1182604.9682368496 1.34875
59455.2208331 2459455.7260598517 25.816807597875595 25.816807597875595 0.0 0.0 0.0 5646751.02954725 1181806.5842719495 1.34875
59455.221539025 2459455.7267657355 26.833280324935913 26.833280324935913 0.0 0.0 1.0 5650708.98901007 1182705.5864176562 1.34875
59455.22224514 2459455.727471808 27.85002462565899 27.85002462565899 0.0 0.0 0.0 5647239.591146611 1181874.747598066 1.34875
59455.22295106 2459455.728177685 28.8664872944355 28.8664872944355 0.0 0.0 1.0 5648744.762450198 1182309.2007354612 1.34875
59455.223657174996 2459455.728883756 29.883229583501816 29.883229583501816 0.0 0.0 0.0 5646698.005761542 1181769.3321061942 1.34875
59455.2243631 2459455.729589636 30.899696946144104 30.899696946144104 0.0 0.0 1.0 5650451.972280502 1182685.7101561704 1.34875
59455.225069210006 2459455.7302957005 31.916429847478867 31.916429847478867 0.0 0.0 0.0 5645624.428499714 1181573.8715645974 1.34875
59455.22577514 2459455.731001584 32.93290190398693 32.93290190398693 0.0 0.0 1.0 5649748.0537474165 1182533.5993923964 1.34875
59455.226481245 2459455.731707642 33.94962541759014 33.94962541759014 0.0 0.0 0.0 5644726.176965165 1181354.0632285106 1.34875
59455.227187175 2459455.7324135243 34.9660961329937 34.9660961329937 0.0 0.0 1.0 5650019.085161283 1182523.5303222642 1.34875
59455.227893285 2459455.733119586 35.98282501101494 35.98282501101494 0.0 0.0 0.0 5645817.295506111 1181639.8035831363 1.34875
59455.22859921 2459455.7338254624 36.9992870092392 36.9992870092392 0.0 0.0 1.0 5647528.32776818 1182037.513503788 1.34875
59455.229305325 2459455.7345315283 38.01602192223072 38.01602192223072 0.0 0.0 0.0 5645754.700955603 1181599.9460600372 1.34875
59455.230011245 2459455.735237399 39.032475873827934 39.032475873827934 0.0 0.0 1.0 5649758.558180885 1182491.0432366438 1.34875
59455.23071736 2459455.735943464 40.04920944571495 40.04920944571495 0.0 0.0 0.0 5645047.276576493 1181453.8202335453 1.34875
59455.231423285004 2459455.7366493386 41.065668761730194 41.065668761730194 0.0 0.0 1.0 5647785.273422135 1182081.5753602127 1.34875
59455.268981245 2459455.7742054434 95.14645971357822 0.0 0.0 1.0 0.0 5639797.646066079 1180360.5905542166 1.34875
59455.269687175 2459455.774911353 96.1629693210125 1.0165096074342728 0.0 1.0 1.0 5640804.265930019 1180645.0096559557 1.34875
59455.270393285 2459455.7756174426 97.17973843216896 2.0332787185907364 0.0 1.0 0.0 5645855.27999642 1181616.431745744 1.34875
59455.271099210004 2459455.776323346 98.19623932242393 3.0497796088457108 0.0 1.0 1.0 5641207.451277852 1180697.4233796622 1.34875
59455.271805325 2459455.77702944 99.21301446855068 4.066554754972458 0.0 1.0 0.0 5646516.621042389 1181763.998134097 1.34875
59455.272511245 2459455.777735338 100.22950798273087 5.083048269152641 0.0 1.0 1.0 5642210.128474021 1180958.4868201506 1.34875
59455.273217359994 2459455.77844143 101.2462804466486 6.0998207330703735 0.0 1.0 0.0 5648840.256002287 1182234.3585133525 1.34875
59455.273923285 2459455.7791473316 102.26277865469456 7.116318941116333 0.0 1.0 1.0 5642151.001366688 1180924.4591786165 1.34875
59455.274629395004 2459455.779853418 103.27954307198524 8.13308335840702 0.0 1.0 0.0 5647290.836944952 1181920.4058686737 1.34875
59455.275335325 2459455.7805593233 104.29604664444923 9.14958693087101 0.0 1.0 1.0 5643729.416881297 1181150.042790409 1.34875
59455.27604143 2459455.7812654027 105.31280100345612 10.166341289877892 0.0 1.0 0.0 5648805.9375709165 1182242.3271847027 1.34875
59455.276747359996 2459455.7819713065 106.32930256426334 11.18284285068512 0.0 1.0 1.0 5642305.296307911 1180923.4415134233 1.34875
59455.27745347 2459455.7826773897 107.34606228768826 12.199602574110031 0.0 1.0 0.0 5649373.577788652 1182326.1822054244 1.34875
59455.278159395 2459455.7833832866 108.36255379021168 13.216094076633453 0.0 1.0 1.0 5643636.1793630505 1181289.902520721 1.34875
59455.27886551 2459455.784089373 109.37931820750237 14.232858493924141 0.0 1.0 0.0 5648089.548436055 1182106.969645742 1.34875
59455.27957143 2459455.784795263 110.39579965174198 15.249339938163757 0.0 1.0 1.0 5642638.581281916 1180964.9911423894 1.34875
59455.280277544996 2459455.7855013474 111.41256138682365 16.26610167324543 0.0 1.0 0.0 5649114.851485248 1182357.291514983 1.34875
59455.28098347 2459455.78620724 112.4290468543768 17.28258714079857 0.0 1.0 1.0 5643586.078923895 1181149.4684088521 1.34875
59455.281689580006 2459455.7869133176 113.44579853117466 18.299338817596436 0.0 1.0 0.0 5645291.187408627 1181568.0433358154 1.34875
59455.28239551 2459455.7876192136 114.46228869259357 19.31582897901535 0.0 1.0 1.0 5640633.201412591 1180581.2054393783 1.34875
59455.283101615 2459455.7883252837 115.47902964055538 20.332569926977158 0.0 1.0 0.0 5647650.383157954 1181978.713542631 1.34875
59455.283807545 2459455.7890311778 116.49551711976528 21.349057406187057 0.0 1.0 1.0 5642140.694659317 1180855.5332695863 1.34875
59455.284513655 2459455.789737251 117.51226276159286 22.36580304801464 0.0 1.0 0.0 5646001.559170699 1181717.4314519418 1.34875
59455.28521958 2459455.790443138 118.52874018251896 23.382280468940735 0.0 1.0 1.0 5642638.029913005 1180985.2862581222 1.34875
59455.285925695 2459455.7911492144 119.54548984766006 24.39903013408184 0.0 1.0 0.0 5647143.9966732105 1181884.8940682535 1.34875
59455.286631615 2459455.791855094 120.5619565397501 25.415496826171875 0.0 1.0 1.0 5643353.386269223 1181201.8865166332 1.34875
59455.28733773 2459455.792561169 121.57870419323444 26.43224447965622 0.0 1.0 0.0 5645808.433611669 1181681.1393597561 1.34875
59455.288043655004 2459455.7932670517 122.59517557919025 27.44871586561203 0.0 1.0 1.0 5644079.621847423 1181288.4499985108 1.34875
59455.288749765 2459455.793973119 123.61191250383854 28.465452790260315 0.0 1.0 0.0 5647483.414463737 1181986.0687465123 1.34875
59455.289455695 2459455.794679005 124.62838858366013 29.4819288700819 0.0 1.0 1.0 5639912.047347765 1180392.875081153 1.34875
59455.2901618 2459455.795385066 125.64511612057686 30.498656406998634 0.0 1.0 0.0 5645641.5105804885 1181603.5320098926 1.34875
59455.29086773 2459455.7960909507 126.66159018874168 31.51513047516346 0.0 1.0 1.0 5640904.4495949885 1180670.6738161582 1.34875
59455.29157384 2459455.796797015 127.67832241952419 32.53186270594597 0.0 1.0 0.0 5646804.4554193 1181788.968183337 1.34875
59455.292279764995 2459455.797502893 128.69478709995747 33.54832738637924 0.0 1.0 1.0 5639801.842063193 1180367.4365518643 1.34875
59455.292985880005 2459455.7982089603 129.71152402460575 34.56506431102753 0.0 1.0 0.0 5645142.979657766 1181508.2834073596 1.34875
59455.293691800005 2459455.7989148325 130.72797998785973 35.5815202742815 0.0 1.0 1.0 5642834.853165178 1181035.3611098996 1.34875
59455.294397915 2459455.799620899 131.7447155714035 36.59825585782528 0.0 1.0 0.0 5646501.827533301 1181780.1207571544 1.34875
59455.29510384 2459455.8003267753 132.76117756962776 37.61471785604954 0.0 1.0 1.0 5639810.377354702 1180380.0944601346 1.34875
59455.295809949996 2459455.801032836 133.7779051065445 38.63144539296627 0.0 1.0 0.0 5643089.243530426 1181089.6035765158 1.34875
59455.29651588 2459455.801738716 134.79437246918678 39.64791275560856 0.0 1.0 1.0 5637802.644540556 1180023.3450713817 1.34875
59455.297221985 2459455.802444771 135.81109128892422 40.66463157534599 0.0 1.0 0.0 5645066.44413818 1181412.0337110276 1.34875
59455.297927915 2459455.8031506506 136.82755798101425 41.68109826743603 0.0 1.0 1.0 5639263.048269603 1180322.9930294794 1.34875
59455.335150135 2459455.840371036 190.42491294443607 0.0 0.0 2.0 0.0 5622358.345541431 1176641.9956740206 1.34875
59455.33585625 2459455.8410771303 191.44168876111507 1.0167758166790009 0.0 2.0 1.0 5624153.712373607 1177145.3741874753 1.34875
59455.33656217 2459455.8417830295 192.45818361639977 2.0332706719636917 0.0 2.0 0.0 5623287.456194409 1176938.6014582678 1.34875
59455.337268285 2459455.8424891233 193.4749587625265 3.050045818090439 0.0 2.0 1.0 5624879.239494622 1177225.8382160747 1.34875
59455.33797421 2459455.8431950263 194.49145898222923 4.0665460377931595 0.0 2.0 0.0 5624060.401645435 1177028.965184073 1.34875
59455.33868032 2459455.843901114 195.50822541117668 5.083312466740608 0.0 2.0 1.0 5625861.346222126 1177431.8266039921 1.34875
59455.339386249994 2459455.8446070217 196.52473233640194 6.099819391965866 0.0 2.0 0.0 5626345.273920852 1177517.3098824027 1.34875
59455.340092355 2459455.8453131034 197.5414900481701 7.116577103734016 0.0 2.0 1.0 5626608.991383091 1177625.5349602518 1.34875
59455.340798285004 2459455.846019009 198.55799429118633 8.13308134675026 0.0 2.0 0.0 5626372.493518987 1177536.048448921 1.34875
59455.341504395 2459455.8467250946 199.5747573673725 9.14984442293644 0.0 2.0 1.0 5625581.358749571 1177418.3848296688 1.34875
59455.34221032 2459455.847430994 200.5912522226572 10.16633927822113 0.0 2.0 0.0 5626354.245092544 1177623.642414909 1.34875
59455.342916435 2459455.848137083 201.6080206632614 11.18310771882534 0.0 2.0 1.0 5626599.777848059 1177643.5303606847 1.34875
59455.343622355 2459455.848842975 202.6245054602623 12.199592515826225 0.0 2.0 0.0 5627465.001652838 1177776.5147303694 1.34875
59455.344328470004 2459455.8495490626 203.6412712186575 13.21635827422142 0.0 2.0 1.0 5627077.6927263355 1177714.30417886 1.34875
59455.345034394995 2459455.8502549585 204.6577613800764 14.232848435640335 0.0 2.0 0.0 5628595.79010573 1178022.6080995111 1.34875
59455.345740505 2459455.850961039 205.6745170801878 15.249604135751724 0.0 2.0 1.0 5625937.607791095 1177481.843510422 1.34875
59455.346446434996 2459455.8516669376 206.69101126492023 16.26609832048416 0.0 2.0 0.0 5627551.095806058 1177764.593084595 1.34875
59455.347152539995 2459455.852373011 207.70775690674782 17.282843962311745 0.0 2.0 1.0 5624424.27756052 1177183.9643780636 1.34875
59455.347858470006 2459455.853078908 208.72424840927124 18.299335464835167 0.0 2.0 0.0 5628322.282997086 1177950.0248089102 1.34875
59455.34856458 2459455.8537849844 209.7409987449646 19.316085800528526 0.0 2.0 1.0 5625408.289873002 1177380.7687169628 1.34875
59455.349270505 2459455.8544908743 210.75748018920422 20.332567244768143 0.0 2.0 0.0 5628031.492913447 1177888.7165017622 1.34875
59455.34997662 2459455.8551969533 211.77423387765884 21.34932093322277 0.0 2.0 1.0 5624730.884849709 1177228.2264848724 1.34875
59455.350682539996 2459455.855902836 212.79070526361465 22.36579231917858 0.0 2.0 0.0 5627590.214460609 1177816.8868672682 1.34875
59455.351388655 2459455.8566089137 213.80745694041252 23.382543995976448 0.0 2.0 1.0 5624084.003351611 1177100.2269992498 1.34875
59455.35209458 2459455.8573147994 214.82393234968185 24.39901940524578 0.0 2.0 0.0 5629009.636805369 1178058.3439113135 1.34875
59455.35280069 2459455.8580208695 215.84067329764366 25.415760353207588 0.0 2.0 1.0 5624644.055082979 1177225.9583220496 1.34875
59455.35350662 2459455.8587267585 216.85715340077877 26.432240456342697 0.0 2.0 0.0 5627109.424119119 1177678.0874316157 1.34875
59455.35421273 2459455.8594328267 217.87389166653156 27.44897872209549 0.0 2.0 1.0 5627284.970280408 1177747.7202179409 1.34875
59455.354918655 2459455.8601387087 218.89036171138287 28.465448766946793 0.0 2.0 0.0 5627448.787872818 1177783.6183060345 1.34875
59455.355624765 2459455.8608447756 219.9070979654789 29.482185021042824 0.0 2.0 1.0 5625247.408600621 1177418.7398205732 1.34875
59455.35633069 2459455.8615506557 220.92356532812119 30.498652383685112 0.0 2.0 0.0 5625517.649187085 1177369.95937836 1.34875
59455.357036805 2459455.8622567253 221.94030560553074 31.515392661094666 0.0 2.0 1.0 5623885.434781143 1177092.2264933907 1.34875
59455.35774273 2459455.8629626045 222.95677162706852 32.531858682632446 0.0 2.0 0.0 5624209.3660865 1177122.1672560447 1.34875
59455.358448839994 2459455.863668668 223.97350318729877 33.5485902428627 0.0 2.0 1.0 5624795.26826266 1177238.1433772717 1.34875
59455.359154765 2459455.8643745454 224.98996652662754 34.56505358219147 0.0 2.0 0.0 5626277.195158865 1177550.7440030295 1.34875
59455.359860875 2459455.8650806076 226.00669607520103 35.58178313076496 0.0 2.0 1.0 5623747.711236175 1177078.5309024246 1.34875
59455.360566805 2459455.865786489 227.02316544950008 36.59825250506401 0.0 2.0 0.0 5625636.769266026 1177388.4863485987 1.34875
59455.361272915005 2459455.8664925494 228.03989231586456 37.61497937142849 0.0 2.0 1.0 5624803.769415951 1177229.8722778487 1.34875
59455.361978839996 2459455.8671984253 229.05635364353657 38.631440699100494 0.0 2.0 0.0 5622899.020254842 1176832.8929522762 1.34875
59455.36268495 2459455.8679044857 230.07308050990105 39.64816756546497 0.0 2.0 1.0 5626144.104767733 1177524.6960150984 1.34875
59455.363390875 2459455.8686103607 231.08954049646854 40.66462755203247 0.0 2.0 0.0 5625161.332386851 1177300.1196204629 1.34875
59455.36409699 2459455.869316425 232.1062733978033 41.68136045336723 0.0 2.0 1.0 5622701.74878934 1176797.0775731462 1.34875
59455.40133069 2459455.9065482863 285.7201534509659 0.0 0.0 3.0 0.0 5614134.124561411 1175090.3204538755 1.34875
59455.402036805 2459455.9072543806 286.7369292676449 1.0167758166790009 0.0 3.0 1.0 5611826.324131708 1174572.0773995994 1.34875
59455.40274273 2459455.9079602845 287.7534308284521 2.033277377486229 0.0 3.0 0.0 5617121.754351237 1175687.135389509 1.34875
59455.40344884 2459455.9086663737 288.7701992690563 3.050045818090439 0.0 3.0 1.0 5617193.159460282 1175758.5557223768 1.34875
59455.404154765 2459455.9093722766 289.78669948875904 4.0665460377931595 0.0 3.0 0.0 5618030.212074288 1175847.5029035003 1.34875
59455.404860875 2459455.9100783644 290.8034659177065 5.083312466740608 0.0 3.0 1.0 5616506.87022081 1175597.0403658403 1.34875
59455.405566805 2459455.9107842715 291.8199721723795 6.099818721413612 0.0 3.0 0.0 5618946.809101205 1176100.3394997155 1.34875
59455.406272915 2459455.9114903584 292.83673726022243 7.116583809256554 0.0 3.0 1.0 5615357.980600359 1175347.9954369215 1.34875
59455.406978839994 2459455.912196259 293.8532341271639 8.133080676198006 0.0 3.0 0.0 5617485.135256313 1175714.5776730226 1.34875
59455.40768495 2459455.9129023445 294.86999720335007 9.149843752384186 0.0 3.0 1.0 5618075.309054462 1175893.2163025893 1.34875
59455.408390875 2459455.9136082437 295.88649205863476 10.166338607668877 0.0 3.0 0.0 5619549.222935197 1176180.4434624056 1.34875
59455.40909699 2459455.914314332 296.90325915813446 11.183105707168579 0.0 3.0 1.0 5616671.266546589 1175649.0702931692 1.34875
59455.409802915005 2459455.91502023 297.91975267231464 12.199599221348763 0.0 3.0 0.0 5618792.060251768 1176061.557061784 1.34875
59455.410509025 2459455.915726312 298.9365103840828 13.216356933116913 0.0 3.0 1.0 5616487.52703105 1175559.69888095 1.34875
59455.41121495 2459455.916432208 299.9530005455017 14.232847094535828 0.0 3.0 0.0 5618496.827430023 1175946.7950812255 1.34875
59455.411921060004 2459455.917138288 300.96975557506084 15.249602124094963 0.0 3.0 1.0 5615504.030452856 1175414.791870275 1.34875
59455.41262699 2459455.917844187 301.98625043034554 16.266096979379654 0.0 3.0 0.0 5619357.605344171 1176112.5274482663 1.34875
59455.4133331 2459455.9185502646 303.0030021071434 17.28284865617752 0.0 3.0 1.0 5613824.272695886 1175005.7359914456 1.34875
59455.414039024996 2459455.9192561572 304.01948757469654 18.29933412373066 0.0 3.0 0.0 5615387.964623144 1175344.404407862 1.34875
59455.414745140006 2459455.919962238 305.0362439453602 19.316090494394302 0.0 3.0 1.0 5612119.358469254 1174678.0715933833 1.34875
59455.415451060006 2459455.920668123 306.052718013525 20.332564562559128 0.0 3.0 0.0 5613630.052074735 1174932.4043337626 1.34875
59455.416157175 2459455.921374202 307.06947170197964 21.349318251013756 0.0 3.0 1.0 5608170.809652445 1173880.9153668715 1.34875
59455.4168631 2459455.9220800903 308.0859511345625 22.36579768359661 0.0 3.0 0.0 5612097.046341645 1174664.8318677875 1.34875
59455.417569209996 2459455.922786162 309.10269409418106 23.38254064321518 0.0 3.0 1.0 5605233.315961467 1173295.3160071631 1.34875
59455.41827514 2459455.923492053 310.11917755007744 24.399024099111557 0.0 3.0 0.0 5607648.83841595 1173759.516206981 1.34875
59455.418981245 2459455.9241981176 311.1359104514122 25.41575700044632 0.0 3.0 1.0 5604753.491365561 1173152.2027226563 1.34875
59455.419687175 2459455.924904007 312.15239122509956 26.432237774133682 0.0 3.0 0.0 5608076.4240307165 1173759.2952554417 1.34875
59455.420393285 2459455.925610075 313.1691288203001 27.44897536933422 0.0 3.0 1.0 5606238.546310995 1173499.350411527 1.34875
59455.42109921 2459455.926315957 314.18559953570366 28.465446084737778 0.0 3.0 0.0 5607004.999767618 1173562.378070708 1.34875
59455.421805325 2459455.9270220282 315.20234182477 29.482188373804092 0.0 3.0 1.0 5604091.452665029 1173100.3038967843 1.34875
59455.422511245 2459455.927727904 316.218803152442 30.498649701476097 0.0 3.0 0.0 5607205.597249718 1173610.754543862 1.34875
59455.42321736 2459455.9284339733 317.2355427592993 31.515389308333397 0.0 3.0 1.0 5605199.347783532 1173282.4252254725 1.34875
59455.423923285 2459455.9291398525 318.25200878083706 32.53185532987118 0.0 3.0 0.0 5605411.853178136 1173277.4902065918 1.34875
59455.424629395 2459455.9298459156 319.26873967051506 33.54858621954918 0.0 3.0 1.0 5604037.613252564 1173029.6072670117 1.34875
59455.425335325 2459455.930551798 320.2852103859186 34.565056934952736 0.0 3.0 0.0 5605837.054322093 1173323.2786069203 1.34875
59455.42604143 2459455.931257855 321.3019325584173 35.58177910745144 0.0 3.0 1.0 5602626.601889728 1172665.4964517246 1.34875
59455.426747360005 2459455.931963736 322.3184012621641 36.598247811198235 0.0 3.0 0.0 5606332.422920485 1173490.6029818205 1.34875
59455.42745347 2459455.9326697974 323.3351294696331 37.61497601866722 0.0 3.0 1.0 5600753.446801419 1172341.726495507 1.34875
59455.428159395 2459455.9333756734 324.3515907973051 38.631437346339226 0.0 3.0 0.0 5605510.035885966 1173291.9391958895 1.34875
59455.428865509995 2459455.9340817383 325.3683243691921 39.64817091822624 0.0 3.0 1.0 5598339.33271575 1171825.0791737183 1.34875
59455.429571429995 2459455.934787608 326.38477697968483 40.66462352871895 0.0 3.0 0.0 5603318.826257387 1172819.3559096728 1.34875
59455.430277545 2459455.9354936727 327.4015098810196 41.68135643005371 0.0 3.0 1.0 5601102.663919513 1172440.7168390935 1.34875
59455.467488099996 2459455.9727023863 380.98205745220184 0.0 0.0 4.0 0.0 5588628.6891269935 1169841.1164236828 1.34875
59455.46819421 2459455.9734084755 381.99882589280605 1.01676844060421 0.0 4.0 1.0 5586633.346111432 1169508.0559946331 1.34875
59455.468900135 2459455.9741143794 383.0153274536133 2.033270001411438 0.0 4.0 0.0 5591740.359610703 1170466.1313699987 1.34875
59455.46960625 2459455.974820473 384.03210259974 3.050045147538185 0.0 4.0 1.0 5588269.714841048 1169819.1619926686 1.34875
59455.47031217 2459455.9755263715 385.0485961139202 4.0665386617183685 0.0 4.0 0.0 5594578.038978556 1171105.366235776 1.34875
59455.471018284996 2459455.976232464 386.0653692483902 5.0833117961883545 0.0 4.0 1.0 5589486.7442852445 1170036.115812729 1.34875
59455.47172421 2459455.976938366 387.0818681269884 6.099810674786568 0.0 4.0 0.0 5596073.404347623 1171388.8984734751 1.34875
59455.472430320006 2459455.9776444524 388.0986325442791 7.116575092077255 0.0 4.0 1.0 5590084.093531931 1170129.8372814348 1.34875
59455.47313625 2459455.9783503585 389.1151374578476 8.133080005645752 0.0 4.0 0.0 5594040.212281777 1170968.1613109566 1.34875
59455.473842355 2459455.9790564384 390.13189248740673 9.149835035204887 0.0 4.0 1.0 5590289.608957644 1170176.579199658 1.34875
59455.474548285 2459455.9797623428 391.1483947187662 10.16633726656437 0.0 4.0 0.0 5595737.916487201 1171294.9735832748 1.34875
59455.475254395 2459455.9804684264 392.1651551127434 11.183097660541534 0.0 4.0 1.0 5588397.99841927 1169832.541770177 1.34875
59455.47596032 2459455.981174324 393.1816479563713 12.199590504169464 0.0 4.0 0.0 5594722.948823902 1171131.325888144 1.34875
59455.476666435 2459455.981880411 394.19841304421425 13.216355592012405 0.0 4.0 1.0 5590449.4988101 1170235.351524165 1.34875
59455.477372355 2459455.982586302 395.2148958295584 14.23283837735653 0.0 4.0 0.0 5594750.30181352 1171144.5709616763 1.34875
59455.47807847 2459455.983292387 396.2316582351923 15.249600782990456 0.0 4.0 1.0 5590592.45181267 1170269.3374888916 1.34875
59455.478784395 2459455.9839982805 397.24814504384995 16.266087591648102 0.0 4.0 0.0 5597388.730039271 1171615.0158210318 1.34875
59455.479490505 2459455.984704359 398.2648980617523 17.282840609550476 0.0 4.0 1.0 5591046.684648112 1170374.3074849765 1.34875
59455.480196435004 2459455.985410256 399.28138956427574 18.2993321120739 0.0 4.0 0.0 5594769.366491433 1171102.084923634 1.34875
59455.48090254 2459455.986116327 400.29813185334206 19.316074401140213 0.0 4.0 1.0 5590892.439971021 1170352.7834705052 1.34875
59455.48160847 2459455.986822222 401.31462067365646 20.33256322145462 0.0 4.0 0.0 5597013.57220558 1171586.720374396 1.34875
59455.482314580004 2459455.9875282957 402.3313669860363 21.349309533834457 0.0 4.0 1.0 5589571.607523945 1170050.2830125247 1.34875
59455.483020505 2459455.9882341833 403.34784507751465 22.365787625312805 0.0 4.0 0.0 5594868.127928496 1171153.544965597 1.34875
59455.483726620005 2459455.988940261 404.3645967543125 23.382539302110672 0.0 4.0 1.0 5589667.362999244 1170113.8677549835 1.34875
59455.484432540004 2459455.9896461414 405.38106478750706 24.399007335305214 0.0 4.0 0.0 5594537.081501969 1171033.16140504 1.34875
59455.485138655 2459455.9903522166 406.39781311154366 25.415755659341812 0.0 4.0 1.0 5589702.661690828 1170059.6278010805 1.34875
59455.48584458 2459455.9910581005 407.414285838604 26.43222838640213 0.0 4.0 0.0 5597825.693706809 1171782.1801025453 1.34875
59455.486550689995 2459455.9917641687 408.43102410435677 27.448966652154922 0.0 4.0 1.0 5592814.84989099 1170707.3992913389 1.34875
59455.48725662 2459455.9924700554 409.4475008547306 28.465443402528763 0.0 4.0 0.0 5593950.348430873 1170962.1394351616 1.34875
59455.48796273 2459455.993176122 410.46423710882664 29.482179656624794 0.0 4.0 1.0 5591443.49184858 1170459.807965877 1.34875
59455.488668655 2459455.9938820023 411.4807044714689 30.498647019267082 0.0 4.0 0.0 5597727.122454745 1171769.7082374864 1.34875
59455.489374765 2459455.994588067 412.4974373728037 31.515379920601845 0.0 4.0 1.0 5590627.341799476 1170256.8790675555 1.34875
59455.49008069 2459455.9952939455 413.5139027237892 32.53184527158737 0.0 4.0 0.0 5595996.896844826 1171360.7662352552 1.34875
59455.490786805 2459455.996000014 414.530640989542 33.548583537340164 0.0 4.0 1.0 5588052.043729879 1169774.183131642 1.34875
59455.49149273 2459455.9967058916 415.547104999423 34.565047547221184 0.0 4.0 0.0 5594864.096569341 1171143.5339706196 1.34875
59455.49219884 2459455.9974119533 416.56383387744427 35.581776425242424 0.0 4.0 1.0 5589594.065500297 1170090.687461864 1.34875
59455.492904765 2459455.9981178297 417.5802958756685 36.59823842346668 0.0 4.0 0.0 5593999.183978557 1170941.7335054262 1.34875
59455.493610875 2459455.998823891 418.5970240831375 37.61496663093567 0.0 4.0 1.0 5589670.683581111 1170107.4448932107 1.34875
59455.494316805 2459455.9995297715 419.61349211633205 38.63143466413021 0.0 4.0 0.0 5594640.703681796 1171113.2135953193 1.34875
59455.495022915 2459456.0002358314 420.6302183121443 39.648160859942436 0.0 4.0 1.0 5591532.614387148 1170499.1059712349 1.34875
59455.495728840004 2459456.0009417064 421.6466782987118 40.66462084650993 0.0 4.0 0.0 5595674.99394608 1171315.5786175332 1.34875
59455.49643495 2459456.0016477657 422.66340382397175 41.681346371769905 0.0 4.0 1.0 5590117.467545703 1170157.8152770267 1.34875
59455.533657175 2459456.038868145 476.26075007021427 0.0 0.0 5.0 0.0 5575342.251760748 1167027.4643426405 1.34875
59455.534363285 2459456.0395742343 477.2775185108185 1.01676844060421 0.0 5.0 1.0 5575929.200127979 1167159.745502606 1.34875
59455.535069210004 2459456.040280138 478.2940200716257 2.033270001411438 0.0 5.0 0.0 5579373.831988838 1167839.2439949224 1.34875
59455.535775325 2459456.040986231 479.31079387664795 3.0500438064336777 0.0 5.0 1.0 5577193.876056589 1167457.3919170902 1.34875
59455.536481245 2459456.0416921293 480.32728739082813 4.066537320613861 0.0 5.0 0.0 5576229.349869704 1167206.4248050675 1.34875
59455.537187359994 2459456.0423982223 481.3440611958504 5.083311125636101 0.0 5.0 1.0 5577225.878184215 1167445.2195059357 1.34875
59455.537893285 2459456.0431041243 482.3605600744486 6.099810004234314 0.0 5.0 0.0 5580402.039180878 1168082.3177577697 1.34875
59455.538599395004 2459456.0438102107 483.3773244917393 7.1165744215250015 0.0 5.0 1.0 5579174.784429015 1167911.16288332 1.34875
59455.539305325 2459456.0445161164 484.3938287347555 8.133078664541245 0.0 5.0 0.0 5580190.264410326 1168002.9957450083 1.34875
59455.54001143 2459456.0452221963 485.41058376431465 9.14983369410038 0.0 5.0 1.0 5579664.542331084 1167978.5285848565 1.34875
59455.540717359996 2459456.0459281006 486.42708599567413 10.166335925459862 0.0 5.0 0.0 5579231.838817246 1167893.4206819802 1.34875
59455.54142347 2459456.0466341837 487.44384571909904 11.183095648884773 0.0 5.0 1.0 5580015.738177308 1168063.7000995406 1.34875
59455.542129395 2459456.0473400815 488.460338562727 12.199588492512703 0.0 5.0 0.0 5581050.250561136 1168215.9093366426 1.34875
59455.54283551 2459456.0480461684 489.4771036505699 13.216353580355644 0.0 5.0 1.0 5580378.221296234 1168121.0439755097 1.34875
59455.54354143 2459456.048752059 490.49358643591404 14.232836365699768 0.0 5.0 0.0 5581396.372531415 1168280.9329581447 1.34875
59455.544247544996 2459456.0494581438 491.5103481709957 15.24959810078144 0.0 5.0 1.0 5583083.876518051 1168722.196915966 1.34875
59455.54495347 2459456.050164038 492.5268356502056 16.26608557999134 0.0 5.0 0.0 5581292.642650671 1168253.0297860529 1.34875
59455.545659580006 2459456.050870116 493.54358799755573 17.28283792734146 0.0 5.0 1.0 5579995.773854795 1168029.7642549856 1.34875
59455.54636551 2459456.051576013 494.5600801706314 18.299330100417137 0.0 5.0 0.0 5580454.491755733 1168069.0977027416 1.34875
59455.547071615 2459456.052282084 495.57682178914547 19.316071718931198 0.0 5.0 1.0 5581009.853569187 1168281.1731379097 1.34875
59455.547777545 2459456.052987979 496.5933106094599 20.332560539245605 0.0 5.0 0.0 5583780.690815505 1168738.4827054318 1.34875
59455.548483655 2459456.053694052 497.61005625128746 21.34930618107319 0.0 5.0 1.0 5582807.035403273 1168607.2344211661 1.34875
59455.54918958 2459456.0543999407 498.6265356838703 22.365785613656044 0.0 5.0 0.0 5582665.349320086 1168544.741962949 1.34875
59455.549895695 2459456.0551060173 499.6432860195637 23.382535949349403 0.0 5.0 1.0 5584141.123583348 1168882.4856101717 1.34875
59455.550601615 2459456.0558118983 500.65975472331047 24.3990046530962 0.0 5.0 0.0 5582798.887069287 1168546.1066357368 1.34875
59455.55130773 2459456.056517973 501.6765023767948 25.415752306580544 0.0 5.0 1.0 5580958.062956574 1168237.000489404 1.34875
59455.552013655004 2459456.057223857 502.69297510385513 26.43222503364086 0.0 5.0 0.0 5585008.297246384 1169050.2235895798 1.34875
59455.552719765 2459456.0579299247 503.7097126990557 27.4489626288414 0.0 5.0 1.0 5584839.953422188 1169070.3094374847 1.34875
59455.553425695 2459456.058635812 504.72619011998177 28.465440049767494 0.0 5.0 0.0 5584964.131819422 1169022.981368195 1.34875
59455.5541318 2459456.059341873 505.74291832745075 29.48216825723648 0.0 5.0 1.0 5587840.957210933 1169686.8163904801 1.34875
59455.55483773 2459456.0600477583 506.75939306616783 30.49864299595356 0.0 5.0 0.0 5592663.7432087045 1170610.2312840282 1.34875
59455.55554384 2459456.0607538233 507.77612663805485 31.515376567840576 0.0 5.0 1.0 5589457.785675056 1169957.9224893863 1.34875
59455.556249764995 2459456.0614597024 508.79259265959263 32.53184258937836 0.0 5.0 0.0 5590611.081189419 1170200.1218406458 1.34875
59455.556955880005 2459456.06216577 509.80933025479317 33.548580184578896 0.0 5.0 1.0 5589292.083438635 1169945.4719137007 1.34875
59455.557661800005 2459456.062871643 510.8257868885994 34.565036818385124 0.0 5.0 0.0 5592958.683916587 1170652.2172301093 1.34875
59455.558367915 2459456.0635777097 511.8425231426954 35.581773072481155 0.0 5.0 1.0 5589027.88274173 1169869.8211879176 1.34875
59455.55907384 2459456.0642835856 512.8589844703674 36.59823440015316 0.0 5.0 0.0 5591846.941048805 1170402.5148588193 1.34875
59455.559779949996 2459456.064989647 513.8757126778364 37.61496260762215 0.0 5.0 1.0 5592960.751474325 1170732.2167009965 1.34875
59455.56048588 2459456.0656955275 514.892180711031 38.63143064081669 0.0 5.0 0.0 5591127.309103268 1170302.4487953726 1.34875
59455.561191985 2459456.0664015827 515.9089002013206 39.64815013110638 0.0 5.0 1.0 5589576.1135598365 1169985.8656328702 1.34875
59455.561897915 2459456.0671074623 516.9253668934107 40.66461682319641 0.0 5.0 0.0 5590949.206682647 1170242.392697281 1.34875
59455.562604025 2459456.067813522 517.9420930892229 41.68134301900864 0.0 5.0 1.0 5590006.883331477 1170148.962764611 1.34875
59455.600555325 2459456.1057629506 572.5892700254917 0.0 0.0 6.0 0.0 5582910.444532317 1168629.1204853212 1.34875
59455.60126143 2459456.106469034 573.6060304194689 1.0167603939771652 0.0 6.0 1.0 5579624.803830381 1168003.200141377 1.34875
59455.601967359995 2459456.1071749427 574.6225386857986 2.0332686603069305 0.0 6.0 0.0 5586635.339814563 1169422.2291521416 1.34875
59455.60267347 2459456.107881031 575.6393057852983 3.050035759806633 0.0 6.0 1.0 5581212.87909008 1168312.8282255074 1.34875
59455.603379395005 2459456.108586933 576.6558046638966 4.066534638404846 0.0 6.0 0.0 5589426.885229568 1169960.7999636012 1.34875
59455.60408551 2459456.1092930255 577.6725777983665 5.083307772874832 0.0 6.0 1.0 5581406.503173634 1168308.7483958506 1.34875
59455.60479143 2459456.1099989214 578.6890679597855 6.099797934293747 0.0 6.0 0.0 5589322.102519853 1169989.4571126176 1.34875
59455.605497545 2459456.110705012 579.7058384120464 7.116568386554718 0.0 6.0 1.0 5582699.422847958 1168605.7269461867 1.34875
59455.60620347 2459456.111410912 580.7223346084356 8.133064582943916 0.0 6.0 0.0 5589269.595068565 1170016.6916911628 1.34875
59455.606909580005 2459456.112116996 581.739095672965 9.149825647473335 0.0 6.0 1.0 5584640.070355804 1168994.9439409608 1.34875
59455.60761551 2459456.1128228996 582.75559656322 10.16632653772831 0.0 6.0 0.0 5588846.507761665 1169947.0391049506 1.34875
59455.608321615 2459456.113528977 583.7723482400179 11.183078214526176 0.0 6.0 1.0 5584647.001821232 1168979.5061350793 1.34875
59455.609027545 2459456.1142348787 584.7888464480639 12.199576422572136 0.0 6.0 0.0 5591377.930616173 1170404.644967397 1.34875
59455.60973347 2459456.114940774 585.8053359389305 13.216065913438797 0.0 6.0 1.0 5582677.67144982 1168570.995410873 1.34875
59455.61043958 2459456.115646854 586.8220909684896 14.232820942997932 0.0 6.0 0.0 5588142.236798489 1169723.7067836088 1.34875
59455.611145695 2459456.116352938 587.8388520330191 15.249582007527351 0.0 6.0 1.0 5583282.187260388 1168743.5018430327 1.34875
59455.611851615 2459456.1170588257 588.8553301244974 16.2660600990057 0.0 6.0 0.0 5590267.086615074 1170158.0074123584 1.34875
59455.612557545 2459456.1177647226 589.8718216270208 17.28255160152912 0.0 6.0 1.0 5583898.471022392 1168875.3220996913 1.34875
59455.613263655 2459456.1184707982 590.8885706216097 18.299300596117973 0.0 6.0 0.0 5587452.0558591625 1169580.9519676254 1.34875
59455.613969765 2459456.1191768735 591.9053189456463 19.31604892015457 0.0 6.0 1.0 5583119.765376048 1168719.4576190808 1.34875
59455.614675695004 2459456.119882767 592.9218057543039 20.332535728812218 0.0 6.0 0.0 5590548.8520870535 1170245.9888662484 1.34875
59455.6153818 2459456.120588835 593.9385433495045 21.349273324012756 0.0 6.0 1.0 5582588.201802524 1168578.0254487428 1.34875
59455.61608773 2459456.1212947266 594.9550274759531 22.365757450461388 0.0 6.0 0.0 5588385.982294396 1169785.1376916918 1.34875
59455.61679384 2459456.1220007977 595.9717697650194 23.382499739527702 0.0 6.0 1.0 5582639.83266816 1168564.3624101514 1.34875
59455.617499765 2459456.1227066824 596.9882438331842 24.398973807692528 0.0 6.0 0.0 5589921.744204772 1170127.107030857 1.34875
59455.618205880004 2459456.123412756 598.0049894750118 25.41571944952011 0.0 6.0 1.0 5582592.953939353 1168580.5536011576 1.34875
59455.618911800004 2459456.124118634 599.0214541554451 26.432184129953384 0.0 6.0 0.0 5590881.999419844 1170336.1705538337 1.34875
59455.619617915 2459456.124824706 600.0381977856159 27.448927760124207 0.0 6.0 1.0 5583504.898797817 1168711.9568976297 1.34875
59455.62032384 2459456.125530587 601.0546664893627 28.465396463871002 0.0 6.0 0.0 5590044.953354473 1170144.178559577 1.34875
59455.621029949994 2459456.1262366525 602.071400731802 29.482130706310272 0.0 6.0 1.0 5583205.0038595125 1168709.554183652 1.34875
59455.621735880006 2459456.1269425373 603.0878747999668 30.498604774475098 0.0 6.0 0.0 5589603.798729667 1170047.740163326 1.34875
59455.622441985004 2459456.127648596 604.1045996546745 31.515329629182816 0.0 6.0 1.0 5582976.697128961 1168672.618648086 1.34875
59455.623147915 2459456.128354479 605.1210710406303 32.531801015138626 0.0 6.0 0.0 5587028.0185840195 1169544.3379742194 1.34875
59455.62385384 2459456.1290603564 606.1375343799591 33.54826435446739 0.0 6.0 1.0 5581141.30568632 1168282.2865825507 1.34875
59455.624559949996 2459456.129766418 607.1542632579803 34.56499323248863 0.0 6.0 0.0 5588529.752315604 1169810.2564122141 1.34875
59455.625266065 2459456.1304724845 608.1709988415241 35.58172881603241 0.0 6.0 1.0 5581094.882953125 1168219.1101284758 1.34875
59455.625971985 2459456.1311783553 609.1874527931213 36.59818276762962 0.0 6.0 0.0 5587984.487442863 1169683.9013037593 1.34875
59455.626677915 2459456.131884236 610.2039208263159 37.614650800824165 0.0 6.0 1.0 5581097.91856577 1168268.1860313404 1.34875
59455.627384025 2459456.132590296 611.2206476926804 38.631377667188644 0.0 6.0 0.0 5588181.9856914 1169765.8658810128 1.34875
59455.628090135 2459456.1332963556 612.2373732179403 39.648103192448616 0.0 6.0 1.0 5580431.61595518 1168163.305948592 1.34875
59455.670902540005 2459456.176106704 673.8842748105526 0.0 0.0 7.0 0.0 5562510.336075993 1164426.5853525945 1.34875
59455.671608655 2459456.1768127945 674.9010452628136 1.016770452260971 0.0 7.0 1.0 5567325.897949448 1165380.1558205304 1.34875
59455.67231458 2459456.1775186947 675.9175414592028 2.0332666486501694 0.0 7.0 0.0 5567198.74354284 1165345.6605797873 1.34875
59455.673020505 2459456.1782245934 676.9340356439352 3.0497608333826065 0.0 7.0 1.0 5568402.916182221 1165640.3698248987 1.34875
59455.67372662 2459456.178930682 677.9508034139872 4.066528603434563 0.0 7.0 0.0 5568335.077951716 1165548.2437081335 1.34875
59455.67443273 2459456.1796367643 678.9675617963076 5.083286985754967 0.0 7.0 1.0 5567539.496006886 1165412.373050271 1.34875
59455.675138655 2459456.180342661 679.984053298831 6.099778488278389 0.0 7.0 0.0 5568983.095293072 1165694.4592193603 1.34875
59455.675844765 2459456.1810487416 681.0008089989424 7.116534188389778 0.0 7.0 1.0 5570912.231636161 1166136.9159557603 1.34875
59455.67655069 2459456.1817546366 682.0172978192568 8.133023008704185 0.0 7.0 0.0 5568966.326523582 1165689.3441628076 1.34875
59455.677256805 2459456.18246072 683.034058213234 9.14978340268135 0.0 7.0 1.0 5570673.07760678 1166076.3434576495 1.34875
59455.67796273 2459456.1831666133 684.0505443513393 10.166269540786743 0.0 7.0 0.0 5570088.862341543 1165887.774517082 1.34875
59455.678668655004 2459456.183872505 685.067028477788 11.182753667235374 0.0 7.0 1.0 5570079.679722628 1165995.1528018264 1.34875
59455.679374765 2459456.1845785812 686.0837781429291 12.19950333237648 0.0 7.0 0.0 5571889.894606376 1166316.6555884243 1.34875
59455.680080875 2459456.1852846555 687.1005251258612 13.21625031530857 0.0 7.0 1.0 5571723.6308669485 1166287.5533461745 1.34875
59455.680786805 2459456.18599055 688.1170132756233 14.232738465070724 0.0 7.0 0.0 5570035.972367443 1165953.9159758224 1.34875
59455.681492915 2459456.1866966225 689.1337575763464 15.2494827657938 0.0 7.0 1.0 5572064.383108708 1166375.0622547646 1.34875
59455.682198840004 2459456.1874025096 690.1502349972725 16.265960186719894 0.0 7.0 0.0 5571362.675258616 1166187.3777353456 1.34875
59455.68290495 2459456.1881085797 691.1669759452343 17.2827011346817 0.0 7.0 1.0 5572185.990701898 1166370.6484260682 1.34875
59455.683610875 2459456.188814465 692.1834506839514 18.29917587339878 0.0 7.0 0.0 5573382.34742934 1166600.2389214502 1.34875
59455.684316804996 2459456.189520354 693.1999307870865 19.31565597653389 0.0 7.0 1.0 5570937.358273534 1166114.2648522146 1.34875
59455.685022915 2459456.1902264217 694.216668382287 20.33239357173443 0.0 7.0 0.0 5571751.586050977 1166288.810616977 1.34875
59455.685729025005 2459456.1909324885 695.233404636383 21.34912982583046 0.0 7.0 1.0 5571129.411843839 1166208.4226816564 1.34875
59455.68643495 2459456.19163837 696.2498740106821 22.36559920012951 0.0 7.0 0.0 5570237.30562149 1165995.913231338 1.34875
59455.687140875 2459456.19234425 697.2663413733244 23.382066562771797 0.0 7.0 1.0 5570284.369138581 1166012.5891384804 1.34875
59455.68784699 2459456.19305032 698.283081650734 24.39880684018135 0.0 7.0 0.0 5571931.261186313 1166267.5460173541 1.34875
59455.6885531 2459456.193756384 699.2998138815165 25.41553907096386 0.0 7.0 1.0 5571311.795103245 1166251.0660960604 1.34875
59455.689259025 2459456.1944622616 700.3162778913975 26.43200308084488 0.0 7.0 0.0 5572378.755924807 1166403.7984170767 1.34875
59455.68996495 2459456.1951681394 701.3327419012785 27.4484670907259 0.0 7.0 1.0 5568364.109874774 1165600.4832030486 1.34875
59455.69067106 2459456.1958742016 702.349471449852 28.465196639299393 0.0 7.0 0.0 5571817.062417904 1166278.4485101248 1.34875
59455.691377175 2459456.1965802675 703.3662063628435 29.481931552290916 0.0 7.0 1.0 5569978.138490235 1165887.1859137795 1.34875
59455.6920831 2459456.1972861434 704.3826676905155 30.49839287996292 0.0 7.0 0.0 5570519.879163358 1166022.446950032 1.34875
59455.692789025 2459456.197992019 705.3991283476353 31.514853537082672 0.0 7.0 1.0 5569602.706590366 1165860.3250056468 1.34875
59455.69349514 2459456.198698084 706.4158619195223 32.53158710896969 0.0 7.0 0.0 5570335.568441182 1165965.6565163624 1.34875
59455.694201245 2459456.1994041386 707.4325807392597 33.54830592870712 0.0 7.0 1.0 5570609.558642455 1166125.563918453 1.34875
