# %ECSV 1.0
# ---
# datatype:
# - {name: t_mjd, datatype: float64}
# - {name: t_bjd, datatype: float64}
# - {name: t_visit, datatype: float64}
# - {name: t_orbit, datatype: float64}
# - {name: ivisit, datatype: float64}
# - {name: iorbit, datatype: float64}
# - {name: scan, datatype: float64}
# - {name: spec_opt, datatype: float64}
# - {name: var_opt, datatype: float64}
# - {name: wave, datatype: float64}
# schema: astropy-2.0
t_mjd t_bjd t_visit t_orbit ivisit iorbit scan spec_opt var_opt wave
59455.203888655 2459455.7091161143 1.4178257435560226 1.4178257435560226 0.0 0.0 0.0 5384446.586819409 1127751.099977641 1.59625
59455.20459458 2459455.7098220186 2.4343279749155045 2.4343279749155045 0.0 0.0 1.0 5422091.6430520695 1135522.7141133945 1.59625
59455.205300689995 2459455.7105281074 3.4510957449674606 3.4510957449674606 0.0 0.0 0.0 5422501.107946517 1135600.9352916337 1.59625
59455.20600662 2459455.7112340154 4.467603340744972 4.467603340744972 0.0 0.0 1.0 5444444.947694106 1140159.2793684856 1.59625
59455.20671273 2459455.7119401037 5.484370440244675 5.484370440244675 0.0 0.0 0.0 5439518.007708288 1139091.9533479733 1.59625
59455.207418655 2459455.712646005 6.500868648290634 6.500868648290634 0.0 0.0 1.0 5452276.931260384 1141766.7306283605 1.59625
59455.208124765 2459455.713352092 7.517633736133575 7.517633736133575 0.0 0.0 0.0 5441115.770070656 1139445.8103123792 1.59625
59455.20883069 2459455.7140579927 8.534130603075027 8.534130603075027 0.0 0.0 1.0 5457430.823215661 1142856.24741662 1.59625
59455.209536805 2459455.7147640823 9.550899714231491 9.550899714231491 0.0 0.0 0.0 5447162.9647493595 1140629.0728164858 1.59625
59455.21024273 2459455.715469982 10.567395240068436 10.567395240068436 0.0 0.0 1.0 5458017.603031149 1142982.435194896 1.59625
59455.21094884 2459455.716176065 11.584154963493347 11.584154963493347 0.0 0.0 0.0 5449523.345712554 1141160.6870970526 1.59625
59455.211654765 2459455.716881963 12.600647807121277 12.600647807121277 0.0 0.0 1.0 5459242.071586112 1143281.332078804 1.59625
59455.212360875 2459455.7175880447 13.617405518889427 13.617405518889427 0.0 0.0 0.0 5450093.828521319 1141289.2460671912 1.59625
59455.213066805 2459455.7182939453 14.63390238583088 14.63390238583088 0.0 0.0 1.0 5462566.970703537 1143893.1378297375 1.59625
59455.213772915 2459455.7190000247 15.650656744837761 15.650656744837761 0.0 0.0 0.0 5453139.4530537855 1141901.7276394218 1.59625
59455.214478840004 2459455.719705919 16.66714422404766 16.66714422404766 0.0 0.0 1.0 5460757.336498378 1143516.2596544188 1.59625
59455.21518495 2459455.7204119964 17.683895900845528 17.683895900845528 0.0 0.0 0.0 5450906.578600426 1141431.1270540599 1.59625
59455.215890875 2459455.721117888 18.70038002729416 18.70038002729416 0.0 0.0 1.0 5460260.383872483 1143434.3103236046 1.59625
59455.216596989994 2459455.721823969 19.717136397957802 19.717136397957802 0.0 0.0 0.0 5452863.640499017 1141844.7185730604 1.59625
59455.217302915 2459455.722529859 20.733617842197418 20.733617842197418 0.0 0.0 1.0 5462562.172977471 1143906.0162818988 1.59625
59455.218009025004 2459455.723235932 21.750363484025 21.750363484025 0.0 0.0 0.0 5452624.635772418 1141807.5887797682 1.59625
59455.21871495 2459455.7239418197 22.76684157550335 22.76684157550335 0.0 0.0 1.0 5462726.970933252 1143933.8029742478 1.59625
59455.21942106 2459455.7246478912 23.783584535121918 23.783584535121918 0.0 0.0 0.0 5451998.182357566 1141647.227853745 1.59625
59455.220126989996 2459455.725353782 24.80006732046604 24.80006732046604 0.0 0.0 1.0 5461389.856227264 1143626.9664209173 1.59625
59455.2208331 2459455.7260598517 25.816807597875595 25.816807597875595 0.0 0.0 0.0 5451446.934033522 1141561.134145353 1.59625
59455.221539025 2459455.7267657355 26.833280324935913 26.833280324935913 0.0 0.0 1.0 5460342.421335422 1143440.1203952408 1.59625
59455.22224514 2459455.727471808 27.85002462565899 27.85002462565899 0.0 0.0 0.0 5451680.387281256 1141566.953348771 1.59625
59455.22295106 2459455.728177685 28.8664872944355 28.8664872944355 0.0 0.0 1.0 5460600.464217229 1143502.0532532916 1.59625
59455.223657174996 2459455.728883756 29.883229583501816 29.883229583501816 0.0 0.0 0.0 5453063.193096101 1141866.4185650132 1.59625
59455.2243631 2459455.729589636 30.899696946144104 30.899696946144104 0.0 0.0 1.0 5461083.926718914 1143638.0704456444 1.59625
59455.225069210006 2459455.7302957005 31.916429847478867 31.916429847478867 0.0 0.0 0.0 5451848.94138348 1141627.3524535827 1.59625
59455.22577514 2459455.731001584 32.93290190398693 32.93290190398693 0.0 0.0 1.0 5460370.635148629 1143474.6763440468 1.59625
59455.226481245 2459455.731707642 33.94962541759014 33.94962541759014 0.0 0.0 0.0 5452615.6510377005 1141763.0133991805 1.59625
59455.227187175 2459455.7324135243 34.9660961329937 34.9660961329937 0.0 0.0 1.0 5458238.0044836225 1142990.4045823764 1.59625
59455.227893285 2459455.733119586 35.98282501101494 35.98282501101494 0.0 0.0 0.0 5450941.485459738 1141482.808500071 1.59625
59455.22859921 2459455.7338254624 36.9992870092392 36.9992870092392 0.0 0.0 1.0 5459018.48564385 1143152.7892798262 1.59625
59455.229305325 2459455.7345315283 38.01602192223072 38.01602192223072 0.0 0.0 0.0 5450667.395829511 1141398.5796461366 1.59625
59455.230011245 2459455.735237399 39.032475873827934 39.032475873827934 0.0 0.0 1.0 5458112.635086174 1142962.473153433 1.59625
59455.23071736 2459455.735943464 40.04920944571495 40.04920944571495 0.0 0.0 0.0 5451534.614244153 1141563.81664475 1.59625
59455.231423285004 2459455.7366493386 41.065668761730194 41.065668761730194 0.0 0.0 1.0 5460429.702084577 1143454.9782087621 1.59625
59455.268981245 2459455.7742054434 95.14645971357822 0.0 0.0 1.0 0.0 5428021.979951563 1136703.4930419049 1.59625
59455.269687175 2459455.774911353 96.1629693210125 1.0165096074342728 0.0 1.0 1.0 5434232.1076865215 1138044.7740424857 1.59625
59455.270393285 2459455.7756174426 97.17973843216896 2.0332787185907364 0.0 1.0 0.0 5430663.493339626 1137249.3638189633 1.59625
59455.271099210004 2459455.776323346 98.19623932242393 3.0497796088457108 0.0 1.0 1.0 5434696.51532186 1138118.2823575363 1.59625
59455.271805325 2459455.77702944 99.21301446855068 4.066554754972458 0.0 1.0 0.0 5433583.189896356 1137850.7895752906 1.59625
59455.272511245 2459455.777735338 100.22950798273087 5.083048269152641 0.0 1.0 1.0 5433060.607768337 1137828.0306107546 1.59625
59455.273217359994 2459455.77844143 101.2462804466486 6.0998207330703735 0.0 1.0 0.0 5434242.9093741095 1137991.92942748 1.59625
59455.273923285 2459455.7791473316 102.26277865469456 7.116318941116333 0.0 1.0 1.0 5436505.845042073 1138505.4549153794 1.59625
59455.274629395004 2459455.779853418 103.27954307198524 8.13308335840702 0.0 1.0 0.0 5436393.288895968 1138434.0380639052 1.59625
59455.275335325 2459455.7805593233 104.29604664444923 9.14958693087101 0.0 1.0 1.0 5433389.473888109 1137775.0505149728 1.59625
59455.27604143 2459455.7812654027 105.31280100345612 10.166341289877892 0.0 1.0 0.0 5433047.769916739 1137767.9097006898 1.59625
59455.276747359996 2459455.7819713065 106.32930256426334 11.18284285068512 0.0 1.0 1.0 5435534.293604488 1138281.2899004675 1.59625
59455.27745347 2459455.7826773897 107.34606228768826 12.199602574110031 0.0 1.0 0.0 5435035.382640957 1138136.6037904178 1.59625
59455.278159395 2459455.7833832866 108.36255379021168 13.216094076633453 0.0 1.0 1.0 5434399.898627164 1138153.190152385 1.59625
59455.27886551 2459455.784089373 109.37931820750237 14.232858493924141 0.0 1.0 0.0 5436477.318429506 1138476.1743141708 1.59625
59455.27957143 2459455.784795263 110.39579965174198 15.249339938163757 0.0 1.0 1.0 5432024.654137093 1137537.9743905393 1.59625
59455.280277544996 2459455.7855013474 111.41256138682365 16.26610167324543 0.0 1.0 0.0 5434150.358976277 1138039.7319206288 1.59625
59455.28098347 2459455.78620724 112.4290468543768 17.28258714079857 0.0 1.0 1.0 5434001.353229159 1137930.150940433 1.59625
59455.281689580006 2459455.7869133176 113.44579853117466 18.299338817596436 0.0 1.0 0.0 5433072.2542592 1137827.7217124824 1.59625
59455.28239551 2459455.7876192136 114.46228869259357 19.31582897901535 0.0 1.0 1.0 5432576.276614881 1137688.9868396018 1.59625
59455.283101615 2459455.7883252837 115.47902964055538 20.332569926977158 0.0 1.0 0.0 5432841.234309421 1137705.273306372 1.59625
59455.283807545 2459455.7890311778 116.49551711976528 21.349057406187057 0.0 1.0 1.0 5430702.0840032 1137247.5508118356 1.59625
59455.284513655 2459455.789737251 117.51226276159286 22.36580304801464 0.0 1.0 0.0 5433041.094078447 1137806.5678645172 1.59625
59455.28521958 2459455.790443138 118.52874018251896 23.382280468940735 0.0 1.0 1.0 5430718.658722208 1137271.1273577758 1.59625
59455.285925695 2459455.7911492144 119.54548984766006 24.39903013408184 0.0 1.0 0.0 5431360.619862831 1137402.5819604925 1.59625
59455.286631615 2459455.791855094 120.5619565397501 25.415496826171875 0.0 1.0 1.0 5431610.458116063 1137524.4397224216 1.59625
59455.28733773 2459455.792561169 121.57870419323444 26.43224447965622 0.0 1.0 0.0 5432649.768863009 1137744.113813038 1.59625
59455.288043655004 2459455.7932670517 122.59517557919025 27.44871586561203 0.0 1.0 1.0 5432584.120992048 1137670.704857477 1.59625
59455.288749765 2459455.793973119 123.61191250383854 28.465452790260315 0.0 1.0 0.0 5429478.810088215 1137029.2770130385 1.59625
59455.289455695 2459455.794679005 124.62838858366013 29.4819288700819 0.0 1.0 1.0 5430477.796665183 1137191.454087712 1.59625
59455.2901618 2459455.795385066 125.64511612057686 30.498656406998634 0.0 1.0 0.0 5429905.205331782 1137127.6549727973 1.59625
59455.29086773 2459455.7960909507 126.66159018874168 31.51513047516346 0.0 1.0 1.0 5428912.663710993 1136944.3005181449 1.59625
59455.29157384 2459455.796797015 127.67832241952419 32.53186270594597 0.0 1.0 0.0 5429420.029663217 1136967.177911356 1.59625
59455.292279764995 2459455.797502893 128.69478709995747 33.54832738637924 0.0 1.0 1.0 5429705.590383103 1137035.1809526286 1.59625
59455.292985880005 2459455.7982089603 129.71152402460575 34.56506431102753 0.0 1.0 0.0 5432202.372491748 1137618.4982558533 1.59625
59455.293691800005 2459455.7989148325 130.72797998785973 35.5815202742815 0.0 1.0 1.0 5430382.352805558 1137231.9908333628 1.59625
59455.294397915 2459455.799620899 131.7447155714035 36.59825585782528 0.0 1.0 0.0 5430503.59774404 1137239.622278595 1.59625
59455.29510384 2459455.8003267753 132.76117756962776 37.61471785604954 0.0 1.0 1.0 5430806.498856311 1137267.5915208033 1.59625
59455.295809949996 2459455.801032836 133.7779051065445 38.63144539296627 0.0 1.0 0.0 5430766.16214622 1137332.98271881 1.59625
59455.29651588 2459455.801738716 134.79437246918678 39.64791275560856 0.0 1.0 1.0 5429617.647548648 1137076.3248835045 1.59625
59455.297221985 2459455.802444771 135.81109128892422 40.66463157534599 0.0 1.0 0.0 5431390.464880645 1137354.1528226794 1.59625
59455.297927915 2459455.8031506506 136.82755798101425 41.68109826743603 0.0 1.0 1.0 5427274.30865824 1136593.8049214599 1.59625
59455.335150135 2459455.840371036 190.42491294443607 0.0 0.0 2.0 0.0 5420607.392702547 1135062.0907400344 1.59625
59455.33585625 2459455.8410771303 191.44168876111507 1.0167758166790009 0.0 2.0 1.0 5428251.286435624 1136761.9625616753 1.59625
59455.33656217 2459455.8417830295 192.45818361639977 2.0332706719636917 0.0 2.0 0.0 5424171.597007345 1135911.0130594736 1.59625
59455.337268285 2459455.8424891233 193.4749587625265 3.050045818090439 0.0 2.0 1.0 5428601.78101007 1136760.2019312568 1.59625
59455.33797421 2459455.8431950263 194.49145898222923 4.0665460377931595 0.0 2.0 0.0 5423439.759297106 1135677.9154943225 1.59625
59455.33868032 2459455.843901114 195.50822541117668 5.083312466740608 0.0 2.0 1.0 5429530.997255005 1136956.992162552 1.59625
59455.339386249994 2459455.8446070217 196.52473233640194 6.099819391965866 0.0 2.0 0.0 5423546.956010056 1135714.9415510516 1.59625
59455.340092355 2459455.8453131034 197.5414900481701 7.116577103734016 0.0 2.0 1.0 5429146.2352655325 1136932.1163929186 1.59625
59455.340798285004 2459455.846019009 198.55799429118633 8.13308134675026 0.0 2.0 0.0 5425799.0455007125 1136204.985192939 1.59625
59455.341504395 2459455.8467250946 199.5747573673725 9.14984442293644 0.0 2.0 1.0 5429434.28380916 1136973.49784117 1.59625
59455.34221032 2459455.847430994 200.5912522226572 10.16633927822113 0.0 2.0 0.0 5425227.210543694 1136172.248243642 1.59625
59455.342916435 2459455.848137083 201.6080206632614 11.18310771882534 0.0 2.0 1.0 5430083.737455404 1137122.2479093357 1.59625
59455.343622355 2459455.848842975 202.6245054602623 12.199592515826225 0.0 2.0 0.0 5426528.300092203 1136368.104072295 1.59625
59455.344328470004 2459455.8495490626 203.6412712186575 13.21635827422142 0.0 2.0 1.0 5429729.251222347 1137038.2431962483 1.59625
59455.345034394995 2459455.8502549585 204.6577613800764 14.232848435640335 0.0 2.0 0.0 5426215.639631121 1136299.8649994386 1.59625
59455.345740505 2459455.850961039 205.6745170801878 15.249604135751724 0.0 2.0 1.0 5429572.069700676 1137008.79309203 1.59625
59455.346446434996 2459455.8516669376 206.69101126492023 16.26609832048416 0.0 2.0 0.0 5424833.515910301 1135981.8783002188 1.59625
59455.347152539995 2459455.852373011 207.70775690674782 17.282843962311745 0.0 2.0 1.0 5429860.883867559 1137079.5840154488 1.59625
59455.347858470006 2459455.853078908 208.72424840927124 18.299335464835167 0.0 2.0 0.0 5426004.782814766 1136243.0227834664 1.59625
59455.34856458 2459455.8537849844 209.7409987449646 19.316085800528526 0.0 2.0 1.0 5428433.025571497 1136776.6466886385 1.59625
59455.349270505 2459455.8544908743 210.75748018920422 20.332567244768143 0.0 2.0 0.0 5427197.275562696 1136490.2220732223 1.59625
59455.34997662 2459455.8551969533 211.77423387765884 21.34932093322277 0.0 2.0 1.0 5429484.189538756 1136985.066695781 1.59625
59455.350682539996 2459455.855902836 212.79070526361465 22.36579231917858 0.0 2.0 0.0 5422544.548336954 1135548.423993487 1.59625
59455.351388655 2459455.8566089137 213.80745694041252 23.382543995976448 0.0 2.0 1.0 5429387.23344914 1136978.8226820144 1.59625
59455.35209458 2459455.8573147994 214.82393234968185 24.39901940524578 0.0 2.0 0.0 5423513.233448696 1135708.8495994175 1.59625
59455.35280069 2459455.8580208695 215.84067329764366 25.415760353207588 0.0 2.0 1.0 5429019.856365667 1136894.9834452404 1.59625
59455.35350662 2459455.8587267585 216.85715340077877 26.432240456342697 0.0 2.0 0.0 5422812.374574811 1135564.9208195694 1.59625
59455.35421273 2459455.8594328267 217.87389166653156 27.44897872209549 0.0 2.0 1.0 5427026.825464792 1136461.9380125 1.59625
59455.354918655 2459455.8601387087 218.89036171138287 28.465448766946793 0.0 2.0 0.0 5420545.574292698 1135136.6091020955 1.59625
59455.355624765 2459455.8608447756 219.9070979654789 29.482185021042824 0.0 2.0 1.0 5425978.527674778 1136314.1746265143 1.59625
59455.35633069 2459455.8615506557 220.92356532812119 30.498652383685112 0.0 2.0 0.0 5421516.836023757 1135325.611731708 1.59625
59455.357036805 2459455.8622567253 221.94030560553074 31.515392661094666 0.0 2.0 1.0 5426522.095623012 1136412.333049658 1.59625
59455.35774273 2459455.8629626045 222.95677162706852 32.531858682632446 0.0 2.0 0.0 5421180.238753715 1135271.7867804377 1.59625
59455.358448839994 2459455.863668668 223.97350318729877 33.5485902428627 0.0 2.0 1.0 5426318.74562669 1136323.3810227301 1.59625
59455.359154765 2459455.8643745454 224.98996652662754 34.56505358219147 0.0 2.0 0.0 5420823.280286725 1135206.951011979 1.59625
59455.359860875 2459455.8650806076 226.00669607520103 35.58178313076496 0.0 2.0 1.0 5425991.366404074 1136305.3465043998 1.59625
59455.360566805 2459455.865786489 227.02316544950008 36.59825250506401 0.0 2.0 0.0 5422511.783147819 1135534.8411506678 1.59625
59455.361272915005 2459455.8664925494 228.03989231586456 37.61497937142849 0.0 2.0 1.0 5424996.134112583 1136036.1441617517 1.59625
59455.361978839996 2459455.8671984253 229.05635364353657 38.631440699100494 0.0 2.0 0.0 5422250.504206911 1135478.1249775668 1.59625
59455.36268495 2459455.8679044857 230.07308050990105 39.64816756546497 0.0 2.0 1.0 5426718.35116095 1136403.9888546274 1.59625
59455.363390875 2459455.8686103607 231.08954049646854 40.66462755203247 0.0 2.0 0.0 5421103.81133337 1135227.677087669 1.59625
59455.36409699 2459455.869316425 232.1062733978033 41.68136045336723 0.0 2.0 1.0 5424438.682668054 1135920.6228035588 1.59625
59455.40133069 2459455.9065482863 285.7201534509659 0.0 0.0 3.0 0.0 5405678.717745036 1132114.1649154185 1.59625
59455.402036805 2459455.9072543806 286.7369292676449 1.0167758166790009 0.0 3.0 1.0 5410575.32144469 1133090.022394003 1.59625
59455.40274273 2459455.9079602845 287.7534308284521 2.033277377486229 0.0 3.0 0.0 5410114.498289375 1133020.8945073248 1.59625
59455.40344884 2459455.9086663737 288.7701992690563 3.050045818090439 0.0 3.0 1.0 5414182.797616684 1133907.8663381997 1.59625
59455.404154765 2459455.9093722766 289.78669948875904 4.0665460377931595 0.0 3.0 0.0 5409902.733306547 1132937.7913839791 1.59625
59455.404860875 2459455.9100783644 290.8034659177065 5.083312466740608 0.0 3.0 1.0 5412427.5134402625 1133522.497847369 1.59625
59455.405566805 2459455.9107842715 291.8199721723795 6.099818721413612 0.0 3.0 0.0 5412205.67035092 1133484.520413126 1.59625
59455.406272915 2459455.9114903584 292.83673726022243 7.116583809256554 0.0 3.0 1.0 5413155.914652605 1133651.2034506137 1.59625
59455.406978839994 2459455.912196259 293.8532341271639 8.133080676198006 0.0 3.0 0.0 5410952.184617747 1133142.0231075517 1.59625
59455.40768495 2459455.9129023445 294.86999720335007 9.149843752384186 0.0 3.0 1.0 5415598.263546781 1134134.6578477733 1.59625
59455.408390875 2459455.9136082437 295.88649205863476 10.166338607668877 0.0 3.0 0.0 5410762.024054614 1133137.5512061196 1.59625
59455.40909699 2459455.914314332 296.90325915813446 11.183105707168579 0.0 3.0 1.0 5411753.536726632 1133392.7445288636 1.59625
59455.409802915005 2459455.91502023 297.91975267231464 12.199599221348763 0.0 3.0 0.0 5411433.583177483 1133308.9086127686 1.59625
59455.410509025 2459455.915726312 298.9365103840828 13.216356933116913 0.0 3.0 1.0 5416199.885833999 1134274.0820921855 1.59625
59455.41121495 2459455.916432208 299.9530005455017 14.232847094535828 0.0 3.0 0.0 5412959.759485647 1133590.2640668198 1.59625
59455.411921060004 2459455.917138288 300.96975557506084 15.249602124094963 0.0 3.0 1.0 5410304.057347496 1133094.7625836825 1.59625
59455.41262699 2459455.917844187 301.98625043034554 16.266096979379654 0.0 3.0 0.0 5410189.197619662 1132983.007564177 1.59625
59455.4133331 2459455.9185502646 303.0030021071434 17.28284865617752 0.0 3.0 1.0 5408620.081773694 1132691.2876615133 1.59625
59455.414039024996 2459455.9192561572 304.01948757469654 18.29933412373066 0.0 3.0 0.0 5408543.44515388 1132698.1699425522 1.59625
59455.414745140006 2459455.919962238 305.0362439453602 19.316090494394302 0.0 3.0 1.0 5408263.905252311 1132658.2193694478 1.59625
59455.415451060006 2459455.920668123 306.052718013525 20.332564562559128 0.0 3.0 0.0 5406732.976630872 1132280.3494808902 1.59625
59455.416157175 2459455.921374202 307.06947170197964 21.349318251013756 0.0 3.0 1.0 5404982.253594598 1131977.1247150663 1.59625
59455.4168631 2459455.9220800903 308.0859511345625 22.36579768359661 0.0 3.0 0.0 5402617.123913531 1131472.1799189332 1.59625
59455.417569209996 2459455.922786162 309.10269409418106 23.38254064321518 0.0 3.0 1.0 5404007.197276894 1131804.4939236352 1.59625
59455.41827514 2459455.923492053 310.11917755007744 24.399024099111557 0.0 3.0 0.0 5399939.021528489 1130947.103990287 1.59625
59455.418981245 2459455.9241981176 311.1359104514122 25.41575700044632 0.0 3.0 1.0 5401693.116939408 1131280.593677013 1.59625
59455.419687175 2459455.924904007 312.15239122509956 26.432237774133682 0.0 3.0 0.0 5399692.887710058 1130792.3551228032 1.59625
59455.420393285 2459455.925610075 313.1691288203001 27.44897536933422 0.0 3.0 1.0 5400161.782894317 1131005.8930794816 1.59625
59455.42109921 2459455.926315957 314.18559953570366 28.465446084737778 0.0 3.0 0.0 5396543.911535836 1130171.869945922 1.59625
59455.421805325 2459455.9270220282 315.20234182477 29.482188373804092 0.0 3.0 1.0 5399722.461294901 1130952.0851233052 1.59625
59455.422511245 2459455.927727904 316.218803152442 30.498649701476097 0.0 3.0 0.0 5398544.525736814 1130604.1063836203 1.59625
59455.42321736 2459455.9284339733 317.2355427592993 31.515389308333397 0.0 3.0 1.0 5399986.583603964 1130968.3344372325 1.59625
59455.423923285 2459455.9291398525 318.25200878083706 32.53185532987118 0.0 3.0 0.0 5398034.996801799 1130529.145754929 1.59625
59455.424629395 2459455.9298459156 319.26873967051506 33.54858621954918 0.0 3.0 1.0 5397311.572695668 1130394.5668923408 1.59625
59455.425335325 2459455.930551798 320.2852103859186 34.565056934952736 0.0 3.0 0.0 5396468.668377278 1130157.1630962763 1.59625
59455.42604143 2459455.931257855 321.3019325584173 35.58177910745144 0.0 3.0 1.0 5397347.631686378 1130328.952280184 1.59625
59455.426747360005 2459455.931963736 322.3184012621641 36.598247811198235 0.0 3.0 0.0 5396006.299492345 1130130.0421331653 1.59625
59455.42745347 2459455.9326697974 323.3351294696331 37.61497601866722 0.0 3.0 1.0 5396388.882610944 1130200.6268838982 1.59625
59455.428159395 2459455.9333756734 324.3515907973051 38.631437346339226 0.0 3.0 0.0 5394570.307626625 1129814.0635237976 1.59625
59455.428865509995 2459455.9340817383 325.3683243691921 39.64817091822624 0.0 3.0 1.0 5396567.200827308 1130220.9072856344 1.59625
59455.429571429995 2459455.934787608 326.38477697968483 40.66462352871895 0.0 3.0 0.0 5397047.156403049 1130309.5102614425 1.59625
59455.430277545 2459455.9354936727 327.4015098810196 41.68135643005371 0.0 3.0 1.0 5398475.905313176 1130663.167551663 1.59625
59455.467488099996 2459455.9727023863 380.98205745220184 0.0 0.0 4.0 0.0 5378156.450310705 1126443.930180578 1.59625
59455.46819421 2459455.9734084755 381.99882589280605 1.01676844060421 0.0 4.0 1.0 5382289.947062997 1127384.0594811307 1.59625
59455.468900135 2459455.9741143794 383.0153274536133 2.033270001411438 0.0 4.0 0.0 5382092.787387789 1127233.3925808254 1.59625
59455.46960625 2459455.974820473 384.03210259974 3.050045147538185 0.0 4.0 1.0 5383903.723392988 1127673.7391549044 1.59625
59455.47031217 2459455.9755263715 385.0485961139202 4.0665386617183685 0.0 4.0 0.0 5385135.756821966 1127907.075690165 1.59625
59455.471018284996 2459455.976232464 386.0653692483902 5.0833117961883545 0.0 4.0 1.0 5384039.095830594 1127665.135072407 1.59625
59455.47172421 2459455.976938366 387.0818681269884 6.099810674786568 0.0 4.0 0.0 5383516.3937784135 1127559.695939889 1.59625
59455.472430320006 2459455.9776444524 388.0986325442791 7.116575092077255 0.0 4.0 1.0 5383691.304653764 1127578.4210903556 1.59625
59455.47313625 2459455.9783503585 389.1151374578476 8.133080005645752 0.0 4.0 0.0 5384680.571948068 1127790.5195995215 1.59625
59455.473842355 2459455.9790564384 390.13189248740673 9.149835035204887 0.0 4.0 1.0 5388159.8481882345 1128507.0417158685 1.59625
59455.474548285 2459455.9797623428 391.1483947187662 10.16633726656437 0.0 4.0 0.0 5385869.157242876 1128012.000479449 1.59625
59455.475254395 2459455.9804684264 392.1651551127434 11.183097660541534 0.0 4.0 1.0 5383432.532183815 1127557.17922191 1.59625
59455.47596032 2459455.981174324 393.1816479563713 12.199590504169464 0.0 4.0 0.0 5386082.442715397 1128134.6252698747 1.59625
59455.476666435 2459455.981880411 394.19841304421425 13.216355592012405 0.0 4.0 1.0 5386947.738010242 1128265.6699788657 1.59625
59455.477372355 2459455.982586302 395.2148958295584 14.23283837735653 0.0 4.0 0.0 5385719.19039794 1128033.262053688 1.59625
59455.47807847 2459455.983292387 396.2316582351923 15.249600782990456 0.0 4.0 1.0 5385812.183053208 1128037.4887683706 1.59625
59455.478784395 2459455.9839982805 397.24814504384995 16.266087591648102 0.0 4.0 0.0 5384968.730973422 1127829.1556397984 1.59625
59455.479490505 2459455.984704359 398.2648980617523 17.282840609550476 0.0 4.0 1.0 5387151.093960075 1128323.0975439078 1.59625
59455.480196435004 2459455.985410256 399.28138956427574 18.2993321120739 0.0 4.0 0.0 5386432.045365431 1128141.8421751445 1.59625
59455.48090254 2459455.986116327 400.29813185334206 19.316074401140213 0.0 4.0 1.0 5385396.3660246255 1127967.1325695855 1.59625
59455.48160847 2459455.986822222 401.31462067365646 20.33256322145462 0.0 4.0 0.0 5384188.279079904 1127701.6564908724 1.59625
59455.482314580004 2459455.9875282957 402.3313669860363 21.349309533834457 0.0 4.0 1.0 5383832.331394134 1127621.7299305296 1.59625
59455.483020505 2459455.9882341833 403.34784507751465 22.365787625312805 0.0 4.0 0.0 5383402.697575115 1127530.9063571524 1.59625
59455.483726620005 2459455.988940261 404.3645967543125 23.382539302110672 0.0 4.0 1.0 5384757.665911681 1127862.8889069264 1.59625
59455.484432540004 2459455.9896461414 405.38106478750706 24.399007335305214 0.0 4.0 0.0 5385443.46679143 1127914.8869607549 1.59625
59455.485138655 2459455.9903522166 406.39781311154366 25.415755659341812 0.0 4.0 1.0 5385178.706890035 1127888.4189460634 1.59625
59455.48584458 2459455.9910581005 407.414285838604 26.43222838640213 0.0 4.0 0.0 5385778.239748294 1128052.7865759132 1.59625
59455.486550689995 2459455.9917641687 408.43102410435677 27.448966652154922 0.0 4.0 1.0 5384894.666545819 1127841.025894753 1.59625
59455.48725662 2459455.9924700554 409.4475008547306 28.465443402528763 0.0 4.0 0.0 5384459.97038964 1127766.1311221675 1.59625
59455.48796273 2459455.993176122 410.46423710882664 29.482179656624794 0.0 4.0 1.0 5385271.136619861 1127948.3200554573 1.59625
59455.488668655 2459455.9938820023 411.4807044714689 30.498647019267082 0.0 4.0 0.0 5384410.7905488545 1127777.428605639 1.59625
59455.489374765 2459455.994588067 412.4974373728037 31.515379920601845 0.0 4.0 1.0 5383955.96773943 1127629.513779927 1.59625
59455.49008069 2459455.9952939455 413.5139027237892 32.53184527158737 0.0 4.0 0.0 5383240.002723819 1127498.591970033 1.59625
59455.490786805 2459455.996000014 414.530640989542 33.548583537340164 0.0 4.0 1.0 5386185.745572656 1128129.7314491528 1.59625
59455.49149273 2459455.9967058916 415.547104999423 34.565047547221184 0.0 4.0 0.0 5384763.182866368 1127819.670139923 1.59625
59455.49219884 2459455.9974119533 416.56383387744427 35.581776425242424 0.0 4.0 1.0 5383584.769938912 1127615.6168751682 1.59625
59455.492904765 2459455.9981178297 417.5802958756685 36.59823842346668 0.0 4.0 0.0 5384431.121159448 1127731.1676293875 1.59625
59455.493610875 2459455.998823891 418.5970240831375 37.61496663093567 0.0 4.0 1.0 5382483.122025487 1127386.640727704 1.59625
59455.494316805 2459455.9995297715 419.61349211633205 38.63143466413021 0.0 4.0 0.0 5384719.808820592 1127829.0098845079 1.59625
59455.495022915 2459456.0002358314 420.6302183121443 39.648160859942436 0.0 4.0 1.0 5382075.474736595 1127294.1602853718 1.59625
59455.495728840004 2459456.0009417064 421.6466782987118 40.66462084650993 0.0 4.0 0.0 5383987.898946192 1127659.886410297 1.59625
59455.49643495 2459456.0016477657 422.66340382397175 41.681346371769905 0.0 4.0 1.0 5384018.507542682 1127655.2803889224 1.59625
59455.533657175 2459456.038868145 476.26075007021427 0.0 0.0 5.0 0.0 5373655.787284459 1125457.7217852462 1.59625
59455.534363285 2459456.0395742343 477.2775185108185 1.01676844060421 0.0 5.0 1.0 5378309.879005775 1126420.7187242387 1.59625
59455.535069210004 2459456.040280138 478.2940200716257 2.033270001411438 0.0 5.0 0.0 5378687.745636614 1126466.8678586446 1.59625
59455.535775325 2459456.040986231 479.31079387664795 3.0500438064336777 0.0 5.0 1.0 5382469.119784172 1127302.3627909643 1.59625
59455.536481245 2459456.0416921293 480.32728739082813 4.066537320613861 0.0 5.0 0.0 5380477.3631621925 1126861.5492377146 1.59625
59455.537187359994 2459456.0423982223 481.3440611958504 5.083311125636101 0.0 5.0 1.0 5384247.274462578 1127661.136611518 1.59625
59455.537893285 2459456.0431041243 482.3605600744486 6.099810004234314 0.0 5.0 0.0 5378668.481937321 1126497.5824348535 1.59625
59455.538599395004 2459456.0438102107 483.3773244917393 7.1165744215250015 0.0 5.0 1.0 5383462.484521909 1127549.2965778718 1.59625
59455.539305325 2459456.0445161164 484.3938287347555 8.133078664541245 0.0 5.0 0.0 5380009.441590434 1126743.1998983116 1.59625
59455.54001143 2459456.0452221963 485.41058376431465 9.14983369410038 0.0 5.0 1.0 5383081.692856549 1127443.5796438449 1.59625
59455.540717359996 2459456.0459281006 486.42708599567413 10.166335925459862 0.0 5.0 0.0 5384719.320872791 1127806.1795966343 1.59625
59455.54142347 2459456.0466341837 487.44384571909904 11.183095648884773 0.0 5.0 1.0 5384250.730467418 1127699.6042049397 1.59625
59455.542129395 2459456.0473400815 488.460338562727 12.199588492512703 0.0 5.0 0.0 5381074.70730405 1126999.1388907842 1.59625
59455.54283551 2459456.0480461684 489.4771036505699 13.216353580355644 0.0 5.0 1.0 5386539.318867839 1128138.6653555986 1.59625
59455.54354143 2459456.048752059 490.49358643591404 14.232836365699768 0.0 5.0 0.0 5380490.102815593 1126874.552308368 1.59625
59455.544247544996 2459456.0494581438 491.5103481709957 15.24959810078144 0.0 5.0 1.0 5384090.84361173 1127684.5856375794 1.59625
59455.54495347 2459456.050164038 492.5268356502056 16.26608557999134 0.0 5.0 0.0 5381549.816352073 1127086.0528456487 1.59625
59455.545659580006 2459456.050870116 493.54358799755573 17.28283792734146 0.0 5.0 1.0 5383918.410441411 1127584.8114073232 1.59625
59455.54636551 2459456.051576013 494.5600801706314 18.299330100417137 0.0 5.0 0.0 5382504.650272851 1127279.777140405 1.59625
59455.547071615 2459456.052282084 495.57682178914547 19.316071718931198 0.0 5.0 1.0 5387134.238258408 1128301.2748644412 1.59625
59455.547777545 2459456.052987979 496.5933106094599 20.332560539245605 0.0 5.0 0.0 5382035.935163425 1127165.0137396422 1.59625
59455.548483655 2459456.053694052 497.61005625128746 21.34930618107319 0.0 5.0 1.0 5383568.346231924 1127528.9325808382 1.59625
59455.54918958 2459456.0543999407 498.6265356838703 22.365785613656044 0.0 5.0 0.0 5382498.70600591 1127288.4907875166 1.59625
59455.549895695 2459456.0551060173 499.6432860195637 23.382535949349403 0.0 5.0 1.0 5384289.1513779 1127677.316078344 1.59625
59455.550601615 2459456.0558118983 500.65975472331047 24.3990046530962 0.0 5.0 0.0 5381315.397079924 1127024.9978390683 1.59625
59455.55130773 2459456.056517973 501.6765023767948 25.415752306580544 0.0 5.0 1.0 5385068.054403401 1127841.7826794924 1.59625
59455.552013655004 2459456.057223857 502.69297510385513 26.43222503364086 0.0 5.0 0.0 5382812.2613166915 1127367.5114691898 1.59625
59455.552719765 2459456.0579299247 503.7097126990557 27.4489626288414 0.0 5.0 1.0 5384665.192074434 1127783.0709495742 1.59625
59455.553425695 2459456.058635812 504.72619011998177 28.465440049767494 0.0 5.0 0.0 5388416.520485045 1128528.8572344054 1.59625
59455.5541318 2459456.059341873 505.74291832745075 29.48216825723648 0.0 5.0 1.0 5390372.324042746 1128966.6534726801 1.59625
59455.55483773 2459456.0600477583 506.75939306616783 30.49864299595356 0.0 5.0 0.0 5389424.223213825 1128717.5373168516 1.59625
59455.55554384 2459456.0607538233 507.77612663805485 31.515376567840576 0.0 5.0 1.0 5391141.8615824375 1129075.4922881844 1.59625
59455.556249764995 2459456.0614597024 508.79259265959263 32.53184258937836 0.0 5.0 0.0 5387706.039097196 1128379.8760367515 1.59625
59455.556955880005 2459456.06216577 509.80933025479317 33.548580184578896 0.0 5.0 1.0 5392364.927266913 1129330.8479025865 1.59625
59455.557661800005 2459456.062871643 510.8257868885994 34.565036818385124 0.0 5.0 0.0 5390169.677666354 1128846.892688845 1.59625
59455.558367915 2459456.0635777097 511.8425231426954 35.581773072481155 0.0 5.0 1.0 5390909.023002642 1129022.0880805005 1.59625
59455.55907384 2459456.0642835856 512.8589844703674 36.59823440015316 0.0 5.0 0.0 5387354.064342818 1128247.1577855323 1.59625
59455.559779949996 2459456.064989647 513.8757126778364 37.61496260762215 0.0 5.0 1.0 5393875.815871611 1129684.5336860104 1.59625
59455.56048588 2459456.0656955275 514.892180711031 38.63143064081669 0.0 5.0 0.0 5388401.693216333 1128502.394921773 1.59625
59455.561191985 2459456.0664015827 515.9089002013206 39.64815013110638 0.0 5.0 1.0 5392049.819084933 1129262.9286879161 1.59625
59455.561897915 2459456.0671074623 516.9253668934107 40.66461682319641 0.0 5.0 0.0 5387601.0484314095 1128308.77904307 1.59625
59455.562604025 2459456.067813522 517.9420930892229 41.68134301900864 0.0 5.0 1.0 5391908.628159665 1129291.460675817 1.59625
59455.600555325 2459456.1057629506 572.5892700254917 0.0 0.0 6.0 0.0 5374305.68868587 1125611.9502026099 1.59625
59455.60126143 2459456.106469034 573.6060304194689 1.0167603939771652 0.0 6.0 1.0 5373628.145401122 1125528.5177048366 1.59625
59455.601967359995 2459456.1071749427 574.6225386857986 2.0332686603069305 0.0 6.0 0.0 5375713.8180449 1125927.2811644275 1.59625
59455.60267347 2459456.107881031 575.6393057852983 3.050035759806633 0.0 6.0 1.0 5377380.708888933 1126280.0483380705 1.59625
59455.603379395005 2459456.108586933 576.6558046638966 4.066534638404846 0.0 6.0 0.0 5379665.535216914 1126709.9220858274 1.59625
59455.60408551 2459456.1092930255 577.6725777983665 5.083307772874832 0.0 6.0 1.0 5377845.469181033 1126325.918450751 1.59625
59455.60479143 2459456.1099989214 578.6890679597855 6.099797934293747 0.0 6.0 0.0 5379584.30877271 1126745.4966500336 1.59625
59455.605497545 2459456.110705012 579.7058384120464 7.116568386554718 0.0 6.0 1.0 5378519.535782466 1126505.756094307 1.59625
59455.60620347 2459456.111410912 580.7223346084356 8.133064582943916 0.0 6.0 0.0 5378177.447184844 1126470.2688774534 1.59625
59455.606909580005 2459456.112116996 581.739095672965 9.149825647473335 0.0 6.0 1.0 5379605.221289104 1126702.3670867765 1.59625
59455.60761551 2459456.1128228996 582.75559656322 10.16632653772831 0.0 6.0 0.0 5380036.297456835 1126893.6908672408 1.59625
59455.608321615 2459456.113528977 583.7723482400179 11.183078214526176 0.0 6.0 1.0 5378876.376370445 1126549.7042891018 1.59625
59455.609027545 2459456.1142348787 584.7888464480639 12.199576422572136 0.0 6.0 0.0 5377820.360344211 1126375.6670313412 1.59625
59455.60973347 2459456.114940774 585.8053359389305 13.216065913438797 0.0 6.0 1.0 5377615.397240801 1126276.5876285331 1.59625
59455.61043958 2459456.115646854 586.8220909684896 14.232820942997932 0.0 6.0 0.0 5380331.8146556495 1126879.3397828822 1.59625
59455.611145695 2459456.116352938 587.8388520330191 15.249582007527351 0.0 6.0 1.0 5376918.22328774 1126176.6635218633 1.59625
59455.611851615 2459456.1170588257 588.8553301244974 16.2660600990057 0.0 6.0 0.0 5380329.826370371 1126873.0480912162 1.59625
59455.612557545 2459456.1177647226 589.8718216270208 17.28255160152912 0.0 6.0 1.0 5378257.856498235 1126466.7522344775 1.59625
59455.613263655 2459456.1184707982 590.8885706216097 18.299300596117973 0.0 6.0 0.0 5379654.953217246 1126756.4367457684 1.59625
59455.613969765 2459456.1191768735 591.9053189456463 19.31604892015457 0.0 6.0 1.0 5378269.180340193 1126480.9430968324 1.59625
59455.614675695004 2459456.119882767 592.9218057543039 20.332535728812218 0.0 6.0 0.0 5379835.983195722 1126808.0158271159 1.59625
59455.6153818 2459456.120588835 593.9385433495045 21.349273324012756 0.0 6.0 1.0 5376893.520491258 1126154.0123411266 1.59625
59455.61608773 2459456.1212947266 594.9550274759531 22.365757450461388 0.0 6.0 0.0 5380235.317402812 1126865.4824075922 1.59625
59455.61679384 2459456.1220007977 595.9717697650194 23.382499739527702 0.0 6.0 1.0 5377594.110862109 1126290.6986822728 1.59625
59455.617499765 2459456.1227066824 596.9882438331842 24.398973807692528 0.0 6.0 0.0 5380607.538142322 1126962.4322239019 1.59625
59455.618205880004 2459456.123412756 598.0049894750118 25.41571944952011 0.0 6.0 1.0 5375267.606387111 1125825.2453611768 1.59625
59455.618911800004 2459456.124118634 599.0214541554451 26.432184129953384 0.0 6.0 0.0 5377852.987062763 1126417.8455673472 1.59625
59455.619617915 2459456.124824706 600.0381977856159 27.448927760124207 0.0 6.0 1.0 5377660.199583754 1126261.5298895729 1.59625
59455.62032384 2459456.125530587 601.0546664893627 28.465396463871002 0.0 6.0 0.0 5377998.366913914 1126432.931546405 1.59625
59455.621029949994 2459456.1262366525 602.071400731802 29.482130706310272 0.0 6.0 1.0 5377732.0737414425 1126341.0080677294 1.59625
59455.621735880006 2459456.1269425373 603.0878747999668 30.498604774475098 0.0 6.0 0.0 5378652.609279893 1126551.3533696812 1.59625
59455.622441985004 2459456.127648596 604.1045996546745 31.515329629182816 0.0 6.0 1.0 5377165.761769114 1126230.3328621844 1.59625
59455.623147915 2459456.128354479 605.1210710406303 32.531801015138626 0.0 6.0 0.0 5378964.87271585 1126643.8768133668 1.59625
59455.62385384 2459456.1290603564 606.1375343799591 33.54826435446739 0.0 6.0 1.0 5375620.6475341935 1125902.3829582848 1.59625
59455.624559949996 2459456.129766418 607.1542632579803 34.56499323248863 0.0 6.0 0.0 5378098.240454815 1126417.5290655766 1.59625
59455.625266065 2459456.1304724845 608.1709988415241 35.58172881603241 0.0 6.0 1.0 5376253.985423495 1125982.4088677932 1.59625
59455.625971985 2459456.1311783553 609.1874527931213 36.59818276762962 0.0 6.0 0.0 5377805.678539037 1126350.4420602373 1.59625
59455.626677915 2459456.131884236 610.2039208263159 37.614650800824165 0.0 6.0 1.0 5375631.4923240505 1125900.221941887 1.59625
59455.627384025 2459456.132590296 611.2206476926804 38.631377667188644 0.0 6.0 0.0 5377487.069100374 1126317.5127247998 1.59625
59455.628090135 2459456.1332963556 612.2373732179403 39.648103192448616 0.0 6.0 1.0 5376673.342035767 1126147.500216938 1.59625
59455.670902540005 2459456.176106704 673.8842748105526 0.0 0.0 7.0 0.0 5370185.559582952 1124785.9103571302 1.59625
59455.671608655 2459456.1768127945 674.9010452628136 1.016770452260971 0.0 7.0 1.0 5377640.492767965 1126264.7951384976 1.59625
59455.67231458 2459456.1775186947 675.9175414592028 2.0332666486501694 0.0 7.0 0.0 5372136.46095907 1125136.3785454307 1.59625
59455.673020505 2459456.1782245934 676.9340356439352 3.0497608333826065 0.0 7.0 1.0 5379123.415096935 1126626.8463067613 1.59625
59455.67372662 2459456.178930682 677.9508034139872 4.066528603434563 0.0 7.0 0.0 5374918.3635384245 1125684.0456339137 1.59625
59455.67443273 2459456.1796367643 678.9675617963076 5.083286985754967 0.0 7.0 1.0 5379680.872590576 1126684.4958673287 1.59625
59455.675138655 2459456.180342661 679.984053298831 6.099778488278389 0.0 7.0 0.0 5374181.248097644 1125545.3006098913 1.59625
59455.675844765 2459456.1810487416 681.0008089989424 7.116534188389778 0.0 7.0 1.0 5378574.713905985 1126476.2911879441 1.59625
59455.67655069 2459456.1817546366 682.0172978192568 8.133023008704185 0.0 7.0 0.0 5374697.514287155 1125647.1374827188 1.59625
59455.677256805 2459456.18246072 683.034058213234 9.14978340268135 0.0 7.0 1.0 5378617.329329514 1126477.2860155758 1.59625
59455.67796273 2459456.1831666133 684.0505443513393 10.166269540786743 0.0 7.0 0.0 5374347.194800684 1125549.8809181927 1.59625
59455.678668655004 2459456.183872505 685.067028477788 11.182753667235374 0.0 7.0 1.0 5380391.9734355975 1126881.9834421973 1.59625
59455.679374765 2459456.1845785812 686.0837781429291 12.19950333237648 0.0 7.0 0.0 5375494.157392014 1125842.0768187253 1.59625
59455.680080875 2459456.1852846555 687.1005251258612 13.21625031530857 0.0 7.0 1.0 5380042.750855937 1126772.8967219268 1.59625
59455.680786805 2459456.18599055 688.1170132756233 14.232738465070724 0.0 7.0 0.0 5377046.695593928 1126198.6800918612 1.59625
59455.681492915 2459456.1866966225 689.1337575763464 15.2494827657938 0.0 7.0 1.0 5380964.776779018 1126984.1635344366 1.59625
59455.682198840004 2459456.1874025096 690.1502349972725 16.265960186719894 0.0 7.0 0.0 5376286.44574749 1125984.150602046 1.59625
59455.68290495 2459456.1881085797 691.1669759452343 17.2827011346817 0.0 7.0 1.0 5381184.563490416 1126997.3390557135 1.59625
59455.683610875 2459456.188814465 692.1834506839514 18.29917587339878 0.0 7.0 0.0 5375505.55316969 1125822.6293070684 1.59625
59455.684316804996 2459456.189520354 693.1999307870865 19.31565597653389 0.0 7.0 1.0 5381433.700916076 1127057.7896928284 1.59625
59455.685022915 2459456.1902264217 694.216668382287 20.33239357173443 0.0 7.0 0.0 5375664.023785975 1125888.0496647342 1.59625
59455.685729025005 2459456.1909324885 695.233404636383 21.34912982583046 0.0 7.0 1.0 5378534.501262204 1126494.6526554674 1.59625
59455.68643495 2459456.19163837 696.2498740106821 22.36559920012951 0.0 7.0 0.0 5376591.034452996 1126080.8765663349 1.59625
59455.687140875 2459456.19234425 697.2663413733244 23.382066562771797 0.0 7.0 1.0 5379237.834103697 1126637.4949671268 1.59625
59455.68784699 2459456.19305032 698.283081650734 24.39880684018135 0.0 7.0 0.0 5373690.569407188 1125415.996980145 1.59625
59455.6885531 2459456.193756384 699.2998138815165 25.41553907096386 0.0 7.0 1.0 5378633.046652858 1126525.158447187 1.59625
59455.689259025 2459456.1944622616 700.3162778913975 26.43200308084488 0.0 7.0 0.0 5373696.374777986 1125453.8514766993 1.59625
59455.68996495 2459456.1951681394 701.3327419012785 27.4484670907259 0.0 7.0 1.0 5380326.25962624 1126837.9367377847 1.59625
59455.69067106 2459456.1958742016 702.349471449852 28.465196639299393 0.0 7.0 0.0 5375890.998988624 1125890.044044568 1.59625
59455.691377175 2459456.1965802675 703.3662063628435 29.481931552290916 0.0 7.0 1.0 5377229.884251042 1126143.132651314 1.59625
59455.6920831 2459456.1972861434 704.3826676905155 30.49839287996292 0.0 7.0 0.0 5374053.762912281 1125519.819988424 1.59625
59455.692789025 2459456.197992019 705.3991283476353 31.514853537082672 0.0 7.0 1.0 5378008.458599922 1126348.792973951 1.59625
59455.69349514 2459456.198698084 706.4158619195223 32.53158710896969 0.0 7.0 0.0 5373701.034153497 1125433.48622504 1.59625
59455.694201245 2459456.1994041386 707.4325807392597 33.54830592870712 0.0 7.0 1.0 5378161.175490159 1126435.0552837492 1.59625
