# %ECSV 1.0
# ---
# datatype:
# - {name: t_mjd, datatype: float64}
# - {name: t_bjd, datatype: float64}
# - {name: t_visit, datatype: float64}
# - {name: t_orbit, datatype: float64}
# - {name: ivisit, datatype: float64}
# - {name: iorbit, datatype: float64}
# - {name: scan, datatype: float64}
# - {name: spec_opt, datatype: float64}
# - {name: var_opt, datatype: float64}
# - {name: wave, datatype: float64}
# schema: astropy-2.0
t_mjd t_bjd t_visit t_orbit ivisit iorbit scan spec_opt var_opt wave
59455.203888655 2459455.7091161143 1.4178257435560226 1.4178257435560226 0.0 0.0 0.0 5387891.754958673 1128504.4567978035 1.39375
59455.20459458 2459455.7098220186 2.4343279749155045 2.4343279749155045 0.0 0.0 1.0 5421296.263595552 1135344.4987265607 1.39375
59455.205300689995 2459455.7105281074 3.4510957449674606 3.4510957449674606 0.0 0.0 0.0 5425134.7924096575 1136186.0449910832 1.39375
59455.20600662 2459455.7112340154 4.467603340744972 4.467603340744972 0.0 0.0 1.0 5441041.942888336 1139465.2389728122 1.39375
59455.20671273 2459455.7119401037 5.484370440244675 5.484370440244675 0.0 0.0 0.0 5437345.6080330955 1138672.2377123453 1.39375
59455.207418655 2459455.712646005 6.500868648290634 6.500868648290634 0.0 0.0 1.0 5451013.800858395 1141523.348341747 1.39375
59455.208124765 2459455.713352092 7.517633736133575 7.517633736133575 0.0 0.0 0.0 5446710.957360268 1140642.0935498336 1.39375
59455.20883069 2459455.7140579927 8.534130603075027 8.534130603075027 0.0 0.0 1.0 5454070.3821063 1142175.3404850755 1.39375
59455.209536805 2459455.7147640823 9.550899714231491 9.550899714231491 0.0 0.0 0.0 5450131.019774456 1141281.645926056 1.39375
59455.21024273 2459455.715469982 10.567395240068436 10.567395240068436 0.0 0.0 1.0 5454602.035914551 1142280.4775067547 1.39375
59455.21094884 2459455.716176065 11.584154963493347 11.584154963493347 0.0 0.0 0.0 5454116.186434631 1142145.8380321998 1.39375
59455.211654765 2459455.716881963 12.600647807121277 12.600647807121277 0.0 0.0 1.0 5456069.217804704 1142610.4422367772 1.39375
59455.212360875 2459455.7175880447 13.617405518889427 13.617405518889427 0.0 0.0 0.0 5454643.800674848 1142276.1069440544 1.39375
59455.213066805 2459455.7182939453 14.63390238583088 14.63390238583088 0.0 0.0 1.0 5460151.694906115 1143387.5742729076 1.39375
59455.213772915 2459455.7190000247 15.650656744837761 15.650656744837761 0.0 0.0 0.0 5455137.672890584 1142363.417524215 1.39375
59455.214478840004 2459455.719705919 16.66714422404766 16.66714422404766 0.0 0.0 1.0 5458478.9517543875 1143041.2669516276 1.39375
59455.21518495 2459455.7204119964 17.683895900845528 17.683895900845528 0.0 0.0 0.0 5454931.871416707 1142297.4810408016 1.39375
59455.215890875 2459455.721117888 18.70038002729416 18.70038002729416 0.0 0.0 1.0 5459936.2943492215 1143370.033504565 1.39375
59455.216596989994 2459455.721823969 19.717136397957802 19.717136397957802 0.0 0.0 0.0 5457645.826193773 1142878.601716841 1.39375
59455.217302915 2459455.722529859 20.733617842197418 20.733617842197418 0.0 0.0 1.0 5460010.330178703 1143399.0803282172 1.39375
59455.218009025004 2459455.723235932 21.750363484025 21.750363484025 0.0 0.0 0.0 5456440.625521667 1142618.3870567484 1.39375
59455.21871495 2459455.7239418197 22.76684157550335 22.76684157550335 0.0 0.0 1.0 5459084.118308118 1143179.2671107592 1.39375
59455.21942106 2459455.7246478912 23.783584535121918 23.783584535121918 0.0 0.0 0.0 5457435.234869723 1142821.3063974455 1.39375
59455.220126989996 2459455.725353782 24.80006732046604 24.80006732046604 0.0 0.0 1.0 5457799.064053729 1142875.888900927 1.39375
59455.2208331 2459455.7260598517 25.816807597875595 25.816807597875595 0.0 0.0 0.0 5456453.453267189 1142639.7728601906 1.39375
59455.221539025 2459455.7267657355 26.833280324935913 26.833280324935913 0.0 0.0 1.0 5458533.88361727 1143071.7511311204 1.39375
59455.22224514 2459455.727471808 27.85002462565899 27.85002462565899 0.0 0.0 0.0 5457532.255587844 1142820.3674799977 1.39375
59455.22295106 2459455.728177685 28.8664872944355 28.8664872944355 0.0 0.0 1.0 5459273.747190172 1143219.519822422 1.39375
59455.223657174996 2459455.728883756 29.883229583501816 29.883229583501816 0.0 0.0 0.0 5456688.436348006 1142656.607336813 1.39375
59455.2243631 2459455.729589636 30.899696946144104 30.899696946144104 0.0 0.0 1.0 5458813.86742292 1143173.5321013941 1.39375
59455.225069210006 2459455.7302957005 31.916429847478867 31.916429847478867 0.0 0.0 0.0 5455946.771723535 1142523.324949879 1.39375
59455.22577514 2459455.731001584 32.93290190398693 32.93290190398693 0.0 0.0 1.0 5458833.35575349 1143155.0670274554 1.39375
59455.226481245 2459455.731707642 33.94962541759014 33.94962541759014 0.0 0.0 0.0 5455206.520412271 1142355.607400805 1.39375
59455.227187175 2459455.7324135243 34.9660961329937 34.9660961329937 0.0 0.0 1.0 5460561.86069773 1143475.1808684433 1.39375
59455.227893285 2459455.733119586 35.98282501101494 35.98282501101494 0.0 0.0 0.0 5455638.818276326 1142497.2380201963 1.39375
59455.22859921 2459455.7338254624 36.9992870092392 36.9992870092392 0.0 0.0 1.0 5456942.0249174945 1142738.4259067306 1.39375
59455.229305325 2459455.7345315283 38.01602192223072 38.01602192223072 0.0 0.0 0.0 5454503.106831481 1142236.403280465 1.39375
59455.230011245 2459455.735237399 39.032475873827934 39.032475873827934 0.0 0.0 1.0 5458531.775389844 1143045.6842953335 1.39375
59455.23071736 2459455.735943464 40.04920944571495 40.04920944571495 0.0 0.0 0.0 5453941.130821758 1142108.406459654 1.39375
59455.231423285004 2459455.7366493386 41.065668761730194 41.065668761730194 0.0 0.0 1.0 5460741.199515737 1143520.4334629846 1.39375
59455.268981245 2459455.7742054434 95.14645971357822 0.0 0.0 1.0 0.0 5434731.253685108 1138149.6457830148 1.39375
59455.269687175 2459455.774911353 96.1629693210125 1.0165096074342728 0.0 1.0 1.0 5426314.514350781 1136407.6891491017 1.39375
59455.270393285 2459455.7756174426 97.17973843216896 2.0332787185907364 0.0 1.0 0.0 5437843.486512097 1138771.3369290135 1.39375
59455.271099210004 2459455.776323346 98.19623932242393 3.0497796088457108 0.0 1.0 1.0 5428614.133985521 1136866.9554062292 1.39375
59455.271805325 2459455.77702944 99.21301446855068 4.066554754972458 0.0 1.0 0.0 5439878.931278538 1139217.661015669 1.39375
59455.272511245 2459455.777735338 100.22950798273087 5.083048269152641 0.0 1.0 1.0 5428736.782399095 1136938.0944908026 1.39375
59455.273217359994 2459455.77844143 101.2462804466486 6.0998207330703735 0.0 1.0 0.0 5440258.701948753 1139276.2251542932 1.39375
59455.273923285 2459455.7791473316 102.26277865469456 7.116318941116333 0.0 1.0 1.0 5429043.386722639 1136981.4438167324 1.39375
59455.274629395004 2459455.779853418 103.27954307198524 8.13308335840702 0.0 1.0 0.0 5440688.12805288 1139377.3205104987 1.39375
59455.275335325 2459455.7805593233 104.29604664444923 9.14958693087101 0.0 1.0 1.0 5429547.699660513 1136986.2190440039 1.39375
59455.27604143 2459455.7812654027 105.31280100345612 10.166341289877892 0.0 1.0 0.0 5439417.715500766 1139130.8535151717 1.39375
59455.276747359996 2459455.7819713065 106.32930256426334 11.18284285068512 0.0 1.0 1.0 5430423.8194361245 1137234.3921976378 1.39375
59455.27745347 2459455.7826773897 107.34606228768826 12.199602574110031 0.0 1.0 0.0 5440239.407720337 1139266.4536085266 1.39375
59455.278159395 2459455.7833832866 108.36255379021168 13.216094076633453 0.0 1.0 1.0 5429462.651733794 1137129.1250722022 1.39375
59455.27886551 2459455.784089373 109.37931820750237 14.232858493924141 0.0 1.0 0.0 5441555.678723571 1139577.1625677606 1.39375
59455.27957143 2459455.784795263 110.39579965174198 15.249339938163757 0.0 1.0 1.0 5428062.828843916 1136707.195182366 1.39375
59455.280277544996 2459455.7855013474 111.41256138682365 16.26610167324543 0.0 1.0 0.0 5441358.703659414 1139572.8327799556 1.39375
59455.28098347 2459455.78620724 112.4290468543768 17.28258714079857 0.0 1.0 1.0 5428291.349198113 1136757.7074684976 1.39375
59455.281689580006 2459455.7869133176 113.44579853117466 18.299338817596436 0.0 1.0 0.0 5438914.545066609 1139076.88476959 1.39375
59455.28239551 2459455.7876192136 114.46228869259357 19.31582897901535 0.0 1.0 1.0 5429495.025606793 1137061.4696499987 1.39375
59455.283101615 2459455.7883252837 115.47902964055538 20.332569926977158 0.0 1.0 0.0 5439509.054432524 1139126.8976229646 1.39375
59455.283807545 2459455.7890311778 116.49551711976528 21.349057406187057 0.0 1.0 1.0 5430871.105652994 1137293.8545849603 1.39375
59455.284513655 2459455.789737251 117.51226276159286 22.36580304801464 0.0 1.0 0.0 5437220.455527764 1138724.403423131 1.39375
59455.28521958 2459455.790443138 118.52874018251896 23.382280468940735 0.0 1.0 1.0 5428795.269953708 1136879.3145989438 1.39375
59455.285925695 2459455.7911492144 119.54548984766006 24.39903013408184 0.0 1.0 0.0 5439283.351715852 1139083.8180765447 1.39375
59455.286631615 2459455.791855094 120.5619565397501 25.415496826171875 0.0 1.0 1.0 5427658.925658184 1136721.8272463481 1.39375
59455.28733773 2459455.792561169 121.57870419323444 26.43224447965622 0.0 1.0 0.0 5441030.906833246 1139527.6678511938 1.39375
59455.288043655004 2459455.7932670517 122.59517557919025 27.44871586561203 0.0 1.0 1.0 5429161.344284231 1136958.9460324862 1.39375
59455.288749765 2459455.793973119 123.61191250383854 28.465452790260315 0.0 1.0 0.0 5438354.150831152 1138911.5338748032 1.39375
59455.289455695 2459455.794679005 124.62838858366013 29.4819288700819 0.0 1.0 1.0 5426452.475013843 1136377.0301006057 1.39375
59455.2901618 2459455.795385066 125.64511612057686 30.498656406998634 0.0 1.0 0.0 5438009.567136313 1138862.1885450766 1.39375
59455.29086773 2459455.7960909507 126.66159018874168 31.51513047516346 0.0 1.0 1.0 5427273.488640481 1136616.6377233523 1.39375
59455.29157384 2459455.796797015 127.67832241952419 32.53186270594597 0.0 1.0 0.0 5439508.659738954 1139103.1346929814 1.39375
59455.292279764995 2459455.797502893 128.69478709995747 33.54832738637924 0.0 1.0 1.0 5427324.615291568 1136545.6262327558 1.39375
59455.292985880005 2459455.7982089603 129.71152402460575 34.56506431102753 0.0 1.0 0.0 5437313.775949385 1138706.1262683612 1.39375
59455.293691800005 2459455.7989148325 130.72797998785973 35.5815202742815 0.0 1.0 1.0 5426096.947389959 1136353.7148684415 1.39375
59455.294397915 2459455.799620899 131.7447155714035 36.59825585782528 0.0 1.0 0.0 5439101.115185814 1139075.189573718 1.39375
59455.29510384 2459455.8003267753 132.76117756962776 37.61471785604954 0.0 1.0 1.0 5424340.662669601 1135944.758502645 1.39375
59455.295809949996 2459455.801032836 133.7779051065445 38.63144539296627 0.0 1.0 0.0 5436919.8770377645 1138659.992555169 1.39375
59455.29651588 2459455.801738716 134.79437246918678 39.64791275560856 0.0 1.0 1.0 5427500.969029064 1136662.193817174 1.39375
59455.297221985 2459455.802444771 135.81109128892422 40.66463157534599 0.0 1.0 0.0 5435521.945524969 1138263.8195829873 1.39375
59455.297927915 2459455.8031506506 136.82755798101425 41.68109826743603 0.0 1.0 1.0 5423317.76488796 1135780.4634328873 1.39375
59455.335150135 2459455.840371036 190.42491294443607 0.0 0.0 2.0 0.0 5421303.722802203 1135254.6912004175 1.39375
59455.33585625 2459455.8410771303 191.44168876111507 1.0167758166790009 0.0 2.0 1.0 5424609.245173465 1135985.5183695948 1.39375
59455.33656217 2459455.8417830295 192.45818361639977 2.0332706719636917 0.0 2.0 0.0 5426370.148744165 1136399.8258865445 1.39375
59455.337268285 2459455.8424891233 193.4749587625265 3.050045818090439 0.0 2.0 1.0 5425108.096304102 1136041.1448964213 1.39375
59455.33797421 2459455.8431950263 194.49145898222923 4.0665460377931595 0.0 2.0 0.0 5428094.751930979 1136686.3808761132 1.39375
59455.33868032 2459455.843901114 195.50822541117668 5.083312466740608 0.0 2.0 1.0 5424953.182003267 1136014.3365200968 1.39375
59455.339386249994 2459455.8446070217 196.52473233640194 6.099819391965866 0.0 2.0 0.0 5427462.921580092 1136570.3847348392 1.39375
59455.340092355 2459455.8453131034 197.5414900481701 7.116577103734016 0.0 2.0 1.0 5425600.929048063 1136188.2972450082 1.39375
59455.340798285004 2459455.846019009 198.55799429118633 8.13308134675026 0.0 2.0 0.0 5427634.5259885695 1136632.038470592 1.39375
59455.341504395 2459455.8467250946 199.5747573673725 9.14984442293644 0.0 2.0 1.0 5425055.4078519335 1136074.9236501744 1.39375
59455.34221032 2459455.847430994 200.5912522226572 10.16633927822113 0.0 2.0 0.0 5428324.759662885 1136858.604372374 1.39375
59455.342916435 2459455.848137083 201.6080206632614 11.18310771882534 0.0 2.0 1.0 5425786.604443167 1136228.7480912015 1.39375
59455.343622355 2459455.848842975 202.6245054602623 12.199592515826225 0.0 2.0 0.0 5429590.08760403 1137039.039166384 1.39375
59455.344328470004 2459455.8495490626 203.6412712186575 13.21635827422142 0.0 2.0 1.0 5423618.159172456 1135766.3301727728 1.39375
59455.345034394995 2459455.8502549585 204.6577613800764 14.232848435640335 0.0 2.0 0.0 5428927.918073108 1136898.1308681844 1.39375
59455.345740505 2459455.850961039 205.6745170801878 15.249604135751724 0.0 2.0 1.0 5426285.270268409 1136323.7229089234 1.39375
59455.346446434996 2459455.8516669376 206.69101126492023 16.26609832048416 0.0 2.0 0.0 5429027.981879207 1136883.5362827023 1.39375
59455.347152539995 2459455.852373011 207.70775690674782 17.282843962311745 0.0 2.0 1.0 5427235.3026289195 1136534.6471570118 1.39375
59455.347858470006 2459455.853078908 208.72424840927124 18.299335464835167 0.0 2.0 0.0 5428901.303049394 1136895.492140395 1.39375
59455.34856458 2459455.8537849844 209.7409987449646 19.316085800528526 0.0 2.0 1.0 5424632.199008365 1135982.8866276848 1.39375
59455.349270505 2459455.8544908743 210.75748018920422 20.332567244768143 0.0 2.0 0.0 5427383.3338577375 1136575.2050829986 1.39375
59455.34997662 2459455.8551969533 211.77423387765884 21.34932093322277 0.0 2.0 1.0 5423767.729508788 1135794.6705132953 1.39375
59455.350682539996 2459455.855902836 212.79070526361465 22.36579231917858 0.0 2.0 0.0 5428893.078120152 1136902.3164057902 1.39375
59455.351388655 2459455.8566089137 213.80745694041252 23.382543995976448 0.0 2.0 1.0 5424899.08840096 1136034.3461206323 1.39375
59455.35209458 2459455.8573147994 214.82393234968185 24.39901940524578 0.0 2.0 0.0 5426550.290010804 1136379.4353364964 1.39375
59455.35280069 2459455.8580208695 215.84067329764366 25.415760353207588 0.0 2.0 1.0 5425235.579543213 1136105.2037265925 1.39375
59455.35350662 2459455.8587267585 216.85715340077877 26.432240456342697 0.0 2.0 0.0 5425689.593263911 1136199.248414707 1.39375
59455.35421273 2459455.8594328267 217.87389166653156 27.44897872209549 0.0 2.0 1.0 5422394.168311732 1135484.1234747674 1.39375
59455.354918655 2459455.8601387087 218.89036171138287 28.465448766946793 0.0 2.0 0.0 5424861.83259798 1136076.190086331 1.39375
59455.355624765 2459455.8608447756 219.9070979654789 29.482185021042824 0.0 2.0 1.0 5422506.250799165 1135611.8911647273 1.39375
59455.35633069 2459455.8615506557 220.92356532812119 30.498652383685112 0.0 2.0 0.0 5428087.519123838 1136722.233822388 1.39375
59455.357036805 2459455.8622567253 221.94030560553074 31.515392661094666 0.0 2.0 1.0 5423553.27188135 1135776.090435213 1.39375
59455.35774273 2459455.8629626045 222.95677162706852 32.531858682632446 0.0 2.0 0.0 5426207.594403367 1136347.518480485 1.39375
59455.358448839994 2459455.863668668 223.97350318729877 33.5485902428627 0.0 2.0 1.0 5422301.2741426965 1135478.7393658056 1.39375
59455.359154765 2459455.8643745454 224.98996652662754 34.56505358219147 0.0 2.0 0.0 5425502.405523184 1136221.295768874 1.39375
59455.359860875 2459455.8650806076 226.00669607520103 35.58178313076496 0.0 2.0 1.0 5423383.675742391 1135772.9531502994 1.39375
59455.360566805 2459455.865786489 227.02316544950008 36.59825250506401 0.0 2.0 0.0 5427649.513314857 1136628.7571500964 1.39375
59455.361272915005 2459455.8664925494 228.03989231586456 37.61497937142849 0.0 2.0 1.0 5420291.070409961 1135051.879375047 1.39375
59455.361978839996 2459455.8671984253 229.05635364353657 38.631440699100494 0.0 2.0 0.0 5425464.296154561 1136197.4736189581 1.39375
59455.36268495 2459455.8679044857 230.07308050990105 39.64816756546497 0.0 2.0 1.0 5422151.393585355 1135446.756426134 1.39375
59455.363390875 2459455.8686103607 231.08954049646854 40.66462755203247 0.0 2.0 0.0 5425681.97200232 1136220.6045407134 1.39375
59455.36409699 2459455.869316425 232.1062733978033 41.68136045336723 0.0 2.0 1.0 5422674.629501373 1135562.3559121906 1.39375
59455.40133069 2459455.9065482863 285.7201534509659 0.0 0.0 3.0 0.0 5408895.599232461 1132827.45886553 1.39375
59455.402036805 2459455.9072543806 286.7369292676449 1.0167758166790009 0.0 3.0 1.0 5403710.435500957 1131661.741113471 1.39375
59455.40274273 2459455.9079602845 287.7534308284521 2.033277377486229 0.0 3.0 0.0 5411831.251185894 1133425.8091991032 1.39375
59455.40344884 2459455.9086663737 288.7701992690563 3.050045818090439 0.0 3.0 1.0 5406889.399317236 1132388.6077473254 1.39375
59455.404154765 2459455.9093722766 289.78669948875904 4.0665460377931595 0.0 3.0 0.0 5413333.370392128 1133695.624945775 1.39375
59455.404860875 2459455.9100783644 290.8034659177065 5.083312466740608 0.0 3.0 1.0 5406033.072288314 1132191.9838222214 1.39375
59455.405566805 2459455.9107842715 291.8199721723795 6.099818721413612 0.0 3.0 0.0 5414173.764403425 1133940.3120630193 1.39375
59455.406272915 2459455.9114903584 292.83673726022243 7.116583809256554 0.0 3.0 1.0 5407956.551210095 1132585.3776504348 1.39375
59455.406978839994 2459455.912196259 293.8532341271639 8.133080676198006 0.0 3.0 0.0 5411921.291186908 1133392.9163743292 1.39375
59455.40768495 2459455.9129023445 294.86999720335007 9.149843752384186 0.0 3.0 1.0 5405693.59367589 1132099.785111839 1.39375
59455.408390875 2459455.9136082437 295.88649205863476 10.166338607668877 0.0 3.0 0.0 5414935.187636279 1134050.1892026549 1.39375
59455.40909699 2459455.914314332 296.90325915813446 11.183105707168579 0.0 3.0 1.0 5409051.095085687 1132861.30588251 1.39375
59455.409802915005 2459455.91502023 297.91975267231464 12.199599221348763 0.0 3.0 0.0 5413560.453005119 1133784.566333019 1.39375
59455.410509025 2459455.915726312 298.9365103840828 13.216356933116913 0.0 3.0 1.0 5409428.98307118 1132872.4940942263 1.39375
59455.41121495 2459455.916432208 299.9530005455017 14.232847094535828 0.0 3.0 0.0 5416470.395504246 1134362.9881391118 1.39375
59455.411921060004 2459455.917138288 300.96975557506084 15.249602124094963 0.0 3.0 1.0 5404472.983596234 1131892.1685252157 1.39375
59455.41262699 2459455.917844187 301.98625043034554 16.266096979379654 0.0 3.0 0.0 5416681.721406553 1134387.6477251884 1.39375
59455.4133331 2459455.9185502646 303.0030021071434 17.28284865617752 0.0 3.0 1.0 5404560.636037999 1131848.8099973004 1.39375
59455.414039024996 2459455.9192561572 304.01948757469654 18.29933412373066 0.0 3.0 0.0 5411205.57046023 1133292.2520262878 1.39375
59455.414745140006 2459455.919962238 305.0362439453602 19.316090494394302 0.0 3.0 1.0 5402912.900634905 1131551.0698296265 1.39375
59455.415451060006 2459455.920668123 306.052718013525 20.332564562559128 0.0 3.0 0.0 5409258.716204214 1132853.0224929454 1.39375
59455.416157175 2459455.921374202 307.06947170197964 21.349318251013756 0.0 3.0 1.0 5397279.097816188 1130398.0694670903 1.39375
59455.4168631 2459455.9220800903 308.0859511345625 22.36579768359661 0.0 3.0 0.0 5407466.761906887 1132530.9311454478 1.39375
59455.417569209996 2459455.922786162 309.10269409418106 23.38254064321518 0.0 3.0 1.0 5399189.599133071 1130810.3566543385 1.39375
59455.41827514 2459455.923492053 310.11917755007744 24.399024099111557 0.0 3.0 0.0 5403547.940841114 1131736.7096569715 1.39375
59455.418981245 2459455.9241981176 311.1359104514122 25.41575700044632 0.0 3.0 1.0 5393019.527705918 1129481.0310665732 1.39375
59455.419687175 2459455.924904007 312.15239122509956 26.432237774133682 0.0 3.0 0.0 5404141.865779107 1131776.9944318994 1.39375
59455.420393285 2459455.925610075 313.1691288203001 27.44897536933422 0.0 3.0 1.0 5392824.427125234 1129495.0791550528 1.39375
59455.42109921 2459455.926315957 314.18559953570366 28.465446084737778 0.0 3.0 0.0 5403065.393211461 1131565.7441918596 1.39375
59455.421805325 2459455.9270220282 315.20234182477 29.482188373804092 0.0 3.0 1.0 5395345.134919406 1130050.8277753564 1.39375
59455.422511245 2459455.927727904 316.218803152442 30.498649701476097 0.0 3.0 0.0 5403732.8560804995 1131726.683854865 1.39375
59455.42321736 2459455.9284339733 317.2355427592993 31.515389308333397 0.0 3.0 1.0 5393612.974360718 1129657.5765028268 1.39375
59455.423923285 2459455.9291398525 318.25200878083706 32.53185532987118 0.0 3.0 0.0 5402727.917448406 1131560.2801738356 1.39375
59455.424629395 2459455.9298459156 319.26873967051506 33.54858621954918 0.0 3.0 1.0 5391336.85913584 1129176.3396692693 1.39375
59455.425335325 2459455.930551798 320.2852103859186 34.565056934952736 0.0 3.0 0.0 5401341.248558253 1131209.2785022475 1.39375
59455.42604143 2459455.931257855 321.3019325584173 35.58177910745144 0.0 3.0 1.0 5391813.826432047 1129180.2410539808 1.39375
59455.426747360005 2459455.931963736 322.3184012621641 36.598247811198235 0.0 3.0 0.0 5401214.518323293 1131260.0458909038 1.39375
59455.42745347 2459455.9326697974 323.3351294696331 37.61497601866722 0.0 3.0 1.0 5391876.408450987 1129284.5632833284 1.39375
59455.428159395 2459455.9333756734 324.3515907973051 38.631437346339226 0.0 3.0 0.0 5399147.536094384 1130810.3873280368 1.39375
59455.428865509995 2459455.9340817383 325.3683243691921 39.64817091822624 0.0 3.0 1.0 5392843.64135963 1129449.6367212445 1.39375
59455.429571429995 2459455.934787608 326.38477697968483 40.66462352871895 0.0 3.0 0.0 5399162.449234006 1130788.531660589 1.39375
59455.430277545 2459455.9354936727 327.4015098810196 41.68135643005371 0.0 3.0 1.0 5392958.574019464 1129517.760356575 1.39375
59455.467488099996 2459455.9727023863 380.98205745220184 0.0 0.0 4.0 0.0 5382608.517092157 1127420.6548207975 1.39375
59455.46819421 2459455.9734084755 381.99882589280605 1.01676844060421 0.0 4.0 1.0 5375937.164341726 1126068.3792435357 1.39375
59455.468900135 2459455.9741143794 383.0153274536133 2.033270001411438 0.0 4.0 0.0 5386127.452502847 1128126.1662967568 1.39375
59455.46960625 2459455.974820473 384.03210259974 3.050045147538185 0.0 4.0 1.0 5374367.688118494 1125714.0849854562 1.39375
59455.47031217 2459455.9755263715 385.0485961139202 4.0665386617183685 0.0 4.0 0.0 5385223.920653179 1127980.1940959773 1.39375
59455.471018284996 2459455.976232464 386.0653692483902 5.0833117961883545 0.0 4.0 1.0 5378415.931196284 1126519.563934999 1.39375
59455.47172421 2459455.976938366 387.0818681269884 6.099810674786568 0.0 4.0 0.0 5388538.96638389 1128653.673452433 1.39375
59455.472430320006 2459455.9776444524 388.0986325442791 7.116575092077255 0.0 4.0 1.0 5378457.801542068 1126497.0984139128 1.39375
59455.47313625 2459455.9783503585 389.1151374578476 8.133080005645752 0.0 4.0 0.0 5388236.740051579 1128593.0372612302 1.39375
59455.473842355 2459455.9790564384 390.13189248740673 9.149835035204887 0.0 4.0 1.0 5377190.782957076 1126241.614701534 1.39375
59455.474548285 2459455.9797623428 391.1483947187662 10.16633726656437 0.0 4.0 0.0 5387839.2614384815 1128499.7991490562 1.39375
59455.475254395 2459455.9804684264 392.1651551127434 11.183097660541534 0.0 4.0 1.0 5380439.515403817 1126953.3072339462 1.39375
59455.47596032 2459455.981174324 393.1816479563713 12.199590504169464 0.0 4.0 0.0 5387164.509144169 1128402.1904063856 1.39375
59455.476666435 2459455.981880411 394.19841304421425 13.216355592012405 0.0 4.0 1.0 5378339.408019101 1126496.2467706862 1.39375
59455.477372355 2459455.982586302 395.2148958295584 14.23283837735653 0.0 4.0 0.0 5387555.293038636 1128478.2279826424 1.39375
59455.47807847 2459455.983292387 396.2316582351923 15.249600782990456 0.0 4.0 1.0 5379794.37124169 1126800.8294976025 1.39375
59455.478784395 2459455.9839982805 397.24814504384995 16.266087591648102 0.0 4.0 0.0 5389262.783375789 1128756.2427629093 1.39375
59455.479490505 2459455.984704359 398.2648980617523 17.282840609550476 0.0 4.0 1.0 5376904.089054347 1126212.132237975 1.39375
59455.480196435004 2459455.985410256 399.28138956427574 18.2993321120739 0.0 4.0 0.0 5389664.46968626 1128873.2702963483 1.39375
59455.48090254 2459455.986116327 400.29813185334206 19.316074401140213 0.0 4.0 1.0 5379094.786916653 1126678.4534747393 1.39375
59455.48160847 2459455.986822222 401.31462067365646 20.33256322145462 0.0 4.0 0.0 5390471.096514682 1129050.3022008447 1.39375
59455.482314580004 2459455.9875282957 402.3313669860363 21.349309533834457 0.0 4.0 1.0 5378233.6248917 1126468.4946711874 1.39375
59455.483020505 2459455.9882341833 403.34784507751465 22.365787625312805 0.0 4.0 0.0 5391332.310151274 1129238.1489569484 1.39375
59455.483726620005 2459455.988940261 404.3645967543125 23.382539302110672 0.0 4.0 1.0 5378874.045631144 1126645.4813686276 1.39375
59455.484432540004 2459455.9896461414 405.38106478750706 24.399007335305214 0.0 4.0 0.0 5390023.769345752 1128915.181085606 1.39375
59455.485138655 2459455.9903522166 406.39781311154366 25.415755659341812 0.0 4.0 1.0 5378190.316100375 1126450.9582703006 1.39375
59455.48584458 2459455.9910581005 407.414285838604 26.43222838640213 0.0 4.0 0.0 5389716.8748292215 1128926.2442504775 1.39375
59455.486550689995 2459455.9917641687 408.43102410435677 27.448966652154922 0.0 4.0 1.0 5379644.284791184 1126748.2714942684 1.39375
59455.48725662 2459455.9924700554 409.4475008547306 28.465443402528763 0.0 4.0 0.0 5390802.294394945 1129131.6956883406 1.39375
59455.48796273 2459455.993176122 410.46423710882664 29.482179656624794 0.0 4.0 1.0 5377343.01944478 1126312.4028369046 1.39375
59455.488668655 2459455.9938820023 411.4807044714689 30.498647019267082 0.0 4.0 0.0 5389389.5352655025 1128867.4128385347 1.39375
59455.489374765 2459455.994588067 412.4974373728037 31.515379920601845 0.0 4.0 1.0 5377663.537069446 1126328.8176117325 1.39375
59455.49008069 2459455.9952939455 413.5139027237892 32.53184527158737 0.0 4.0 0.0 5388576.084687222 1128651.8314331085 1.39375
59455.490786805 2459455.996000014 414.530640989542 33.548583537340164 0.0 4.0 1.0 5378324.698186324 1126517.0006684298 1.39375
59455.49149273 2459455.9967058916 415.547104999423 34.565047547221184 0.0 4.0 0.0 5387223.656307209 1128383.6956810527 1.39375
59455.49219884 2459455.9974119533 416.56383387744427 35.581776425242424 0.0 4.0 1.0 5377396.46497024 1126345.5255321471 1.39375
59455.492904765 2459455.9981178297 417.5802958756685 36.59823842346668 0.0 4.0 0.0 5389303.805315687 1128797.9014791634 1.39375
59455.493610875 2459455.998823891 418.5970240831375 37.61496663093567 0.0 4.0 1.0 5378911.067102336 1126664.2034569778 1.39375
59455.494316805 2459455.9995297715 419.61349211633205 38.63143466413021 0.0 4.0 0.0 5389319.082265901 1128831.8774637461 1.39375
59455.495022915 2459456.0002358314 420.6302183121443 39.648160859942436 0.0 4.0 1.0 5379977.116766285 1126874.9825711767 1.39375
59455.495728840004 2459456.0009417064 421.6466782987118 40.66462084650993 0.0 4.0 0.0 5388343.334320876 1128610.8642455481 1.39375
59455.49643495 2459456.0016477657 422.66340382397175 41.681346371769905 0.0 4.0 1.0 5374799.387744937 1125745.8418076872 1.39375
59455.533657175 2459456.038868145 476.26075007021427 0.0 0.0 5.0 0.0 5375010.36555961 1125786.870932646 1.39375
59455.534363285 2459456.0395742343 477.2775185108185 1.01676844060421 0.0 5.0 1.0 5373722.955480957 1125484.5186172575 1.39375
59455.535069210004 2459456.040280138 478.2940200716257 2.033270001411438 0.0 5.0 0.0 5377881.659951704 1126344.4964207043 1.39375
59455.535775325 2459456.040986231 479.31079387664795 3.0500438064336777 0.0 5.0 1.0 5376531.669510941 1126079.1517745436 1.39375
59455.536481245 2459456.0416921293 480.32728739082813 4.066537320613861 0.0 5.0 0.0 5378734.55609628 1126557.9169897542 1.39375
59455.537187359994 2459456.0423982223 481.3440611958504 5.083311125636101 0.0 5.0 1.0 5375952.2230088515 1125953.7087395815 1.39375
59455.537893285 2459456.0431041243 482.3605600744486 6.099810004234314 0.0 5.0 0.0 5379442.272603583 1126695.6089168761 1.39375
59455.538599395004 2459456.0438102107 483.3773244917393 7.1165744215250015 0.0 5.0 1.0 5375252.103481179 1125853.310675276 1.39375
59455.539305325 2459456.0445161164 484.3938287347555 8.133078664541245 0.0 5.0 0.0 5381052.569484064 1127013.4001474266 1.39375
59455.54001143 2459456.0452221963 485.41058376431465 9.14983369410038 0.0 5.0 1.0 5377078.859698303 1126193.5917247303 1.39375
59455.540717359996 2459456.0459281006 486.42708599567413 10.166335925459862 0.0 5.0 0.0 5377974.026745875 1126461.8064546906 1.39375
59455.54142347 2459456.0466341837 487.44384571909904 11.183095648884773 0.0 5.0 1.0 5376189.322332824 1126033.9018989988 1.39375
59455.542129395 2459456.0473400815 488.460338562727 12.199588492512703 0.0 5.0 0.0 5382770.252998276 1127402.456297071 1.39375
59455.54283551 2459456.0480461684 489.4771036505699 13.216353580355644 0.0 5.0 1.0 5378147.94301813 1126425.6066377552 1.39375
59455.54354143 2459456.048752059 490.49358643591404 14.232836365699768 0.0 5.0 0.0 5383552.552456986 1127552.805010579 1.39375
59455.544247544996 2459456.0494581438 491.5103481709957 15.24959810078144 0.0 5.0 1.0 5378839.110063158 1126613.7477583396 1.39375
59455.54495347 2459456.050164038 492.5268356502056 16.26608557999134 0.0 5.0 0.0 5383317.816523923 1127492.2798764077 1.39375
59455.545659580006 2459456.050870116 493.54358799755573 17.28283792734146 0.0 5.0 1.0 5376337.096036138 1126022.2789437475 1.39375
59455.54636551 2459456.051576013 494.5600801706314 18.299330100417137 0.0 5.0 0.0 5381986.318854529 1127212.3031388016 1.39375
59455.547071615 2459456.052282084 495.57682178914547 19.316071718931198 0.0 5.0 1.0 5376926.159121157 1126187.5005568867 1.39375
59455.547777545 2459456.052987979 496.5933106094599 20.332560539245605 0.0 5.0 0.0 5382624.438476218 1127327.6215449616 1.39375
59455.548483655 2459456.053694052 497.61005625128746 21.34930618107319 0.0 5.0 1.0 5378413.733582014 1126453.9472191602 1.39375
59455.54918958 2459456.0543999407 498.6265356838703 22.365785613656044 0.0 5.0 0.0 5384832.215737299 1127803.7491743695 1.39375
59455.549895695 2459456.0551060173 499.6432860195637 23.382535949349403 0.0 5.0 1.0 5377979.665864103 1126372.913595976 1.39375
59455.550601615 2459456.0558118983 500.65975472331047 24.3990046530962 0.0 5.0 0.0 5383813.049450897 1127585.3801955949 1.39375
59455.55130773 2459456.056517973 501.6765023767948 25.415752306580544 0.0 5.0 1.0 5378926.151815131 1126584.258485331 1.39375
59455.552013655004 2459456.057223857 502.69297510385513 26.43222503364086 0.0 5.0 0.0 5384485.075034931 1127754.18056696 1.39375
59455.552719765 2459456.0579299247 503.7097126990557 27.4489626288414 0.0 5.0 1.0 5378231.4426518725 1126464.7985301574 1.39375
59455.553425695 2459456.058635812 504.72619011998177 28.465440049767494 0.0 5.0 0.0 5384168.418190116 1127690.7584438124 1.39375
59455.5541318 2459456.059341873 505.74291832745075 29.48216825723648 0.0 5.0 1.0 5383574.988205958 1127569.579136734 1.39375
59455.55483773 2459456.0600477583 506.75939306616783 30.49864299595356 0.0 5.0 0.0 5387956.644816161 1128460.3673904766 1.39375
59455.55554384 2459456.0607538233 507.77612663805485 31.515376567840576 0.0 5.0 1.0 5383593.960681754 1127507.2651245932 1.39375
59455.556249764995 2459456.0614597024 508.79259265959263 32.53184258937836 0.0 5.0 0.0 5392144.909489619 1129338.368638071 1.39375
59455.556955880005 2459456.06216577 509.80933025479317 33.548580184578896 0.0 5.0 1.0 5385078.668016716 1127822.3257692517 1.39375
59455.557661800005 2459456.062871643 510.8257868885994 34.565036818385124 0.0 5.0 0.0 5391915.052324768 1129247.7835523766 1.39375
59455.558367915 2459456.0635777097 511.8425231426954 35.581773072481155 0.0 5.0 1.0 5386917.81647529 1128198.8426502808 1.39375
59455.55907384 2459456.0642835856 512.8589844703674 36.59823440015316 0.0 5.0 0.0 5391827.038237559 1129215.2689972285 1.39375
59455.559779949996 2459456.064989647 513.8757126778364 37.61496260762215 0.0 5.0 1.0 5387427.872001204 1128357.9736863738 1.39375
59455.56048588 2459456.0656955275 514.892180711031 38.63143064081669 0.0 5.0 0.0 5390234.418375896 1128932.9463773302 1.39375
59455.561191985 2459456.0664015827 515.9089002013206 39.64815013110638 0.0 5.0 1.0 5385970.242915039 1128005.7575223274 1.39375
59455.561897915 2459456.0671074623 516.9253668934107 40.66461682319641 0.0 5.0 0.0 5389009.888077798 1128662.711469854 1.39375
59455.562604025 2459456.067813522 517.9420930892229 41.68134301900864 0.0 5.0 1.0 5383100.832880842 1127469.0440254016 1.39375
59455.600555325 2459456.1057629506 572.5892700254917 0.0 0.0 6.0 0.0 5376287.754933308 1126096.168026035 1.39375
59455.60126143 2459456.106469034 573.6060304194689 1.0167603939771652 0.0 6.0 1.0 5366601.352019505 1124073.9009196584 1.39375
59455.601967359995 2459456.1071749427 574.6225386857986 2.0332686603069305 0.0 6.0 0.0 5379701.907184875 1126816.9461526254 1.39375
59455.60267347 2459456.107881031 575.6393057852983 3.050035759806633 0.0 6.0 1.0 5369968.6474062605 1124745.6488819267 1.39375
59455.603379395005 2459456.108586933 576.6558046638966 4.066534638404846 0.0 6.0 0.0 5379923.242163248 1126820.5754581045 1.39375
59455.60408551 2459456.1092930255 577.6725777983665 5.083307772874832 0.0 6.0 1.0 5370419.381967615 1124795.932771592 1.39375
59455.60479143 2459456.1099989214 578.6890679597855 6.099797934293747 0.0 6.0 0.0 5382893.965341983 1127472.8425848566 1.39375
59455.605497545 2459456.110705012 579.7058384120464 7.116568386554718 0.0 6.0 1.0 5368351.19626408 1124404.7843038817 1.39375
59455.60620347 2459456.111410912 580.7223346084356 8.133064582943916 0.0 6.0 0.0 5380777.652449082 1127087.7412124295 1.39375
59455.606909580005 2459456.112116996 581.739095672965 9.149825647473335 0.0 6.0 1.0 5370962.727428201 1124924.352698331 1.39375
59455.60761551 2459456.1128228996 582.75559656322 10.16632653772831 0.0 6.0 0.0 5385065.210216068 1127971.0310444913 1.39375
59455.608321615 2459456.113528977 583.7723482400179 11.183078214526176 0.0 6.0 1.0 5371686.999233282 1125050.1117334294 1.39375
59455.609027545 2459456.1142348787 584.7888464480639 12.199576422572136 0.0 6.0 0.0 5382874.138811262 1127478.5480026938 1.39375
59455.60973347 2459456.114940774 585.8053359389305 13.216065913438797 0.0 6.0 1.0 5370540.581432166 1124832.1945099884 1.39375
59455.61043958 2459456.115646854 586.8220909684896 14.232820942997932 0.0 6.0 0.0 5381683.8921240885 1127206.5011607183 1.39375
59455.611145695 2459456.116352938 587.8388520330191 15.249582007527351 0.0 6.0 1.0 5370967.670812074 1124950.894131579 1.39375
59455.611851615 2459456.1170588257 588.8553301244974 16.2660600990057 0.0 6.0 0.0 5381968.9223100245 1127272.3028861347 1.39375
59455.612557545 2459456.1177647226 589.8718216270208 17.28255160152912 0.0 6.0 1.0 5368883.664828166 1124511.129184126 1.39375
59455.613263655 2459456.1184707982 590.8885706216097 18.299300596117973 0.0 6.0 0.0 5381614.868795171 1127209.570251761 1.39375
59455.613969765 2459456.1191768735 591.9053189456463 19.31604892015457 0.0 6.0 1.0 5369361.824767558 1124632.4082347348 1.39375
59455.614675695004 2459456.119882767 592.9218057543039 20.332535728812218 0.0 6.0 0.0 5382277.422621034 1127365.1847603486 1.39375
59455.6153818 2459456.120588835 593.9385433495045 21.349273324012756 0.0 6.0 1.0 5369733.347531658 1124673.5085706809 1.39375
59455.61608773 2459456.1212947266 594.9550274759531 22.365757450461388 0.0 6.0 0.0 5384657.097773066 1127832.210189563 1.39375
59455.61679384 2459456.1220007977 595.9717697650194 23.382499739527702 0.0 6.0 1.0 5369291.757986028 1124559.543205903 1.39375
59455.617499765 2459456.1227066824 596.9882438331842 24.398973807692528 0.0 6.0 0.0 5383100.684328416 1127529.4801808177 1.39375
59455.618205880004 2459456.123412756 598.0049894750118 25.41571944952011 0.0 6.0 1.0 5369747.482850271 1124694.8335149556 1.39375
59455.618911800004 2459456.124118634 599.0214541554451 26.432184129953384 0.0 6.0 0.0 5380096.822982504 1126924.8651982062 1.39375
59455.619617915 2459456.124824706 600.0381977856159 27.448927760124207 0.0 6.0 1.0 5368331.367175042 1124336.0050582066 1.39375
59455.62032384 2459456.125530587 601.0546664893627 28.465396463871002 0.0 6.0 0.0 5382895.503465942 1127482.4843848273 1.39375
59455.621029949994 2459456.1262366525 602.071400731802 29.482130706310272 0.0 6.0 1.0 5370008.822288609 1124754.8908409372 1.39375
59455.621735880006 2459456.1269425373 603.0878747999668 30.498604774475098 0.0 6.0 0.0 5380433.29254255 1126971.6208875044 1.39375
59455.622441985004 2459456.127648596 604.1045996546745 31.515329629182816 0.0 6.0 1.0 5368802.744875111 1124506.92736368 1.39375
59455.623147915 2459456.128354479 605.1210710406303 32.531801015138626 0.0 6.0 0.0 5382305.326965197 1127396.8899652204 1.39375
59455.62385384 2459456.1290603564 606.1375343799591 33.54826435446739 0.0 6.0 1.0 5369423.026074671 1124625.611720082 1.39375
59455.624559949996 2459456.129766418 607.1542632579803 34.56499323248863 0.0 6.0 0.0 5382457.491923065 1127375.280946222 1.39375
59455.625266065 2459456.1304724845 608.1709988415241 35.58172881603241 0.0 6.0 1.0 5368309.205698468 1124349.987805626 1.39375
59455.625971985 2459456.1311783553 609.1874527931213 36.59818276762962 0.0 6.0 0.0 5381171.772835308 1127110.8026500626 1.39375
59455.626677915 2459456.131884236 610.2039208263159 37.614650800824165 0.0 6.0 1.0 5368855.649708357 1124493.9751221132 1.39375
59455.627384025 2459456.132590296 611.2206476926804 38.631377667188644 0.0 6.0 0.0 5380228.896259453 1126945.7341128574 1.39375
59455.628090135 2459456.1332963556 612.2373732179403 39.648103192448616 0.0 6.0 1.0 5369441.954639046 1124658.5282706716 1.39375
59455.670902540005 2459456.176106704 673.8842748105526 0.0 0.0 7.0 0.0 5367498.712222245 1124284.5308644883 1.39375
59455.671608655 2459456.1768127945 674.9010452628136 1.016770452260971 0.0 7.0 1.0 5368500.772618273 1124367.4560199976 1.39375
59455.67231458 2459456.1775186947 675.9175414592028 2.0332666486501694 0.0 7.0 0.0 5370616.371890364 1124871.414624028 1.39375
59455.673020505 2459456.1782245934 676.9340356439352 3.0497608333826065 0.0 7.0 1.0 5371274.813583631 1124992.191716583 1.39375
59455.67372662 2459456.178930682 677.9508034139872 4.066528603434563 0.0 7.0 0.0 5374780.200956584 1125696.700535191 1.39375
59455.67443273 2459456.1796367643 678.9675617963076 5.083286985754967 0.0 7.0 1.0 5371923.83225403 1125075.9916482419 1.39375
59455.675138655 2459456.180342661 679.984053298831 6.099778488278389 0.0 7.0 0.0 5373520.294055436 1125455.666255591 1.39375
59455.675844765 2459456.1810487416 681.0008089989424 7.116534188389778 0.0 7.0 1.0 5369854.622537658 1124668.8839064727 1.39375
59455.67655069 2459456.1817546366 682.0172978192568 8.133023008704185 0.0 7.0 0.0 5375310.316899863 1125830.8574417366 1.39375
59455.677256805 2459456.18246072 683.034058213234 9.14978340268135 0.0 7.0 1.0 5371473.95323196 1124994.8403452325 1.39375
59455.67796273 2459456.1831666133 684.0505443513393 10.166269540786743 0.0 7.0 0.0 5374887.512741843 1125711.691961044 1.39375
59455.678668655004 2459456.183872505 685.067028477788 11.182753667235374 0.0 7.0 1.0 5373293.921953325 1125404.6018153736 1.39375
59455.679374765 2459456.1845785812 686.0837781429291 12.19950333237648 0.0 7.0 0.0 5374459.15517549 1125660.7550958178 1.39375
59455.680080875 2459456.1852846555 687.1005251258612 13.21625031530857 0.0 7.0 1.0 5372684.557887212 1125237.9753838151 1.39375
59455.680786805 2459456.18599055 688.1170132756233 14.232738465070724 0.0 7.0 0.0 5376189.708271685 1126054.4488451842 1.39375
59455.681492915 2459456.1866966225 689.1337575763464 15.2494827657938 0.0 7.0 1.0 5370003.119557105 1124701.1199962702 1.39375
59455.682198840004 2459456.1874025096 690.1502349972725 16.265960186719894 0.0 7.0 0.0 5372612.792613662 1125266.4315997392 1.39375
59455.68290495 2459456.1881085797 691.1669759452343 17.2827011346817 0.0 7.0 1.0 5372151.364291994 1125120.3669250808 1.39375
59455.683610875 2459456.188814465 692.1834506839514 18.29917587339878 0.0 7.0 0.0 5374274.756766535 1125609.1921946483 1.39375
59455.684316804996 2459456.189520354 693.1999307870865 19.31565597653389 0.0 7.0 1.0 5370548.375558994 1124795.6392563116 1.39375
59455.685022915 2459456.1902264217 694.216668382287 20.33239357173443 0.0 7.0 0.0 5373811.407260394 1125540.5052076855 1.39375
59455.685729025005 2459456.1909324885 695.233404636383 21.34912982583046 0.0 7.0 1.0 5371924.634973348 1125116.1810420882 1.39375
59455.68643495 2459456.19163837 696.2498740106821 22.36559920012951 0.0 7.0 0.0 5375892.900850079 1125991.9437563745 1.39375
59455.687140875 2459456.19234425 697.2663413733244 23.382066562771797 0.0 7.0 1.0 5370891.02714462 1124892.5022553175 1.39375
59455.68784699 2459456.19305032 698.283081650734 24.39880684018135 0.0 7.0 0.0 5373811.016215787 1125482.71074826 1.39375
59455.6885531 2459456.193756384 699.2998138815165 25.41553907096386 0.0 7.0 1.0 5370080.981146016 1124745.8149765942 1.39375
59455.689259025 2459456.1944622616 700.3162778913975 26.43200308084488 0.0 7.0 0.0 5373033.290874683 1125362.308125335 1.39375
59455.68996495 2459456.1951681394 701.3327419012785 27.4484670907259 0.0 7.0 1.0 5372401.371856384 1125191.487905211 1.39375
59455.69067106 2459456.1958742016 702.349471449852 28.465196639299393 0.0 7.0 0.0 5373460.242513204 1125436.3582321806 1.39375
59455.691377175 2459456.1965802675 703.3662063628435 29.481931552290916 0.0 7.0 1.0 5370471.283676404 1124754.8180752944 1.39375
59455.6920831 2459456.1972861434 704.3826676905155 30.49839287996292 0.0 7.0 0.0 5373786.393660343 1125520.6341669867 1.39375
59455.692789025 2459456.197992019 705.3991283476353 31.514853537082672 0.0 7.0 1.0 5370398.373416564 1124768.7441206947 1.39375
59455.69349514 2459456.198698084 706.4158619195223 32.53158710896969 0.0 7.0 0.0 5374691.323681764 1125685.5410394715 1.39375
59455.694201245 2459456.1994041386 707.4325807392597 33.54830592870712 0.0 7.0 1.0 5368725.892423266 1124497.4419473733 1.39375
