# %ECSV 1.0
# ---
# datatype:
# - {name: t_mjd, datatype: float64}
# - {name: t_bjd, datatype: float64}
# - {name: t_visit, datatype: float64}
# - {name: t_orbit, datatype: float64}
# - {name: ivisit, datatype: float64}
# - {name: iorbit, datatype: float64}
# - {name: scan, datatype: float64}
# - {name: spec_opt, datatype: float64}
# - {name: var_opt, datatype: float64}
# - {name: wave, datatype: float64}
# schema: astropy-2.0
t_mjd t_bjd t_visit t_orbit ivisit iorbit scan spec_opt var_opt wave
59455.203888655 2459455.7091161143 1.4178257435560226 1.4178257435560226 0.0 0.0 0.0 4883891.486086834 1024208.5810115829 1.21375
59455.20459458 2459455.7098220186 2.4343279749155045 2.4343279749155045 0.0 0.0 1.0 4913913.99067069 1030448.9689130321 1.21375
59455.205300689995 2459455.7105281074 3.4510957449674606 3.4510957449674606 0.0 0.0 0.0 4915505.146388442 1030748.3712331365 1.21375
59455.20600662 2459455.7112340154 4.467603340744972 4.467603340744972 0.0 0.0 1.0 4929782.431875543 1033764.49941869 1.21375
59455.20671273 2459455.7119401037 5.484370440244675 5.484370440244675 0.0 0.0 0.0 4928086.89957301 1033306.4877038652 1.21375
59455.207418655 2459455.712646005 6.500868648290634 6.500868648290634 0.0 0.0 1.0 4938940.682131963 1035646.0742851957 1.21375
59455.208124765 2459455.713352092 7.517633736133575 7.517633736133575 0.0 0.0 0.0 4936044.278090109 1034991.1178926032 1.21375
59455.20883069 2459455.7140579927 8.534130603075027 8.534130603075027 0.0 0.0 1.0 4940712.617307773 1036037.0982026493 1.21375
59455.209536805 2459455.7147640823 9.550899714231491 9.550899714231491 0.0 0.0 0.0 4936815.7094564345 1035090.1493786261 1.21375
59455.21024273 2459455.715469982 10.567395240068436 10.567395240068436 0.0 0.0 1.0 4944186.973696825 1036745.6249330259 1.21375
59455.21094884 2459455.716176065 11.584154963493347 11.584154963493347 0.0 0.0 0.0 4940112.498572635 1035798.8751003116 1.21375
59455.211654765 2459455.716881963 12.600647807121277 12.600647807121277 0.0 0.0 1.0 4946405.363559363 1037252.6939076413 1.21375
59455.212360875 2459455.7175880447 13.617405518889427 13.617405518889427 0.0 0.0 0.0 4941954.124031236 1036204.8263720119 1.21375
59455.213066805 2459455.7182939453 14.63390238583088 14.63390238583088 0.0 0.0 1.0 4948919.655728991 1037696.0752201887 1.21375
59455.213772915 2459455.7190000247 15.650656744837761 15.650656744837761 0.0 0.0 0.0 4941732.654869185 1036135.1468179421 1.21375
59455.214478840004 2459455.719705919 16.66714422404766 16.66714422404766 0.0 0.0 1.0 4948852.419090944 1037670.471783731 1.21375
59455.21518495 2459455.7204119964 17.683895900845528 17.683895900845528 0.0 0.0 0.0 4942756.296666688 1036331.2767703407 1.21375
59455.215890875 2459455.721117888 18.70038002729416 18.70038002729416 0.0 0.0 1.0 4948370.481640037 1037605.8980669965 1.21375
59455.216596989994 2459455.721823969 19.717136397957802 19.717136397957802 0.0 0.0 0.0 4945203.918738904 1036871.6550508003 1.21375
59455.217302915 2459455.722529859 20.733617842197418 20.733617842197418 0.0 0.0 1.0 4950333.446915223 1038022.1497170816 1.21375
59455.218009025004 2459455.723235932 21.750363484025 21.750363484025 0.0 0.0 0.0 4943430.2856858205 1036477.4278684447 1.21375
59455.21871495 2459455.7239418197 22.76684157550335 22.76684157550335 0.0 0.0 1.0 4949021.543104387 1037726.2563540706 1.21375
59455.21942106 2459455.7246478912 23.783584535121918 23.783584535121918 0.0 0.0 0.0 4945865.913722137 1036981.4490639229 1.21375
59455.220126989996 2459455.725353782 24.80006732046604 24.80006732046604 0.0 0.0 1.0 4949307.963238489 1037747.7779640764 1.21375
59455.2208331 2459455.7260598517 25.816807597875595 25.816807597875595 0.0 0.0 0.0 4945342.913640644 1036890.9357443237 1.21375
59455.221539025 2459455.7267657355 26.833280324935913 26.833280324935913 0.0 0.0 1.0 4948401.430590162 1037606.8581015536 1.21375
59455.22224514 2459455.727471808 27.85002462565899 27.85002462565899 0.0 0.0 0.0 4943421.786942002 1036465.0736508454 1.21375
59455.22295106 2459455.728177685 28.8664872944355 28.8664872944355 0.0 0.0 1.0 4950374.842374109 1038029.230762509 1.21375
59455.223657174996 2459455.728883756 29.883229583501816 29.883229583501816 0.0 0.0 0.0 4943919.156055251 1036571.9690455734 1.21375
59455.2243631 2459455.729589636 30.899696946144104 30.899696946144104 0.0 0.0 1.0 4949090.8825327465 1037793.613254288 1.21375
59455.225069210006 2459455.7302957005 31.916429847478867 31.916429847478867 0.0 0.0 0.0 4945328.060857413 1036880.3710092404 1.21375
59455.22577514 2459455.731001584 32.93290190398693 32.93290190398693 0.0 0.0 1.0 4948083.557641924 1037578.2528308565 1.21375
59455.226481245 2459455.731707642 33.94962541759014 33.94962541759014 0.0 0.0 0.0 4942872.18609672 1036353.9548320698 1.21375
59455.227187175 2459455.7324135243 34.9660961329937 34.9660961329937 0.0 0.0 1.0 4948113.512374989 1037514.7259074653 1.21375
59455.227893285 2459455.733119586 35.98282501101494 35.98282501101494 0.0 0.0 0.0 4945608.513262454 1036973.7204800838 1.21375
59455.22859921 2459455.7338254624 36.9992870092392 36.9992870092392 0.0 0.0 1.0 4948100.250405348 1037530.3696541454 1.21375
59455.229305325 2459455.7345315283 38.01602192223072 38.01602192223072 0.0 0.0 0.0 4943842.926260429 1036603.3103436072 1.21375
59455.230011245 2459455.735237399 39.032475873827934 39.032475873827934 0.0 0.0 1.0 4949319.955505665 1037787.0904060234 1.21375
59455.23071736 2459455.735943464 40.04920944571495 40.04920944571495 0.0 0.0 0.0 4944543.027047928 1036725.7474179282 1.21375
59455.231423285004 2459455.7366493386 41.065668761730194 41.065668761730194 0.0 0.0 1.0 4947175.846368305 1037343.6540721897 1.21375
59455.268981245 2459455.7742054434 95.14645971357822 0.0 0.0 1.0 0.0 4935032.698100936 1034731.6618485121 1.21375
59455.269687175 2459455.774911353 96.1629693210125 1.0165096074342728 0.0 1.0 1.0 4932694.747399905 1034335.6891439001 1.21375
59455.270393285 2459455.7756174426 97.17973843216896 2.0332787185907364 0.0 1.0 0.0 4938662.22708477 1035465.9993755004 1.21375
59455.271099210004 2459455.776323346 98.19623932242393 3.0497796088457108 0.0 1.0 1.0 4933659.087643485 1034514.9788494455 1.21375
59455.271805325 2459455.77702944 99.21301446855068 4.066554754972458 0.0 1.0 0.0 4940846.471408756 1035926.5151291052 1.21375
59455.272511245 2459455.777735338 100.22950798273087 5.083048269152641 0.0 1.0 1.0 4934794.748254007 1034800.2868448361 1.21375
59455.273217359994 2459455.77844143 101.2462804466486 6.0998207330703735 0.0 1.0 0.0 4940893.68633383 1035923.8921234576 1.21375
59455.273923285 2459455.7791473316 102.26277865469456 7.116318941116333 0.0 1.0 1.0 4934779.943769787 1034780.777682421 1.21375
59455.274629395004 2459455.779853418 103.27954307198524 8.13308335840702 0.0 1.0 0.0 4939597.480505169 1035672.5123259313 1.21375
59455.275335325 2459455.7805593233 104.29604664444923 9.14958693087101 0.0 1.0 1.0 4933098.113937593 1034318.5885873395 1.21375
59455.27604143 2459455.7812654027 105.31280100345612 10.166341289877892 0.0 1.0 0.0 4942685.589293994 1036321.305785709 1.21375
59455.276747359996 2459455.7819713065 106.32930256426334 11.18284285068512 0.0 1.0 1.0 4934307.874334334 1034643.7050041938 1.21375
59455.27745347 2459455.7826773897 107.34606228768826 12.199602574110031 0.0 1.0 0.0 4942666.642347653 1036279.9645275869 1.21375
59455.278159395 2459455.7833832866 108.36255379021168 13.216094076633453 0.0 1.0 1.0 4934153.098164574 1034702.0432334067 1.21375
59455.27886551 2459455.784089373 109.37931820750237 14.232858493924141 0.0 1.0 0.0 4940560.650308703 1035888.9964676804 1.21375
59455.27957143 2459455.784795263 110.39579965174198 15.249339938163757 0.0 1.0 1.0 4932649.391709742 1034276.4759767686 1.21375
59455.280277544996 2459455.7855013474 111.41256138682365 16.26610167324543 0.0 1.0 0.0 4941315.566115669 1036080.0824918937 1.21375
59455.28098347 2459455.78620724 112.4290468543768 17.28258714079857 0.0 1.0 1.0 4932574.70049751 1034242.9259127814 1.21375
59455.281689580006 2459455.7869133176 113.44579853117466 18.299338817596436 0.0 1.0 0.0 4940651.518868535 1035950.7209990263 1.21375
59455.28239551 2459455.7876192136 114.46228869259357 19.31582897901535 0.0 1.0 1.0 4935059.149704383 1034803.816103693 1.21375
59455.283101615 2459455.7883252837 115.47902964055538 20.332569926977158 0.0 1.0 0.0 4939825.805047179 1035710.0164805272 1.21375
59455.283807545 2459455.7890311778 116.49551711976528 21.349057406187057 0.0 1.0 1.0 4932642.798957178 1034277.4655347952 1.21375
59455.284513655 2459455.789737251 117.51226276159286 22.36580304801464 0.0 1.0 0.0 4941305.101834131 1036086.110990793 1.21375
59455.28521958 2459455.790443138 118.52874018251896 23.382280468940735 0.0 1.0 1.0 4934244.886247982 1034621.8512056906 1.21375
59455.285925695 2459455.7911492144 119.54548984766006 24.39903013408184 0.0 1.0 0.0 4942758.767726105 1036331.7369874275 1.21375
59455.286631615 2459455.791855094 120.5619565397501 25.415496826171875 0.0 1.0 1.0 4931651.729627376 1034158.4342275028 1.21375
59455.28733773 2459455.792561169 121.57870419323444 26.43224447965622 0.0 1.0 0.0 4940546.651954413 1035937.0398934695 1.21375
59455.288043655004 2459455.7932670517 122.59517557919025 27.44871586561203 0.0 1.0 1.0 4932971.473829581 1034367.9262657012 1.21375
59455.288749765 2459455.793973119 123.61191250383854 28.465452790260315 0.0 1.0 0.0 4939535.4760826705 1035670.5680061523 1.21375
59455.289455695 2459455.794679005 124.62838858366013 29.4819288700819 0.0 1.0 1.0 4932845.448372334 1034292.7263077718 1.21375
59455.2901618 2459455.795385066 125.64511612057686 30.498656406998634 0.0 1.0 0.0 4940573.260934911 1035903.3185923885 1.21375
59455.29086773 2459455.7960909507 126.66159018874168 31.51513047516346 0.0 1.0 1.0 4932038.371278883 1034204.2242763687 1.21375
59455.29157384 2459455.796797015 127.67832241952419 32.53186270594597 0.0 1.0 0.0 4939800.939823823 1035680.0898201867 1.21375
59455.292279764995 2459455.797502893 128.69478709995747 33.54832738637924 0.0 1.0 1.0 4933944.029283704 1034527.5209625027 1.21375
59455.292985880005 2459455.7982089603 129.71152402460575 34.56506431102753 0.0 1.0 0.0 4938262.935010882 1035423.7849561849 1.21375
59455.293691800005 2459455.7989148325 130.72797998785973 35.5815202742815 0.0 1.0 1.0 4931004.9566313885 1033980.5600913307 1.21375
59455.294397915 2459455.799620899 131.7447155714035 36.59825585782528 0.0 1.0 0.0 4937828.6123717 1035324.4734378355 1.21375
59455.29510384 2459455.8003267753 132.76117756962776 37.61471785604954 0.0 1.0 1.0 4931719.673200015 1034076.616347575 1.21375
59455.295809949996 2459455.801032836 133.7779051065445 38.63144539296627 0.0 1.0 0.0 4937896.885088464 1035357.5379870073 1.21375
59455.29651588 2459455.801738716 134.79437246918678 39.64791275560856 0.0 1.0 1.0 4929858.063548645 1033740.1245337998 1.21375
59455.297221985 2459455.802444771 135.81109128892422 40.66463157534599 0.0 1.0 0.0 4938010.17428918 1035291.0136107535 1.21375
59455.297927915 2459455.8031506506 136.82755798101425 41.68109826743603 0.0 1.0 1.0 4933068.7813261375 1034426.629761214 1.21375
59455.335150135 2459455.840371036 190.42491294443607 0.0 0.0 2.0 0.0 4920428.377909312 1031638.7342994415 1.21375
59455.33585625 2459455.8410771303 191.44168876111507 1.0167758166790009 0.0 2.0 1.0 4925799.614263847 1032879.2630023427 1.21375
59455.33656217 2459455.8417830295 192.45818361639977 2.0332706719636917 0.0 2.0 0.0 4926944.725039864 1033034.1694417148 1.21375
59455.337268285 2459455.8424891233 193.4749587625265 3.050045818090439 0.0 2.0 1.0 4924203.4775283765 1032482.9750336279 1.21375
59455.33797421 2459455.8431950263 194.49145898222923 4.0665460377931595 0.0 2.0 0.0 4924638.794874626 1032509.833721059 1.21375
59455.33868032 2459455.843901114 195.50822541117668 5.083312466740608 0.0 2.0 1.0 4923394.957656287 1032314.9085636442 1.21375
59455.339386249994 2459455.8446070217 196.52473233640194 6.099819391965866 0.0 2.0 0.0 4925677.611186078 1032750.6681650238 1.21375
59455.340092355 2459455.8453131034 197.5414900481701 7.116577103734016 0.0 2.0 1.0 4925489.183106388 1032799.8543852442 1.21375
59455.340798285004 2459455.846019009 198.55799429118633 8.13308134675026 0.0 2.0 0.0 4925406.866641413 1032724.5187925334 1.21375
59455.341504395 2459455.8467250946 199.5747573673725 9.14984442293644 0.0 2.0 1.0 4924730.30606845 1032629.1942070632 1.21375
59455.34221032 2459455.847430994 200.5912522226572 10.16633927822113 0.0 2.0 0.0 4925240.098568633 1032755.5403617641 1.21375
59455.342916435 2459455.848137083 201.6080206632614 11.18310771882534 0.0 2.0 1.0 4925951.410445139 1032906.456915033 1.21375
59455.343622355 2459455.848842975 202.6245054602623 12.199592515826225 0.0 2.0 0.0 4926534.171001579 1032963.4404770801 1.21375
59455.344328470004 2459455.8495490626 203.6412712186575 13.21635827422142 0.0 2.0 1.0 4924634.936020629 1032613.6320928173 1.21375
59455.345034394995 2459455.8502549585 204.6577613800764 14.232848435640335 0.0 2.0 0.0 4928636.689919583 1033386.991861696 1.21375
59455.345740505 2459455.850961039 205.6745170801878 15.249604135751724 0.0 2.0 1.0 4925272.8721734 1032752.9514389656 1.21375
59455.346446434996 2459455.8516669376 206.69101126492023 16.26609832048416 0.0 2.0 0.0 4925612.0011161445 1032729.4226708892 1.21375
59455.347152539995 2459455.852373011 207.70775690674782 17.282843962311745 0.0 2.0 1.0 4924829.8157609375 1032668.4068783914 1.21375
59455.347858470006 2459455.853078908 208.72424840927124 18.299335464835167 0.0 2.0 0.0 4925418.796529439 1032732.7488811206 1.21375
59455.34856458 2459455.8537849844 209.7409987449646 19.316085800528526 0.0 2.0 1.0 4925949.280326999 1032884.8825490196 1.21375
59455.349270505 2459455.8544908743 210.75748018920422 20.332567244768143 0.0 2.0 0.0 4925253.406186497 1032680.0186767409 1.21375
59455.34997662 2459455.8551969533 211.77423387765884 21.34932093322277 0.0 2.0 1.0 4923341.114301283 1032334.4561359057 1.21375
59455.350682539996 2459455.855902836 212.79070526361465 22.36579231917858 0.0 2.0 0.0 4925775.979221422 1032797.9307875966 1.21375
59455.351388655 2459455.8566089137 213.80745694041252 23.382543995976448 0.0 2.0 1.0 4925207.169803342 1032738.5837818325 1.21375
59455.35209458 2459455.8573147994 214.82393234968185 24.39901940524578 0.0 2.0 0.0 4924779.020273516 1032550.5910841863 1.21375
59455.35280069 2459455.8580208695 215.84067329764366 25.415760353207588 0.0 2.0 1.0 4925168.956207483 1032717.1499941911 1.21375
59455.35350662 2459455.8587267585 216.85715340077877 26.432240456342697 0.0 2.0 0.0 4924458.496773371 1032480.3739628586 1.21375
59455.35421273 2459455.8594328267 217.87389166653156 27.44897872209549 0.0 2.0 1.0 4921098.328006004 1031842.343508853 1.21375
59455.354918655 2459455.8601387087 218.89036171138287 28.465448766946793 0.0 2.0 0.0 4922453.832719961 1032117.6704012385 1.21375
59455.355624765 2459455.8608447756 219.9070979654789 29.482185021042824 0.0 2.0 1.0 4923547.404155603 1032459.3091016655 1.21375
59455.35633069 2459455.8615506557 220.92356532812119 30.498652383685112 0.0 2.0 0.0 4924188.702101844 1032468.7423911402 1.21375
59455.357036805 2459455.8622567253 221.94030560553074 31.515392661094666 0.0 2.0 1.0 4923423.481308657 1032392.3473803322 1.21375
59455.35774273 2459455.8629626045 222.95677162706852 32.531858682632446 0.0 2.0 0.0 4925046.56299355 1032657.6232644425 1.21375
59455.358448839994 2459455.863668668 223.97350318729877 33.5485902428627 0.0 2.0 1.0 4923971.117529395 1032460.1219383145 1.21375
59455.359154765 2459455.8643745454 224.98996652662754 34.56505358219147 0.0 2.0 0.0 4924119.263835554 1032480.3030740765 1.21375
59455.359860875 2459455.8650806076 226.00669607520103 35.58178313076496 0.0 2.0 1.0 4923807.532892016 1032483.0715579864 1.21375
59455.360566805 2459455.865786489 227.02316544950008 36.59825250506401 0.0 2.0 0.0 4924567.546463025 1032544.1059454138 1.21375
59455.361272915005 2459455.8664925494 228.03989231586456 37.61497937142849 0.0 2.0 1.0 4921039.000182923 1031823.0394083118 1.21375
59455.361978839996 2459455.8671984253 229.05635364353657 38.631440699100494 0.0 2.0 0.0 4922688.389766581 1032158.9172453546 1.21375
59455.36268495 2459455.8679044857 230.07308050990105 39.64816756546497 0.0 2.0 1.0 4923437.7785238335 1032347.6707892417 1.21375
59455.363390875 2459455.8686103607 231.08954049646854 40.66462755203247 0.0 2.0 0.0 4924167.230349505 1032464.186362284 1.21375
59455.36409699 2459455.869316425 232.1062733978033 41.68136045336723 0.0 2.0 1.0 4921453.26527772 1031933.576013328 1.21375
59455.40133069 2459455.9065482863 285.7201534509659 0.0 0.0 3.0 0.0 4912424.591382816 1030076.2284513529 1.21375
59455.402036805 2459455.9072543806 286.7369292676449 1.0167758166790009 0.0 3.0 1.0 4911211.903589727 1029840.756263456 1.21375
59455.40274273 2459455.9079602845 287.7534308284521 2.033277377486229 0.0 3.0 0.0 4917271.561067672 1031064.3576598399 1.21375
59455.40344884 2459455.9086663737 288.7701992690563 3.050045818090439 0.0 3.0 1.0 4912898.261103708 1030234.8085414727 1.21375
59455.404154765 2459455.9093722766 289.78669948875904 4.0665460377931595 0.0 3.0 0.0 4917238.633712555 1031019.8446321135 1.21375
59455.404860875 2459455.9100783644 290.8034659177065 5.083312466740608 0.0 3.0 1.0 4913884.2408107845 1030437.5552224402 1.21375
59455.405566805 2459455.9107842715 291.8199721723795 6.099818721413612 0.0 3.0 0.0 4918619.996246398 1031390.1625852211 1.21375
59455.406272915 2459455.9114903584 292.83673726022243 7.116583809256554 0.0 3.0 1.0 4911598.725061143 1029946.7768938885 1.21375
59455.406978839994 2459455.912196259 293.8532341271639 8.133080676198006 0.0 3.0 0.0 4917983.468382497 1031157.213865157 1.21375
59455.40768495 2459455.9129023445 294.86999720335007 9.149843752384186 0.0 3.0 1.0 4912465.292855673 1030110.0549199915 1.21375
59455.408390875 2459455.9136082437 295.88649205863476 10.166338607668877 0.0 3.0 0.0 4917708.48551714 1031154.2868975612 1.21375
59455.40909699 2459455.914314332 296.90325915813446 11.183105707168579 0.0 3.0 1.0 4914613.578363065 1030591.0366157081 1.21375
59455.409802915005 2459455.91502023 297.91975267231464 12.199599221348763 0.0 3.0 0.0 4917659.320183773 1031155.1893020875 1.21375
59455.410509025 2459455.915726312 298.9365103840828 13.216356933116913 0.0 3.0 1.0 4913135.145162886 1030246.0831930396 1.21375
59455.41121495 2459455.916432208 299.9530005455017 14.232847094535828 0.0 3.0 0.0 4916087.568731227 1030819.4881490025 1.21375
59455.411921060004 2459455.917138288 300.96975557506084 15.249602124094963 0.0 3.0 1.0 4911665.670201603 1029990.9398741046 1.21375
59455.41262699 2459455.917844187 301.98625043034554 16.266096979379654 0.0 3.0 0.0 4916310.433128464 1030820.4231886434 1.21375
59455.4133331 2459455.9185502646 303.0030021071434 17.28284865617752 0.0 3.0 1.0 4913534.389579722 1030331.9704695792 1.21375
59455.414039024996 2459455.9192561572 304.01948757469654 18.29933412373066 0.0 3.0 0.0 4916482.21265986 1030918.176417235 1.21375
59455.414745140006 2459455.919962238 305.0362439453602 19.316090494394302 0.0 3.0 1.0 4909305.65698904 1029485.6442738343 1.21375
59455.415451060006 2459455.920668123 306.052718013525 20.332564562559128 0.0 3.0 0.0 4912275.004916115 1029987.0866539783 1.21375
59455.416157175 2459455.921374202 307.06947170197964 21.349318251013756 0.0 3.0 1.0 4906629.521998425 1028943.4458937489 1.21375
59455.4168631 2459455.9220800903 308.0859511345625 22.36579768359661 0.0 3.0 0.0 4908489.701984913 1029270.9516407176 1.21375
59455.417569209996 2459455.922786162 309.10269409418106 23.38254064321518 0.0 3.0 1.0 4904340.422003373 1028504.0147735445 1.21375
59455.41827514 2459455.923492053 310.11917755007744 24.399024099111557 0.0 3.0 0.0 4906963.491905771 1028974.5361343739 1.21375
59455.418981245 2459455.9241981176 311.1359104514122 25.41575700044632 0.0 3.0 1.0 4901030.996285684 1027766.0249667536 1.21375
59455.419687175 2459455.924904007 312.15239122509956 26.432237774133682 0.0 3.0 0.0 4907154.309145149 1028909.2915443811 1.21375
59455.420393285 2459455.925610075 313.1691288203001 27.44897536933422 0.0 3.0 1.0 4904367.162815494 1028487.7490810546 1.21375
59455.42109921 2459455.926315957 314.18559953570366 28.465446084737778 0.0 3.0 0.0 4908040.970613875 1029108.068505066 1.21375
59455.421805325 2459455.9270220282 315.20234182477 29.482188373804092 0.0 3.0 1.0 4903831.228530809 1028406.4400759775 1.21375
59455.422511245 2459455.927727904 316.218803152442 30.498649701476097 0.0 3.0 0.0 4906301.381094053 1028756.4595000005 1.21375
59455.42321736 2459455.9284339733 317.2355427592993 31.515389308333397 0.0 3.0 1.0 4899650.62884133 1027512.3478417901 1.21375
59455.423923285 2459455.9291398525 318.25200878083706 32.53185532987118 0.0 3.0 0.0 4906703.332069564 1028876.5304005921 1.21375
59455.424629395 2459455.9298459156 319.26873967051506 33.54858621954918 0.0 3.0 1.0 4901759.724555519 1027945.3135892703 1.21375
59455.425335325 2459455.930551798 320.2852103859186 34.565056934952736 0.0 3.0 0.0 4906415.130584907 1028779.3056539682 1.21375
59455.42604143 2459455.931257855 321.3019325584173 35.58177910745144 0.0 3.0 1.0 4899493.361233286 1027392.5384160539 1.21375
59455.426747360005 2459455.931963736 322.3184012621641 36.598247811198235 0.0 3.0 0.0 4903747.164470776 1028293.8820767499 1.21375
59455.42745347 2459455.9326697974 323.3351294696331 37.61497601866722 0.0 3.0 1.0 4900725.089480304 1027729.2939186428 1.21375
59455.428159395 2459455.9333756734 324.3515907973051 38.631437346339226 0.0 3.0 0.0 4905223.301394169 1028567.3869943109 1.21375
59455.428865509995 2459455.9340817383 325.3683243691921 39.64817091822624 0.0 3.0 1.0 4898472.388036938 1027232.3348131079 1.21375
59455.429571429995 2459455.934787608 326.38477697968483 40.66462352871895 0.0 3.0 0.0 4905423.31393732 1028596.445423131 1.21375
59455.430277545 2459455.9354936727 327.4015098810196 41.68135643005371 0.0 3.0 1.0 4899176.402674798 1027414.7864756025 1.21375
59455.467488099996 2459455.9727023863 380.98205745220184 0.0 0.0 4.0 0.0 4891460.201343809 1025759.8615943546 1.21375
59455.46819421 2459455.9734084755 381.99882589280605 1.01676844060421 0.0 4.0 1.0 4887073.289566346 1024965.4283977312 1.21375
59455.468900135 2459455.9741143794 383.0153274536133 2.033270001411438 0.0 4.0 0.0 4894331.637681742 1026330.2013790805 1.21375
59455.46960625 2459455.974820473 384.03210259974 3.050045147538185 0.0 4.0 1.0 4889361.467215593 1025398.9030113076 1.21375
59455.47031217 2459455.9755263715 385.0485961139202 4.0665386617183685 0.0 4.0 0.0 4895497.612556822 1026623.2548004258 1.21375
59455.471018284996 2459455.976232464 386.0653692483902 5.0833117961883545 0.0 4.0 1.0 4888718.720141642 1025238.1790940881 1.21375
59455.47172421 2459455.976938366 387.0818681269884 6.099810674786568 0.0 4.0 0.0 4897242.873877945 1026962.2889822841 1.21375
59455.472430320006 2459455.9776444524 388.0986325442791 7.116575092077255 0.0 4.0 1.0 4888666.628922798 1025214.9782329046 1.21375
59455.47313625 2459455.9783503585 389.1151374578476 8.133080005645752 0.0 4.0 0.0 4896697.64675722 1026842.0620576922 1.21375
59455.473842355 2459455.9790564384 390.13189248740673 9.149835035204887 0.0 4.0 1.0 4888428.468732855 1025159.201117222 1.21375
59455.474548285 2459455.9797623428 391.1483947187662 10.16633726656437 0.0 4.0 0.0 4897955.993451125 1027082.5241095684 1.21375
59455.475254395 2459455.9804684264 392.1651551127434 11.183097660541534 0.0 4.0 1.0 4889633.343350601 1025455.094236741 1.21375
59455.47596032 2459455.981174324 393.1816479563713 12.199590504169464 0.0 4.0 0.0 4898195.511593785 1027184.7027086137 1.21375
59455.476666435 2459455.981880411 394.19841304421425 13.216355592012405 0.0 4.0 1.0 4890462.202006155 1025608.7607122797 1.21375
59455.477372355 2459455.982586302 395.2148958295584 14.23283837735653 0.0 4.0 0.0 4896405.454284444 1026815.2502357363 1.21375
59455.47807847 2459455.983292387 396.2316582351923 15.249600782990456 0.0 4.0 1.0 4891687.885795173 1025850.2906848964 1.21375
59455.478784395 2459455.9839982805 397.24814504384995 16.266087591648102 0.0 4.0 0.0 4897173.30698808 1026905.6105825071 1.21375
59455.479490505 2459455.984704359 398.2648980617523 17.282840609550476 0.0 4.0 1.0 4891025.645136445 1025736.2076060198 1.21375
59455.480196435004 2459455.985410256 399.28138956427574 18.2993321120739 0.0 4.0 0.0 4898172.225787466 1027135.0278783023 1.21375
59455.48090254 2459455.986116327 400.29813185334206 19.316074401140213 0.0 4.0 1.0 4889735.721920077 1025460.6300638819 1.21375
59455.48160847 2459455.986822222 401.31462067365646 20.33256322145462 0.0 4.0 0.0 4898958.046746813 1027314.3788737664 1.21375
59455.482314580004 2459455.9875282957 402.3313669860363 21.349309533834457 0.0 4.0 1.0 4891006.602125027 1025717.8925773463 1.21375
59455.483020505 2459455.9882341833 403.34784507751465 22.365787625312805 0.0 4.0 0.0 4898955.942532221 1027309.8465344015 1.21375
59455.483726620005 2459455.988940261 404.3645967543125 23.382539302110672 0.0 4.0 1.0 4891615.194490892 1025881.2933213351 1.21375
59455.484432540004 2459455.9896461414 405.38106478750706 24.399007335305214 0.0 4.0 0.0 4898029.17884374 1027088.108641633 1.21375
59455.485138655 2459455.9903522166 406.39781311154366 25.415755659341812 0.0 4.0 1.0 4890824.527737904 1025659.8759948607 1.21375
59455.48584458 2459455.9910581005 407.414285838604 26.43222838640213 0.0 4.0 0.0 4896930.668349335 1026918.7876611195 1.21375
59455.486550689995 2459455.9917641687 408.43102410435677 27.448966652154922 0.0 4.0 1.0 4891674.067533905 1025856.1865997209 1.21375
59455.48725662 2459455.9924700554 409.4475008547306 28.465443402528763 0.0 4.0 0.0 4897592.381941612 1027063.478944799 1.21375
59455.48796273 2459455.993176122 410.46423710882664 29.482179656624794 0.0 4.0 1.0 4889250.682601181 1025362.9605439355 1.21375
59455.488668655 2459455.9938820023 411.4807044714689 30.498647019267082 0.0 4.0 0.0 4898529.1805295255 1027261.6344062461 1.21375
59455.489374765 2459455.994588067 412.4974373728037 31.515379920601845 0.0 4.0 1.0 4889391.590877859 1025360.8469556639 1.21375
59455.49008069 2459455.9952939455 413.5139027237892 32.53184527158737 0.0 4.0 0.0 4896966.494247338 1026900.5526659031 1.21375
59455.490786805 2459455.996000014 414.530640989542 33.548583537340164 0.0 4.0 1.0 4890844.8904010095 1025707.0579940119 1.21375
59455.49149273 2459455.9967058916 415.547104999423 34.565047547221184 0.0 4.0 0.0 4899825.364371673 1027502.2936135597 1.21375
59455.49219884 2459455.9974119533 416.56383387744427 35.581776425242424 0.0 4.0 1.0 4890602.751043817 1025669.4984858388 1.21375
59455.492904765 2459455.9981178297 417.5802958756685 36.59823842346668 0.0 4.0 0.0 4897815.037825285 1027052.8367878546 1.21375
59455.493610875 2459455.998823891 418.5970240831375 37.61496663093567 0.0 4.0 1.0 4886694.897462613 1024862.6231274438 1.21375
59455.494316805 2459455.9995297715 419.61349211633205 38.63143466413021 0.0 4.0 0.0 4895611.872046229 1026643.456496492 1.21375
59455.495022915 2459456.0002358314 420.6302183121443 39.648160859942436 0.0 4.0 1.0 4890657.534203648 1025674.3939880665 1.21375
59455.495728840004 2459456.0009417064 421.6466782987118 40.66462084650993 0.0 4.0 0.0 4896777.288579216 1026861.7484533088 1.21375
59455.49643495 2459456.0016477657 422.66340382397175 41.681346371769905 0.0 4.0 1.0 4891203.579143875 1025752.4965979912 1.21375
59455.533657175 2459456.038868145 476.26075007021427 0.0 0.0 5.0 0.0 4881687.281584873 1023712.4851831489 1.21375
59455.534363285 2459456.0395742343 477.2775185108185 1.01676844060421 0.0 5.0 1.0 4882294.08322228 1023862.4394835752 1.21375
59455.535069210004 2459456.040280138 478.2940200716257 2.033270001411438 0.0 5.0 0.0 4882995.617183993 1023950.1756875486 1.21375
59455.535775325 2459456.040986231 479.31079387664795 3.0500438064336777 0.0 5.0 1.0 4882683.447471994 1023969.189743689 1.21375
59455.536481245 2459456.0416921293 480.32728739082813 4.066537320613861 0.0 5.0 0.0 4886390.70953042 1024648.3759718011 1.21375
59455.537187359994 2459456.0423982223 481.3440611958504 5.083311125636101 0.0 5.0 1.0 4885168.4175506225 1024472.6135531313 1.21375
59455.537893285 2459456.0431041243 482.3605600744486 6.099810004234314 0.0 5.0 0.0 4887514.284135465 1024905.9855066624 1.21375
59455.538599395004 2459456.0438102107 483.3773244917393 7.1165744215250015 0.0 5.0 1.0 4882788.460782567 1024034.1757427088 1.21375
59455.539305325 2459456.0445161164 484.3938287347555 8.133078664541245 0.0 5.0 0.0 4885611.541184552 1024479.4205372381 1.21375
59455.54001143 2459456.0452221963 485.41058376431465 9.14983369410038 0.0 5.0 1.0 4883782.202693648 1024215.083554446 1.21375
59455.540717359996 2459456.0459281006 486.42708599567413 10.166335925459862 0.0 5.0 0.0 4885487.848456847 1024548.8802179716 1.21375
59455.54142347 2459456.0466341837 487.44384571909904 11.183095648884773 0.0 5.0 1.0 4885953.019937161 1024664.4520292287 1.21375
59455.542129395 2459456.0473400815 488.460338562727 12.199588492512703 0.0 5.0 0.0 4888598.837708073 1025117.7091901064 1.21375
59455.54283551 2459456.0480461684 489.4771036505699 13.216353580355644 0.0 5.0 1.0 4885676.894871309 1024589.7221410364 1.21375
59455.54354143 2459456.048752059 490.49358643591404 14.232836365699768 0.0 5.0 0.0 4886655.851602019 1024728.3599140346 1.21375
59455.544247544996 2459456.0494581438 491.5103481709957 15.24959810078144 0.0 5.0 1.0 4884965.3924293155 1024485.5554829753 1.21375
59455.54495347 2459456.050164038 492.5268356502056 16.26608557999134 0.0 5.0 0.0 4887733.448297374 1024933.6487979076 1.21375
59455.545659580006 2459456.050870116 493.54358799755573 17.28283792734146 0.0 5.0 1.0 4886766.157389458 1024803.5744663327 1.21375
59455.54636551 2459456.051576013 494.5600801706314 18.299330100417137 0.0 5.0 0.0 4885840.481829232 1024559.2298969118 1.21375
59455.547071615 2459456.052282084 495.57682178914547 19.316071718931198 0.0 5.0 1.0 4885059.4221656015 1024490.3459802868 1.21375
59455.547777545 2459456.052987979 496.5933106094599 20.332560539245605 0.0 5.0 0.0 4886834.290118098 1024733.1634515475 1.21375
59455.548483655 2459456.053694052 497.61005625128746 21.34930618107319 0.0 5.0 1.0 4886149.22031383 1024694.1652186618 1.21375
59455.54918958 2459456.0543999407 498.6265356838703 22.365785613656044 0.0 5.0 0.0 4889211.041020192 1025247.6527654469 1.21375
59455.549895695 2459456.0551060173 499.6432860195637 23.382535949349403 0.0 5.0 1.0 4885667.639079797 1024593.3888681801 1.21375
59455.550601615 2459456.0558118983 500.65975472331047 24.3990046530962 0.0 5.0 0.0 4887193.124843602 1024819.5345594507 1.21375
59455.55130773 2459456.056517973 501.6765023767948 25.415752306580544 0.0 5.0 1.0 4882723.502052574 1023977.868992196 1.21375
59455.552013655004 2459456.057223857 502.69297510385513 26.43222503364086 0.0 5.0 0.0 4890088.51182211 1025459.2043783077 1.21375
59455.552719765 2459456.0579299247 503.7097126990557 27.4489626288414 0.0 5.0 1.0 4887742.585007757 1025038.3270203723 1.21375
59455.553425695 2459456.058635812 504.72619011998177 28.465440049767494 0.0 5.0 0.0 4891939.007383556 1025829.1167564954 1.21375
59455.5541318 2459456.059341873 505.74291832745075 29.48216825723648 0.0 5.0 1.0 4890039.525499079 1025524.5827104776 1.21375
59455.55483773 2459456.0600477583 506.75939306616783 30.49864299595356 0.0 5.0 0.0 4894195.688821204 1026271.1052377345 1.21375
59455.55554384 2459456.0607538233 507.77612663805485 31.515376567840576 0.0 5.0 1.0 4893677.009802458 1026215.5962247384 1.21375
59455.556249764995 2459456.0614597024 508.79259265959263 32.53184258937836 0.0 5.0 0.0 4895102.404474963 1026481.7106054944 1.21375
59455.556955880005 2459456.06216577 509.80933025479317 33.548580184578896 0.0 5.0 1.0 4893873.43850953 1026264.2448612808 1.21375
59455.557661800005 2459456.062871643 510.8257868885994 34.565036818385124 0.0 5.0 0.0 4894648.648438848 1026382.6599447026 1.21375
59455.558367915 2459456.0635777097 511.8425231426954 35.581773072481155 0.0 5.0 1.0 4894599.688064769 1026405.3693856833 1.21375
59455.55907384 2459456.0642835856 512.8589844703674 36.59823440015316 0.0 5.0 0.0 4896796.132163497 1026787.2297576878 1.21375
59455.559779949996 2459456.064989647 513.8757126778364 37.61496260762215 0.0 5.0 1.0 4893469.049115172 1026216.3698182193 1.21375
59455.56048588 2459456.0656955275 514.892180711031 38.63143064081669 0.0 5.0 0.0 4893554.687152982 1026149.5425035381 1.21375
59455.561191985 2459456.0664015827 515.9089002013206 39.64815013110638 0.0 5.0 1.0 4891738.606021198 1025823.4099229915 1.21375
59455.561897915 2459456.0671074623 516.9253668934107 40.66461682319641 0.0 5.0 0.0 4894964.445723018 1026438.0261641226 1.21375
59455.562604025 2459456.067813522 517.9420930892229 41.68134301900864 0.0 5.0 1.0 4892235.64963924 1025995.2519951308 1.21375
59455.600555325 2459456.1057629506 572.5892700254917 0.0 0.0 6.0 0.0 4888283.97609536 1025074.206780372 1.21375
59455.60126143 2459456.106469034 573.6060304194689 1.0167603939771652 0.0 6.0 1.0 4881764.512147523 1023810.1703104848 1.21375
59455.601967359995 2459456.1071749427 574.6225386857986 2.0332686603069305 0.0 6.0 0.0 4889489.893180712 1025344.6644539082 1.21375
59455.60267347 2459456.107881031 575.6393057852983 3.050035759806633 0.0 6.0 1.0 4882621.420923684 1023968.8250520253 1.21375
59455.603379395005 2459456.108586933 576.6558046638966 4.066534638404846 0.0 6.0 0.0 4892027.184503242 1025833.9361493613 1.21375
59455.60408551 2459456.1092930255 577.6725777983665 5.083307772874832 0.0 6.0 1.0 4883787.040776709 1024178.9033026648 1.21375
59455.60479143 2459456.1099989214 578.6890679597855 6.099797934293747 0.0 6.0 0.0 4892009.496228117 1025874.6837975803 1.21375
59455.605497545 2459456.110705012 579.7058384120464 7.116568386554718 0.0 6.0 1.0 4884903.54748742 1024421.1699860932 1.21375
59455.60620347 2459456.111410912 580.7223346084356 8.133064582943916 0.0 6.0 0.0 4893805.606859531 1026273.0868961693 1.21375
59455.606909580005 2459456.112116996 581.739095672965 9.149825647473335 0.0 6.0 1.0 4883620.424215494 1024154.217596976 1.21375
59455.60761551 2459456.1128228996 582.75559656322 10.16632653772831 0.0 6.0 0.0 4892995.592957905 1026125.0211121948 1.21375
59455.608321615 2459456.113528977 583.7723482400179 11.183078214526176 0.0 6.0 1.0 4886003.9051543055 1024630.4283935752 1.21375
59455.609027545 2459456.1142348787 584.7888464480639 12.199576422572136 0.0 6.0 0.0 4892415.070576004 1025962.8470627322 1.21375
59455.60973347 2459456.114940774 585.8053359389305 13.216065913438797 0.0 6.0 1.0 4886076.179531231 1024637.0359423464 1.21375
59455.61043958 2459456.115646854 586.8220909684896 14.232820942997932 0.0 6.0 0.0 4894450.96532319 1026365.9984971391 1.21375
59455.611145695 2459456.116352938 587.8388520330191 15.249582007527351 0.0 6.0 1.0 4885348.347066786 1024537.4675959352 1.21375
59455.611851615 2459456.1170588257 588.8553301244974 16.2660600990057 0.0 6.0 0.0 4894748.1014448255 1026416.8921156283 1.21375
59455.612557545 2459456.1177647226 589.8718216270208 17.28255160152912 0.0 6.0 1.0 4885080.012275927 1024477.0282218956 1.21375
59455.613263655 2459456.1184707982 590.8885706216097 18.299300596117973 0.0 6.0 0.0 4893105.937413407 1026094.1141408704 1.21375
59455.613969765 2459456.1191768735 591.9053189456463 19.31604892015457 0.0 6.0 1.0 4884914.607798411 1024457.9381070379 1.21375
59455.614675695004 2459456.119882767 592.9218057543039 20.332535728812218 0.0 6.0 0.0 4892355.868939235 1025950.7353647115 1.21375
59455.6153818 2459456.120588835 593.9385433495045 21.349273324012756 0.0 6.0 1.0 4884094.629579313 1024244.7004302467 1.21375
59455.61608773 2459456.1212947266 594.9550274759531 22.365757450461388 0.0 6.0 0.0 4891059.1601642985 1025657.1193868727 1.21375
59455.61679384 2459456.1220007977 595.9717697650194 23.382499739527702 0.0 6.0 1.0 4884578.740126166 1024334.962556006 1.21375
59455.617499765 2459456.1227066824 596.9882438331842 24.398973807692528 0.0 6.0 0.0 4893631.002044675 1026217.0398785799 1.21375
59455.618205880004 2459456.123412756 598.0049894750118 25.41571944952011 0.0 6.0 1.0 4884235.507530972 1024288.3535055929 1.21375
59455.618911800004 2459456.124118634 599.0214541554451 26.432184129953384 0.0 6.0 0.0 4892315.056180972 1025965.8889527584 1.21375
59455.619617915 2459456.124824706 600.0381977856159 27.448927760124207 0.0 6.0 1.0 4881486.805239103 1023670.7741201983 1.21375
59455.62032384 2459456.125530587 601.0546664893627 28.465396463871002 0.0 6.0 0.0 4893431.965197916 1026173.9468820102 1.21375
59455.621029949994 2459456.1262366525 602.071400731802 29.482130706310272 0.0 6.0 1.0 4883538.111995023 1024139.1225036287 1.21375
59455.621735880006 2459456.1269425373 603.0878747999668 30.498604774475098 0.0 6.0 0.0 4891792.912447894 1025823.6420338658 1.21375
59455.622441985004 2459456.127648596 604.1045996546745 31.515329629182816 0.0 6.0 1.0 4883890.676920315 1024228.5723924929 1.21375
59455.623147915 2459456.128354479 605.1210710406303 32.531801015138626 0.0 6.0 0.0 4893145.187558418 1026137.2979346401 1.21375
59455.62385384 2459456.1290603564 606.1375343799591 33.54826435446739 0.0 6.0 1.0 4882511.320951735 1023946.19595198 1.21375
59455.624559949996 2459456.129766418 607.1542632579803 34.56499323248863 0.0 6.0 0.0 4893500.029527667 1026162.5027010131 1.21375
59455.625266065 2459456.1304724845 608.1709988415241 35.58172881603241 0.0 6.0 1.0 4882850.585183638 1023955.0154307943 1.21375
59455.625971985 2459456.1311783553 609.1874527931213 36.59818276762962 0.0 6.0 0.0 4891982.565869934 1025844.4181359957 1.21375
59455.626677915 2459456.131884236 610.2039208263159 37.614650800824165 0.0 6.0 1.0 4881856.369130822 1023804.2720178096 1.21375
59455.627384025 2459456.132590296 611.2206476926804 38.631377667188644 0.0 6.0 0.0 4890425.764986989 1025552.2766289278 1.21375
59455.628090135 2459456.1332963556 612.2373732179403 39.648103192448616 0.0 6.0 1.0 4883143.784945013 1024087.3937735172 1.21375
59455.670902540005 2459456.176106704 673.8842748105526 0.0 0.0 7.0 0.0 4873103.786854215 1021983.5454893495 1.21375
59455.671608655 2459456.1768127945 674.9010452628136 1.016770452260971 0.0 7.0 1.0 4875280.632460864 1022407.0334764657 1.21375
59455.67231458 2459456.1775186947 675.9175414592028 2.0332666486501694 0.0 7.0 0.0 4877662.268389685 1022867.1781732955 1.21375
59455.673020505 2459456.1782245934 676.9340356439352 3.0497608333826065 0.0 7.0 1.0 4880412.271360725 1023510.8318250731 1.21375
59455.67372662 2459456.178930682 677.9508034139872 4.066528603434563 0.0 7.0 0.0 4880031.840431603 1023323.023889225 1.21375
59455.67443273 2459456.1796367643 678.9675617963076 5.083286985754967 0.0 7.0 1.0 4877357.977075053 1022832.1511165554 1.21375
59455.675138655 2459456.180342661 679.984053298831 6.099778488278389 0.0 7.0 0.0 4879079.875590669 1023146.5426303098 1.21375
59455.675844765 2459456.1810487416 681.0008089989424 7.116534188389778 0.0 7.0 1.0 4878628.298320798 1023114.8102988806 1.21375
59455.67655069 2459456.1817546366 682.0172978192568 8.133023008704185 0.0 7.0 0.0 4880419.225047672 1023417.2788470435 1.21375
59455.677256805 2459456.18246072 683.034058213234 9.14978340268135 0.0 7.0 1.0 4879401.128443631 1023264.1501319141 1.21375
59455.67796273 2459456.1831666133 684.0505443513393 10.166269540786743 0.0 7.0 0.0 4878273.4266520925 1022944.3435951712 1.21375
59455.678668655004 2459456.183872505 685.067028477788 11.182753667235374 0.0 7.0 1.0 4879930.198639479 1023401.6531567323 1.21375
59455.679374765 2459456.1845785812 686.0837781429291 12.19950333237648 0.0 7.0 0.0 4880287.22019914 1023402.1552367038 1.21375
59455.680080875 2459456.1852846555 687.1005251258612 13.21625031530857 0.0 7.0 1.0 4878952.841448773 1023171.2503159521 1.21375
59455.680786805 2459456.18599055 688.1170132756233 14.232738465070724 0.0 7.0 0.0 4881333.436068337 1023664.1623835036 1.21375
59455.681492915 2459456.1866966225 689.1337575763464 15.2494827657938 0.0 7.0 1.0 4878382.17753332 1023067.0408788784 1.21375
59455.682198840004 2459456.1874025096 690.1502349972725 16.265960186719894 0.0 7.0 0.0 4881226.247517495 1023588.4607761765 1.21375
59455.68290495 2459456.1881085797 691.1669759452343 17.2827011346817 0.0 7.0 1.0 4879342.363734494 1023241.0523316163 1.21375
59455.683610875 2459456.188814465 692.1834506839514 18.29917587339878 0.0 7.0 0.0 4881715.769159166 1023685.9462538458 1.21375
59455.684316804996 2459456.189520354 693.1999307870865 19.31565597653389 0.0 7.0 1.0 4880707.932398898 1023515.9399001944 1.21375
59455.685022915 2459456.1902264217 694.216668382287 20.33239357173443 0.0 7.0 0.0 4879713.163570231 1023306.9639583668 1.21375
59455.685729025005 2459456.1909324885 695.233404636383 21.34912982583046 0.0 7.0 1.0 4879396.220298733 1023289.2848240038 1.21375
59455.68643495 2459456.19163837 696.2498740106821 22.36559920012951 0.0 7.0 0.0 4878887.307705186 1023152.4061733901 1.21375
59455.687140875 2459456.19234425 697.2663413733244 23.382066562771797 0.0 7.0 1.0 4877478.123855292 1022889.8732333608 1.21375
59455.68784699 2459456.19305032 698.283081650734 24.39880684018135 0.0 7.0 0.0 4880007.215219056 1023288.0176897513 1.21375
59455.6885531 2459456.193756384 699.2998138815165 25.41553907096386 0.0 7.0 1.0 4878598.774422014 1023134.6881143892 1.21375
59455.689259025 2459456.1944622616 700.3162778913975 26.43200308084488 0.0 7.0 0.0 4879302.894112207 1023203.0759250672 1.21375
59455.68996495 2459456.1951681394 701.3327419012785 27.4484670907259 0.0 7.0 1.0 4878574.450891571 1023102.4075610798 1.21375
59455.69067106 2459456.1958742016 702.349471449852 28.465196639299393 0.0 7.0 0.0 4879922.753358899 1023317.6140888336 1.21375
59455.691377175 2459456.1965802675 703.3662063628435 29.481931552290916 0.0 7.0 1.0 4878459.804870548 1023035.2226431569 1.21375
59455.6920831 2459456.1972861434 704.3826676905155 30.49839287996292 0.0 7.0 0.0 4877832.745472243 1022898.0164491306 1.21375
59455.692789025 2459456.197992019 705.3991283476353 31.514853537082672 0.0 7.0 1.0 4877108.052686098 1022783.094166866 1.21375
59455.69349514 2459456.198698084 706.4158619195223 32.53158710896969 0.0 7.0 0.0 4879404.551771673 1023221.0591310072 1.21375
59455.694201245 2459456.1994041386 707.4325807392597 33.54830592870712 0.0 7.0 1.0 4878018.493109947 1023046.1355264253 1.21375
