# %ECSV 1.0
# ---
# datatype:
# - {name: t_mjd, datatype: float64}
# - {name: t_bjd, datatype: float64}
# - {name: t_visit, datatype: float64}
# - {name: t_orbit, datatype: float64}
# - {name: ivisit, datatype: float64}
# - {name: iorbit, datatype: float64}
# - {name: scan, datatype: float64}
# - {name: spec_opt, datatype: float64}
# - {name: var_opt, datatype: float64}
# - {name: wave, datatype: float64}
# schema: astropy-2.0
t_mjd t_bjd t_visit t_orbit ivisit iorbit scan spec_opt var_opt wave
59455.203888655 2459455.7091161143 1.4178257435560226 1.4178257435560226 0.0 0.0 0.0 5172746.736286764 1083928.6241099762 1.25875
59455.20459458 2459455.7098220186 2.4343279749155045 2.4343279749155045 0.0 0.0 1.0 5204596.786120151 1090506.463655429 1.25875
59455.205300689995 2459455.7105281074 3.4510957449674606 3.4510957449674606 0.0 0.0 0.0 5207587.482150943 1091130.4793087402 1.25875
59455.20600662 2459455.7112340154 4.467603340744972 4.467603340744972 0.0 0.0 1.0 5223728.527126935 1094501.1186696473 1.25875
59455.20671273 2459455.7119401037 5.484370440244675 5.484370440244675 0.0 0.0 0.0 5219454.392210638 1093521.8783132518 1.25875
59455.207418655 2459455.712646005 6.500868648290634 6.500868648290634 0.0 0.0 1.0 5232025.445050713 1096196.530837483 1.25875
59455.208124765 2459455.713352092 7.517633736133575 7.517633736133575 0.0 0.0 0.0 5227427.330686622 1095218.3897144736 1.25875
59455.20883069 2459455.7140579927 8.534130603075027 8.534130603075027 0.0 0.0 1.0 5236438.639760217 1097131.037318791 1.25875
59455.209536805 2459455.7147640823 9.550899714231491 9.550899714231491 0.0 0.0 0.0 5231906.5839051865 1096081.1010753815 1.25875
59455.21024273 2459455.715469982 10.567395240068436 10.567395240068436 0.0 0.0 1.0 5238812.86290873 1097615.5034049219 1.25875
59455.21094884 2459455.716176065 11.584154963493347 11.584154963493347 0.0 0.0 0.0 5235150.198519064 1096779.8046745176 1.25875
59455.211654765 2459455.716881963 12.600647807121277 12.600647807121277 0.0 0.0 1.0 5239714.688906772 1097843.8232422539 1.25875
59455.212360875 2459455.7175880447 13.617405518889427 13.617405518889427 0.0 0.0 0.0 5234728.078661781 1096722.8522227413 1.25875
59455.213066805 2459455.7182939453 14.63390238583088 14.63390238583088 0.0 0.0 1.0 5240466.315466768 1097929.1240465767 1.25875
59455.213772915 2459455.7190000247 15.650656744837761 15.650656744837761 0.0 0.0 0.0 5237593.208023632 1097295.5492845562 1.25875
59455.214478840004 2459455.719705919 16.66714422404766 16.66714422404766 0.0 0.0 1.0 5242813.398421512 1098411.8469000347 1.25875
59455.21518495 2459455.7204119964 17.683895900845528 17.683895900845528 0.0 0.0 0.0 5236117.609212414 1096972.268922556 1.25875
59455.215890875 2459455.721117888 18.70038002729416 18.70038002729416 0.0 0.0 1.0 5242930.209757576 1098457.078942173 1.25875
59455.216596989994 2459455.721823969 19.717136397957802 19.717136397957802 0.0 0.0 0.0 5237420.936283904 1097257.8399388338 1.25875
59455.217302915 2459455.722529859 20.733617842197418 20.733617842197418 0.0 0.0 1.0 5241115.323884959 1098090.1946722332 1.25875
59455.218009025004 2459455.723235932 21.750363484025 21.750363484025 0.0 0.0 0.0 5237181.7912959745 1097195.217560305 1.25875
59455.21871495 2459455.7239418197 22.76684157550335 22.76684157550335 0.0 0.0 1.0 5242686.469523212 1098402.6768559413 1.25875
59455.21942106 2459455.7246478912 23.783584535121918 23.783584535121918 0.0 0.0 0.0 5236989.178072841 1097150.0693294841 1.25875
59455.220126989996 2459455.725353782 24.80006732046604 24.80006732046604 0.0 0.0 1.0 5243154.389819994 1098457.265819892 1.25875
59455.2208331 2459455.7260598517 25.816807597875595 25.816807597875595 0.0 0.0 0.0 5237001.536077538 1097176.0020830203 1.25875
59455.221539025 2459455.7267657355 26.833280324935913 26.833280324935913 0.0 0.0 1.0 5241018.814240811 1098065.0793013046 1.25875
59455.22224514 2459455.727471808 27.85002462565899 27.85002462565899 0.0 0.0 0.0 5236698.000249064 1097073.8980729813 1.25875
59455.22295106 2459455.728177685 28.8664872944355 28.8664872944355 0.0 0.0 1.0 5241620.168369147 1098190.6640462873 1.25875
59455.223657174996 2459455.728883756 29.883229583501816 29.883229583501816 0.0 0.0 0.0 5235293.630756085 1096797.0896253232 1.25875
59455.2243631 2459455.729589636 30.899696946144104 30.899696946144104 0.0 0.0 1.0 5240925.200627675 1098081.3529440844 1.25875
59455.225069210006 2459455.7302957005 31.916429847478867 31.916429847478867 0.0 0.0 0.0 5235959.510880494 1096953.4279728036 1.25875
59455.22577514 2459455.731001584 32.93290190398693 32.93290190398693 0.0 0.0 1.0 5243961.203804827 1098695.7455345455 1.25875
59455.226481245 2459455.731707642 33.94962541759014 33.94962541759014 0.0 0.0 0.0 5238029.596676577 1097357.8021225142 1.25875
59455.227187175 2459455.7324135243 34.9660961329937 34.9660961329937 0.0 0.0 1.0 5243560.637144367 1098564.7216680702 1.25875
59455.227893285 2459455.733119586 35.98282501101494 35.98282501101494 0.0 0.0 0.0 5237644.212538611 1097334.9473627405 1.25875
59455.22859921 2459455.7338254624 36.9992870092392 36.9992870092392 0.0 0.0 1.0 5240871.872864495 1098026.9245891336 1.25875
59455.229305325 2459455.7345315283 38.01602192223072 38.01602192223072 0.0 0.0 0.0 5235376.887564535 1096839.838599594 1.25875
59455.230011245 2459455.735237399 39.032475873827934 39.032475873827934 0.0 0.0 1.0 5239748.00243188 1097779.7490496198 1.25875
59455.23071736 2459455.735943464 40.04920944571495 40.04920944571495 0.0 0.0 0.0 5236924.126853726 1097160.0367166197 1.25875
59455.231423285004 2459455.7366493386 41.065668761730194 41.065668761730194 0.0 0.0 1.0 5241806.494156083 1098212.6797326517 1.25875
59455.268981245 2459455.7742054434 95.14645971357822 0.0 0.0 1.0 0.0 5222239.05461922 1094116.523544168 1.25875
59455.269687175 2459455.774911353 96.1629693210125 1.0165096074342728 0.0 1.0 1.0 5224242.393085324 1094582.2048411104 1.25875
59455.270393285 2459455.7756174426 97.17973843216896 2.0332787185907364 0.0 1.0 0.0 5228203.807513803 1095337.1990267395 1.25875
59455.271099210004 2459455.776323346 98.19623932242393 3.0497796088457108 0.0 1.0 1.0 5222812.616963783 1094268.3892791155 1.25875
59455.271805325 2459455.77702944 99.21301446855068 4.066554754972458 0.0 1.0 0.0 5228338.227826047 1095382.473220719 1.25875
59455.272511245 2459455.777735338 100.22950798273087 5.083048269152641 0.0 1.0 1.0 5225668.883129521 1094902.7278989523 1.25875
59455.273217359994 2459455.77844143 101.2462804466486 6.0998207330703735 0.0 1.0 0.0 5230242.154379057 1095759.8909282712 1.25875
59455.273923285 2459455.7791473316 102.26277865469456 7.116318941116333 0.0 1.0 1.0 5227419.617510385 1095243.5222262156 1.25875
59455.274629395004 2459455.779853418 103.27954307198524 8.13308335840702 0.0 1.0 0.0 5227264.775179763 1095159.8096048413 1.25875
59455.275335325 2459455.7805593233 104.29604664444923 9.14958693087101 0.0 1.0 1.0 5226892.548130799 1095025.0722893996 1.25875
59455.27604143 2459455.7812654027 105.31280100345612 10.166341289877892 0.0 1.0 0.0 5229583.562596432 1095649.088197245 1.25875
59455.276747359996 2459455.7819713065 106.32930256426334 11.18284285068512 0.0 1.0 1.0 5225894.204292306 1094894.8520219433 1.25875
59455.27745347 2459455.7826773897 107.34606228768826 12.199602574110031 0.0 1.0 0.0 5228319.351074764 1095358.490267066 1.25875
59455.278159395 2459455.7833832866 108.36255379021168 13.216094076633453 0.0 1.0 1.0 5225780.130654908 1094963.7924385893 1.25875
59455.27886551 2459455.784089373 109.37931820750237 14.232858493924141 0.0 1.0 0.0 5229416.7051678095 1095617.8961056706 1.25875
59455.27957143 2459455.784795263 110.39579965174198 15.249339938163757 0.0 1.0 1.0 5224834.6102701025 1094646.0553492217 1.25875
59455.280277544996 2459455.7855013474 111.41256138682365 16.26610167324543 0.0 1.0 0.0 5229848.816999143 1095750.3279418822 1.25875
59455.28098347 2459455.78620724 112.4290468543768 17.28258714079857 0.0 1.0 1.0 5223850.987254702 1094441.008383474 1.25875
59455.281689580006 2459455.7869133176 113.44579853117466 18.299338817596436 0.0 1.0 0.0 5228519.321069414 1095483.0915480223 1.25875
59455.28239551 2459455.7876192136 114.46228869259357 19.31582897901535 0.0 1.0 1.0 5223330.251694515 1094382.0313640027 1.25875
59455.283101615 2459455.7883252837 115.47902964055538 20.332569926977158 0.0 1.0 0.0 5228610.87813419 1095423.6887776495 1.25875
59455.283807545 2459455.7890311778 116.49551711976528 21.349057406187057 0.0 1.0 1.0 5223499.163579699 1094367.566827677 1.25875
59455.284513655 2459455.789737251 117.51226276159286 22.36580304801464 0.0 1.0 0.0 5230826.879157254 1095953.902177367 1.25875
59455.28521958 2459455.790443138 118.52874018251896 23.382280468940735 0.0 1.0 1.0 5222787.4309688965 1094245.1259702125 1.25875
59455.285925695 2459455.7911492144 119.54548984766006 24.39903013408184 0.0 1.0 0.0 5228342.0889575975 1095386.2260909544 1.25875
59455.286631615 2459455.791855094 120.5619565397501 25.415496826171875 0.0 1.0 1.0 5225188.686189606 1094814.5175161953 1.25875
59455.28733773 2459455.792561169 121.57870419323444 26.43224447965622 0.0 1.0 0.0 5229719.275816856 1095737.4426758294 1.25875
59455.288043655004 2459455.7932670517 122.59517557919025 27.44871586561203 0.0 1.0 1.0 5223699.118246499 1094438.4277902844 1.25875
59455.288749765 2459455.793973119 123.61191250383854 28.465452790260315 0.0 1.0 0.0 5227679.503123207 1095272.8381559039 1.25875
59455.289455695 2459455.794679005 124.62838858366013 29.4819288700819 0.0 1.0 1.0 5220618.9259890765 1093760.1355778002 1.25875
59455.2901618 2459455.795385066 125.64511612057686 30.498656406998634 0.0 1.0 0.0 5226609.760929606 1095041.2030770916 1.25875
59455.29086773 2459455.7960909507 126.66159018874168 31.51513047516346 0.0 1.0 1.0 5222839.426694189 1094307.5431469046 1.25875
59455.29157384 2459455.796797015 127.67832241952419 32.53186270594597 0.0 1.0 0.0 5228354.543378094 1095346.0030981977 1.25875
59455.292279764995 2459455.797502893 128.69478709995747 33.54832738637924 0.0 1.0 1.0 5220450.705910253 1093730.3424665208 1.25875
59455.292985880005 2459455.7982089603 129.71152402460575 34.56506431102753 0.0 1.0 0.0 5226229.139401096 1094968.9295816973 1.25875
59455.293691800005 2459455.7989148325 130.72797998785973 35.5815202742815 0.0 1.0 1.0 5222312.6935499795 1094168.5108402784 1.25875
59455.294397915 2459455.799620899 131.7447155714035 36.59825585782528 0.0 1.0 0.0 5227515.901565729 1095227.4645004608 1.25875
59455.29510384 2459455.8003267753 132.76117756962776 37.61471785604954 0.0 1.0 1.0 5223150.4380639875 1094301.4997947828 1.25875
59455.295809949996 2459455.801032836 133.7779051065445 38.63144539296627 0.0 1.0 0.0 5226200.60148088 1094982.5759897283 1.25875
59455.29651588 2459455.801738716 134.79437246918678 39.64791275560856 0.0 1.0 1.0 5222184.014146727 1094155.2496633504 1.25875
59455.297221985 2459455.802444771 135.81109128892422 40.66463157534599 0.0 1.0 0.0 5225636.396385719 1094776.6461173673 1.25875
59455.297927915 2459455.8031506506 136.82755798101425 41.68109826743603 0.0 1.0 1.0 5220752.47507715 1093866.4138351348 1.25875
59455.335150135 2459455.840371036 190.42491294443607 0.0 0.0 2.0 0.0 5210868.715978562 1091649.1939907565 1.25875
59455.33585625 2459455.8410771303 191.44168876111507 1.0167758166790009 0.0 2.0 1.0 5214065.217741133 1092426.2222875517 1.25875
59455.33656217 2459455.8417830295 192.45818361639977 2.0332706719636917 0.0 2.0 0.0 5215189.817709088 1092642.6832188726 1.25875
59455.337268285 2459455.8424891233 193.4749587625265 3.050045818090439 0.0 2.0 1.0 5214719.446115481 1092499.4041621257 1.25875
59455.33797421 2459455.8431950263 194.49145898222923 4.0665460377931595 0.0 2.0 0.0 5215518.35047308 1092637.1027462834 1.25875
59455.33868032 2459455.843901114 195.50822541117668 5.083312466740608 0.0 2.0 1.0 5216547.588323497 1092880.9946164496 1.25875
59455.339386249994 2459455.8446070217 196.52473233640194 6.099819391965866 0.0 2.0 0.0 5216832.887311599 1092926.5527529796 1.25875
59455.340092355 2459455.8453131034 197.5414900481701 7.116577103734016 0.0 2.0 1.0 5216639.624191896 1092939.4887189656 1.25875
59455.340798285004 2459455.846019009 198.55799429118633 8.13308134675026 0.0 2.0 0.0 5215603.50420125 1092713.1013095758 1.25875
59455.341504395 2459455.8467250946 199.5747573673725 9.14984442293644 0.0 2.0 1.0 5217426.343943907 1093104.7143477516 1.25875
59455.34221032 2459455.847430994 200.5912522226572 10.16633927822113 0.0 2.0 0.0 5215132.152522148 1092696.1519784052 1.25875
59455.342916435 2459455.848137083 201.6080206632614 11.18310771882534 0.0 2.0 1.0 5216372.545844969 1092893.443708112 1.25875
59455.343622355 2459455.848842975 202.6245054602623 12.199592515826225 0.0 2.0 0.0 5216332.894306288 1092861.3439814977 1.25875
59455.344328470004 2459455.8495490626 203.6412712186575 13.21635827422142 0.0 2.0 1.0 5217668.812686408 1093149.2119546575 1.25875
59455.345034394995 2459455.8502549585 204.6577613800764 14.232848435640335 0.0 2.0 0.0 5217423.252169383 1093087.3209307725 1.25875
59455.345740505 2459455.850961039 205.6745170801878 15.249604135751724 0.0 2.0 1.0 5218712.254056088 1093357.7292484576 1.25875
59455.346446434996 2459455.8516669376 206.69101126492023 16.26609832048416 0.0 2.0 0.0 5216415.465030836 1092848.257358929 1.25875
59455.347152539995 2459455.852373011 207.70775690674782 17.282843962311745 0.0 2.0 1.0 5215916.641461221 1092807.8226872983 1.25875
59455.347858470006 2459455.853078908 208.72424840927124 18.299335464835167 0.0 2.0 0.0 5215423.581794794 1092676.654850012 1.25875
59455.34856458 2459455.8537849844 209.7409987449646 19.316085800528526 0.0 2.0 1.0 5217450.013483071 1093098.1043366762 1.25875
59455.349270505 2459455.8544908743 210.75748018920422 20.332567244768143 0.0 2.0 0.0 5214828.54417573 1092540.0364859386 1.25875
59455.34997662 2459455.8551969533 211.77423387765884 21.34932093322277 0.0 2.0 1.0 5214918.516654293 1092575.3865010487 1.25875
59455.350682539996 2459455.855902836 212.79070526361465 22.36579231917858 0.0 2.0 0.0 5215412.714742099 1092680.8869618482 1.25875
59455.351388655 2459455.8566089137 213.80745694041252 23.382543995976448 0.0 2.0 1.0 5218583.678064474 1093335.4899206653 1.25875
59455.35209458 2459455.8573147994 214.82393234968185 24.39901940524578 0.0 2.0 0.0 5215870.339310363 1092732.8056967582 1.25875
59455.35280069 2459455.8580208695 215.84067329764366 25.415760353207588 0.0 2.0 1.0 5214271.314141381 1092444.3661429107 1.25875
59455.35350662 2459455.8587267585 216.85715340077877 26.432240456342697 0.0 2.0 0.0 5215926.842616805 1092748.235727882 1.25875
59455.35421273 2459455.8594328267 217.87389166653156 27.44897872209549 0.0 2.0 1.0 5213869.782321875 1092338.3080979334 1.25875
59455.354918655 2459455.8601387087 218.89036171138287 28.465448766946793 0.0 2.0 0.0 5214415.380722758 1092474.3512446494 1.25875
59455.355624765 2459455.8608447756 219.9070979654789 29.482185021042824 0.0 2.0 1.0 5216533.911936611 1092972.960043998 1.25875
59455.35633069 2459455.8615506557 220.92356532812119 30.498652383685112 0.0 2.0 0.0 5215099.612675401 1092607.4539731888 1.25875
59455.357036805 2459455.8622567253 221.94030560553074 31.515392661094666 0.0 2.0 1.0 5215037.871025088 1092638.4471898722 1.25875
59455.35774273 2459455.8629626045 222.95677162706852 32.531858682632446 0.0 2.0 0.0 5214147.458944052 1092428.5964734019 1.25875
59455.358448839994 2459455.863668668 223.97350318729877 33.5485902428627 0.0 2.0 1.0 5214817.120883718 1092544.8285873185 1.25875
59455.359154765 2459455.8643745454 224.98996652662754 34.56505358219147 0.0 2.0 0.0 5214633.460933486 1092523.3500876953 1.25875
59455.359860875 2459455.8650806076 226.00669607520103 35.58178313076496 0.0 2.0 1.0 5215206.078986669 1092678.425906043 1.25875
59455.360566805 2459455.865786489 227.02316544950008 36.59825250506401 0.0 2.0 0.0 5214126.244215212 1092395.2331998718 1.25875
59455.361272915005 2459455.8664925494 228.03989231586456 37.61497937142849 0.0 2.0 1.0 5213103.547040785 1092176.652626333 1.25875
59455.361978839996 2459455.8671984253 229.05635364353657 38.631440699100494 0.0 2.0 0.0 5214107.266111376 1092393.5282280883 1.25875
59455.36268495 2459455.8679044857 230.07308050990105 39.64816756546497 0.0 2.0 1.0 5215592.333485289 1092701.7901036153 1.25875
59455.363390875 2459455.8686103607 231.08954049646854 40.66462755203247 0.0 2.0 0.0 5212328.652062825 1092017.9272842284 1.25875
59455.36409699 2459455.869316425 232.1062733978033 41.68136045336723 0.0 2.0 1.0 5213078.758178573 1092180.1880044367 1.25875
59455.40133069 2459455.9065482863 285.7201534509659 0.0 0.0 3.0 0.0 5200661.271715116 1089681.407151255 1.25875
59455.402036805 2459455.9072543806 286.7369292676449 1.0167758166790009 0.0 3.0 1.0 5201518.669875024 1089816.0688032648 1.25875
59455.40274273 2459455.9079602845 287.7534308284521 2.033277377486229 0.0 3.0 0.0 5203579.436914135 1090276.2550874627 1.25875
59455.40344884 2459455.9086663737 288.7701992690563 3.050045818090439 0.0 3.0 1.0 5205270.781628486 1090655.8090236688 1.25875
59455.404154765 2459455.9093722766 289.78669948875904 4.0665460377931595 0.0 3.0 0.0 5203729.352528449 1090263.274560483 1.25875
59455.404860875 2459455.9100783644 290.8034659177065 5.083312466740608 0.0 3.0 1.0 5206250.836267292 1090836.4007164906 1.25875
59455.405566805 2459455.9107842715 291.8199721723795 6.099818721413612 0.0 3.0 0.0 5207037.207029008 1091022.675146905 1.25875
59455.406272915 2459455.9114903584 292.83673726022243 7.116583809256554 0.0 3.0 1.0 5204352.4812722765 1090441.2700216495 1.25875
59455.406978839994 2459455.912196259 293.8532341271639 8.133080676198006 0.0 3.0 0.0 5205577.429267973 1090640.0236678203 1.25875
59455.40768495 2459455.9129023445 294.86999720335007 9.149843752384186 0.0 3.0 1.0 5204205.978458547 1090387.7212826062 1.25875
59455.408390875 2459455.9136082437 295.88649205863476 10.166338607668877 0.0 3.0 0.0 5205964.20338647 1090750.5419807127 1.25875
59455.40909699 2459455.914314332 296.90325915813446 11.183105707168579 0.0 3.0 1.0 5204807.717580648 1090561.3695826733 1.25875
59455.409802915005 2459455.91502023 297.91975267231464 12.199599221348763 0.0 3.0 0.0 5206340.418652587 1090857.2380850965 1.25875
59455.410509025 2459455.915726312 298.9365103840828 13.216356933116913 0.0 3.0 1.0 5204177.564368387 1090380.280750728 1.25875
59455.41121495 2459455.916432208 299.9530005455017 14.232847094535828 0.0 3.0 0.0 5209018.946142842 1091376.770792449 1.25875
59455.411921060004 2459455.917138288 300.96975557506084 15.249602124094963 0.0 3.0 1.0 5203847.217398641 1090366.228419342 1.25875
59455.41262699 2459455.917844187 301.98625043034554 16.266096979379654 0.0 3.0 0.0 5204355.640911249 1090393.7366841335 1.25875
59455.4133331 2459455.9185502646 303.0030021071434 17.28284865617752 0.0 3.0 1.0 5203110.851759101 1090153.9649720408 1.25875
59455.414039024996 2459455.9192561572 304.01948757469654 18.29933412373066 0.0 3.0 0.0 5203793.847093208 1090314.0216803306 1.25875
59455.414745140006 2459455.919962238 305.0362439453602 19.316090494394302 0.0 3.0 1.0 5200554.227852432 1089664.5761131756 1.25875
59455.415451060006 2459455.920668123 306.052718013525 20.332564562559128 0.0 3.0 0.0 5202715.543442454 1090045.2644450772 1.25875
59455.416157175 2459455.921374202 307.06947170197964 21.349318251013756 0.0 3.0 1.0 5195286.964300201 1088575.1453327374 1.25875
59455.4168631 2459455.9220800903 308.0859511345625 22.36579768359661 0.0 3.0 0.0 5197370.735642483 1088988.675067624 1.25875
59455.417569209996 2459455.922786162 309.10269409418106 23.38254064321518 0.0 3.0 1.0 5195337.297142391 1088624.0247882023 1.25875
59455.41827514 2459455.923492053 310.11917755007744 24.399024099111557 0.0 3.0 0.0 5195250.603743761 1088580.709107742 1.25875
59455.418981245 2459455.9241981176 311.1359104514122 25.41575700044632 0.0 3.0 1.0 5192146.988016691 1087912.9043265881 1.25875
59455.419687175 2459455.924904007 312.15239122509956 26.432237774133682 0.0 3.0 0.0 5194718.448887198 1088381.5040092927 1.25875
59455.420393285 2459455.925610075 313.1691288203001 27.44897536933422 0.0 3.0 1.0 5192908.095450433 1088110.8370283982 1.25875
59455.42109921 2459455.926315957 314.18559953570366 28.465446084737778 0.0 3.0 0.0 5194443.488125134 1088352.251212936 1.25875
59455.421805325 2459455.9270220282 315.20234182477 29.482188373804092 0.0 3.0 1.0 5192917.6084823795 1088148.2069578262 1.25875
59455.422511245 2459455.927727904 316.218803152442 30.498649701476097 0.0 3.0 0.0 5196927.878472846 1088857.7746071562 1.25875
59455.42321736 2459455.9284339733 317.2355427592993 31.515389308333397 0.0 3.0 1.0 5190346.820909856 1087572.4132292492 1.25875
59455.423923285 2459455.9291398525 318.25200878083706 32.53185532987118 0.0 3.0 0.0 5195221.771116867 1088550.3961543865 1.25875
59455.424629395 2459455.9298459156 319.26873967051506 33.54858621954918 0.0 3.0 1.0 5190797.301765122 1087659.6954612671 1.25875
59455.425335325 2459455.930551798 320.2852103859186 34.565056934952736 0.0 3.0 0.0 5193263.415898039 1088096.8333200153 1.25875
59455.42604143 2459455.931257855 321.3019325584173 35.58177910745144 0.0 3.0 1.0 5190290.4458668595 1087478.9981349944 1.25875
59455.426747360005 2459455.931963736 322.3184012621641 36.598247811198235 0.0 3.0 0.0 5190005.117316845 1087491.4535276312 1.25875
59455.42745347 2459455.9326697974 323.3351294696331 37.61497601866722 0.0 3.0 1.0 5189109.999273702 1087309.5474047433 1.25875
59455.428159395 2459455.9333756734 324.3515907973051 38.631437346339226 0.0 3.0 0.0 5193180.59866616 1088122.6024485421 1.25875
59455.428865509995 2459455.9340817383 325.3683243691921 39.64817091822624 0.0 3.0 1.0 5191259.694060651 1087730.0278572596 1.25875
59455.429571429995 2459455.934787608 326.38477697968483 40.66462352871895 0.0 3.0 0.0 5191750.75812579 1087807.612991938 1.25875
59455.430277545 2459455.9354936727 327.4015098810196 41.68135643005371 0.0 3.0 1.0 5189900.73498047 1087485.8488183871 1.25875
59455.467488099996 2459455.9727023863 380.98205745220184 0.0 0.0 4.0 0.0 5179840.568184505 1085405.2370286481 1.25875
59455.46819421 2459455.9734084755 381.99882589280605 1.01676844060421 0.0 4.0 1.0 5175009.394832763 1084474.4834085938 1.25875
59455.468900135 2459455.9741143794 383.0153274536133 2.033270001411438 0.0 4.0 0.0 5179921.020333902 1085385.1110038597 1.25875
59455.46960625 2459455.974820473 384.03210259974 3.050045147538185 0.0 4.0 1.0 5176697.908702999 1084772.7578223196 1.25875
59455.47031217 2459455.9755263715 385.0485961139202 4.0665386617183685 0.0 4.0 0.0 5182266.763589186 1085914.6212092296 1.25875
59455.471018284996 2459455.976232464 386.0653692483902 5.0833117961883545 0.0 4.0 1.0 5179749.85307655 1085385.6245349522 1.25875
59455.47172421 2459455.976938366 387.0818681269884 6.099810674786568 0.0 4.0 0.0 5183115.050333403 1086090.7585571343 1.25875
59455.472430320006 2459455.9776444524 388.0986325442791 7.116575092077255 0.0 4.0 1.0 5178517.023024366 1085113.3213247957 1.25875
59455.47313625 2459455.9783503585 389.1151374578476 8.133080005645752 0.0 4.0 0.0 5184345.823230612 1086331.7087932494 1.25875
59455.473842355 2459455.9790564384 390.13189248740673 9.149835035204887 0.0 4.0 1.0 5181530.064911218 1085730.297698916 1.25875
59455.474548285 2459455.9797623428 391.1483947187662 10.16633726656437 0.0 4.0 0.0 5184562.744878727 1086354.2906564907 1.25875
59455.475254395 2459455.9804684264 392.1651551127434 11.183097660541534 0.0 4.0 1.0 5179817.551979143 1085419.6744100424 1.25875
59455.47596032 2459455.981174324 393.1816479563713 12.199590504169464 0.0 4.0 0.0 5184155.94736269 1086330.0952695261 1.25875
59455.476666435 2459455.981880411 394.19841304421425 13.216355592012405 0.0 4.0 1.0 5181796.184010007 1085807.3230511555 1.25875
59455.477372355 2459455.982586302 395.2148958295584 14.23283837735653 0.0 4.0 0.0 5184859.991702399 1086465.1050015509 1.25875
59455.47807847 2459455.983292387 396.2316582351923 15.249600782990456 0.0 4.0 1.0 5180554.700252184 1085557.3653549536 1.25875
59455.478784395 2459455.9839982805 397.24814504384995 16.266087591648102 0.0 4.0 0.0 5186159.761972705 1086668.8490470233 1.25875
59455.479490505 2459455.984704359 398.2648980617523 17.282840609550476 0.0 4.0 1.0 5179136.817422809 1085277.849857654 1.25875
59455.480196435004 2459455.985410256 399.28138956427574 18.2993321120739 0.0 4.0 0.0 5186518.306280641 1086763.703405556 1.25875
59455.48090254 2459455.986116327 400.29813185334206 19.316074401140213 0.0 4.0 1.0 5179468.206366267 1085335.8625372155 1.25875
59455.48160847 2459455.986822222 401.31462067365646 20.33256322145462 0.0 4.0 0.0 5185410.939413311 1086560.1150826744 1.25875
59455.482314580004 2459455.9875282957 402.3313669860363 21.349309533834457 0.0 4.0 1.0 5179671.745425407 1085361.5496046836 1.25875
59455.483020505 2459455.9882341833 403.34784507751465 22.365787625312805 0.0 4.0 0.0 5184481.916381333 1086364.499507969 1.25875
59455.483726620005 2459455.988940261 404.3645967543125 23.382539302110672 0.0 4.0 1.0 5179287.635899519 1085334.2505192994 1.25875
59455.484432540004 2459455.9896461414 405.38106478750706 24.399007335305214 0.0 4.0 0.0 5183997.403939177 1086225.4704778106 1.25875
59455.485138655 2459455.9903522166 406.39781311154366 25.415755659341812 0.0 4.0 1.0 5179876.8845968135 1085381.4419691167 1.25875
59455.48584458 2459455.9910581005 407.414285838604 26.43222838640213 0.0 4.0 0.0 5185478.969189367 1086597.8041759487 1.25875
59455.486550689995 2459455.9917641687 408.43102410435677 27.448966652154922 0.0 4.0 1.0 5180689.333621354 1085569.9440038393 1.25875
59455.48725662 2459455.9924700554 409.4475008547306 28.465443402528763 0.0 4.0 0.0 5186276.1431954205 1086753.7431445343 1.25875
59455.48796273 2459455.993176122 410.46423710882664 29.482179656624794 0.0 4.0 1.0 5176952.572668524 1084833.1887237283 1.25875
59455.488668655 2459455.9938820023 411.4807044714689 30.498647019267082 0.0 4.0 0.0 5185239.716955573 1086553.5556784126 1.25875
59455.489374765 2459455.994588067 412.4974373728037 31.515379920601845 0.0 4.0 1.0 5177474.258368086 1084895.1118964266 1.25875
59455.49008069 2459455.9952939455 413.5139027237892 32.53184527158737 0.0 4.0 0.0 5185940.266647496 1086655.8482753285 1.25875
59455.490786805 2459455.996000014 414.530640989542 33.548583537340164 0.0 4.0 1.0 5179176.08409302 1085294.6376130613 1.25875
59455.49149273 2459455.9967058916 415.547104999423 34.565047547221184 0.0 4.0 0.0 5184689.420276787 1086419.4993264822 1.25875
59455.49219884 2459455.9974119533 416.56383387744427 35.581776425242424 0.0 4.0 1.0 5179978.898669297 1085453.5186369058 1.25875
59455.492904765 2459455.9981178297 417.5802958756685 36.59823842346668 0.0 4.0 0.0 5182968.257183671 1086039.4345340384 1.25875
59455.493610875 2459455.998823891 418.5970240831375 37.61496663093567 0.0 4.0 1.0 5179101.032963975 1085289.7159102275 1.25875
59455.494316805 2459455.9995297715 419.61349211633205 38.63143466413021 0.0 4.0 0.0 5183624.363234522 1086206.6633161977 1.25875
59455.495022915 2459456.0002358314 420.6302183121443 39.648160859942436 0.0 4.0 1.0 5178674.891789874 1085199.2384513954 1.25875
59455.495728840004 2459456.0009417064 421.6466782987118 40.66462084650993 0.0 4.0 0.0 5182852.786888286 1086034.310951682 1.25875
59455.49643495 2459456.0016477657 422.66340382397175 41.681346371769905 0.0 4.0 1.0 5177604.332281338 1084934.500847603 1.25875
59455.533657175 2459456.038868145 476.26075007021427 0.0 0.0 5.0 0.0 5169781.657482241 1083261.6501847955 1.25875
59455.534363285 2459456.0395742343 477.2775185108185 1.01676844060421 0.0 5.0 1.0 5171178.858296819 1083554.9343521434 1.25875
59455.535069210004 2459456.040280138 478.2940200716257 2.033270001411438 0.0 5.0 0.0 5173528.898472008 1083999.6295458414 1.25875
59455.535775325 2459456.040986231 479.31079387664795 3.0500438064336777 0.0 5.0 1.0 5172865.879093394 1083927.2375225697 1.25875
59455.536481245 2459456.0416921293 480.32728739082813 4.066537320613861 0.0 5.0 0.0 5174352.65310376 1084204.3335282383 1.25875
59455.537187359994 2459456.0423982223 481.3440611958504 5.083311125636101 0.0 5.0 1.0 5173903.139340622 1084127.5530909337 1.25875
59455.537893285 2459456.0431041243 482.3605600744486 6.099810004234314 0.0 5.0 0.0 5172756.143114452 1083878.4452350407 1.25875
59455.538599395004 2459456.0438102107 483.3773244917393 7.1165744215250015 0.0 5.0 1.0 5173309.417025336 1084051.8020070943 1.25875
59455.539305325 2459456.0445161164 484.3938287347555 8.133078664541245 0.0 5.0 0.0 5176900.637512826 1084703.4011294523 1.25875
59455.54001143 2459456.0452221963 485.41058376431465 9.14983369410038 0.0 5.0 1.0 5176244.091996634 1084638.2225730622 1.25875
59455.540717359996 2459456.0459281006 486.42708599567413 10.166335925459862 0.0 5.0 0.0 5174616.313565072 1084323.0863568895 1.25875
59455.54142347 2459456.0466341837 487.44384571909904 11.183095648884773 0.0 5.0 1.0 5177103.625045865 1084837.792756649 1.25875
59455.542129395 2459456.0473400815 488.460338562727 12.199588492512703 0.0 5.0 0.0 5177218.662026513 1084804.7732749584 1.25875
59455.54283551 2459456.0480461684 489.4771036505699 13.216353580355644 0.0 5.0 1.0 5175599.483169892 1084501.191718914 1.25875
59455.54354143 2459456.048752059 490.49358643591404 14.232836365699768 0.0 5.0 0.0 5177654.976046681 1084887.2963398811 1.25875
59455.544247544996 2459456.0494581438 491.5103481709957 15.24959810078144 0.0 5.0 1.0 5176502.088969882 1084723.0448680073 1.25875
59455.54495347 2459456.050164038 492.5268356502056 16.26608557999134 0.0 5.0 0.0 5175289.3267145725 1084389.8475094892 1.25875
59455.545659580006 2459456.050870116 493.54358799755573 17.28283792734146 0.0 5.0 1.0 5175305.34588798 1084416.4715487913 1.25875
59455.54636551 2459456.051576013 494.5600801706314 18.299330100417137 0.0 5.0 0.0 5175268.99440116 1084378.537333571 1.25875
59455.547071615 2459456.052282084 495.57682178914547 19.316071718931198 0.0 5.0 1.0 5176458.543890687 1084701.1806793888 1.25875
59455.547777545 2459456.052987979 496.5933106094599 20.332560539245605 0.0 5.0 0.0 5175967.913878576 1084510.206331016 1.25875
59455.548483655 2459456.053694052 497.61005625128746 21.34930618107319 0.0 5.0 1.0 5176918.695025558 1084757.1421030613 1.25875
59455.54918958 2459456.0543999407 498.6265356838703 22.365785613656044 0.0 5.0 0.0 5175483.791331131 1084438.0967523435 1.25875
59455.549895695 2459456.0551060173 499.6432860195637 23.382535949349403 0.0 5.0 1.0 5176325.631945581 1084639.0944204254 1.25875
59455.550601615 2459456.0558118983 500.65975472331047 24.3990046530962 0.0 5.0 0.0 5176435.153235558 1084614.63580726 1.25875
59455.55130773 2459456.056517973 501.6765023767948 25.415752306580544 0.0 5.0 1.0 5176306.019590064 1084646.7798750058 1.25875
59455.552013655004 2459456.057223857 502.69297510385513 26.43222503364086 0.0 5.0 0.0 5178301.029220339 1085041.3493697727 1.25875
59455.552719765 2459456.0579299247 503.7097126990557 27.4489626288414 0.0 5.0 1.0 5179218.773633076 1085265.9150676737 1.25875
59455.553425695 2459456.058635812 504.72619011998177 28.465440049767494 0.0 5.0 0.0 5179991.848411861 1085389.5946157007 1.25875
59455.5541318 2459456.059341873 505.74291832745075 29.48216825723648 0.0 5.0 1.0 5179216.541860656 1085262.7100569175 1.25875
59455.55483773 2459456.0600477583 506.75939306616783 30.49864299595356 0.0 5.0 0.0 5183566.672614951 1086116.4434122234 1.25875
59455.55554384 2459456.0607538233 507.77612663805485 31.515376567840576 0.0 5.0 1.0 5183018.338759047 1085999.90724584 1.25875
59455.556249764995 2459456.0614597024 508.79259265959263 32.53184258937836 0.0 5.0 0.0 5184722.524683818 1086367.4959338533 1.25875
59455.556955880005 2459456.06216577 509.80933025479317 33.548580184578896 0.0 5.0 1.0 5183058.899498268 1086020.0557038244 1.25875
59455.557661800005 2459456.062871643 510.8257868885994 34.565036818385124 0.0 5.0 0.0 5185952.702263188 1086586.3995934678 1.25875
59455.558367915 2459456.0635777097 511.8425231426954 35.581773072481155 0.0 5.0 1.0 5185079.392947455 1086416.1728871933 1.25875
59455.55907384 2459456.0642835856 512.8589844703674 36.59823440015316 0.0 5.0 0.0 5183422.92754753 1086041.3718066844 1.25875
59455.559779949996 2459456.064989647 513.8757126778364 37.61496260762215 0.0 5.0 1.0 5184407.706010979 1086322.8687782371 1.25875
59455.56048588 2459456.0656955275 514.892180711031 38.63143064081669 0.0 5.0 0.0 5183970.167754829 1086194.3911688684 1.25875
59455.561191985 2459456.0664015827 515.9089002013206 39.64815013110638 0.0 5.0 1.0 5184878.694173065 1086386.3750551583 1.25875
59455.561897915 2459456.0671074623 516.9253668934107 40.66461682319641 0.0 5.0 0.0 5185393.462008367 1086473.86430551 1.25875
59455.562604025 2459456.067813522 517.9420930892229 41.68134301900864 0.0 5.0 1.0 5182780.222946888 1086014.7696100266 1.25875
59455.600555325 2459456.1057629506 572.5892700254917 0.0 0.0 6.0 0.0 5171938.928275443 1083733.0222540179 1.25875
59455.60126143 2459456.106469034 573.6060304194689 1.0167603939771652 0.0 6.0 1.0 5172555.026339167 1083899.6584152263 1.25875
59455.601967359995 2459456.1071749427 574.6225386857986 2.0332686603069305 0.0 6.0 0.0 5176632.726035466 1084733.238536939 1.25875
59455.60267347 2459456.107881031 575.6393057852983 3.050035759806633 0.0 6.0 1.0 5174019.486847277 1084190.7487665438 1.25875
59455.603379395005 2459456.108586933 576.6558046638966 4.066534638404846 0.0 6.0 0.0 5177166.284659817 1084799.556110374 1.25875
59455.60408551 2459456.1092930255 577.6725777983665 5.083307772874832 0.0 6.0 1.0 5173303.141882594 1083997.0028837894 1.25875
59455.60479143 2459456.1099989214 578.6890679597855 6.099797934293747 0.0 6.0 0.0 5178755.814868109 1085174.607519001 1.25875
59455.605497545 2459456.110705012 579.7058384120464 7.116568386554718 0.0 6.0 1.0 5173149.333047487 1083986.9226197076 1.25875
59455.60620347 2459456.111410912 580.7223346084356 8.133064582943916 0.0 6.0 0.0 5178629.933727988 1085182.3173073407 1.25875
59455.606909580005 2459456.112116996 581.739095672965 9.149825647473335 0.0 6.0 1.0 5173836.912836948 1084116.9195105392 1.25875
59455.60761551 2459456.1128228996 582.75559656322 10.16632653772831 0.0 6.0 0.0 5179529.037843599 1085381.5271111405 1.25875
59455.608321615 2459456.113528977 583.7723482400179 11.183078214526176 0.0 6.0 1.0 5173273.8065541815 1083993.7210591966 1.25875
59455.609027545 2459456.1142348787 584.7888464480639 12.199576422572136 0.0 6.0 0.0 5179316.9900323665 1085286.4800367213 1.25875
59455.60973347 2459456.114940774 585.8053359389305 13.216065913438797 0.0 6.0 1.0 5173879.23874993 1084111.3092607867 1.25875
59455.61043958 2459456.115646854 586.8220909684896 14.232820942997932 0.0 6.0 0.0 5179653.488250946 1085343.0821294305 1.25875
59455.611145695 2459456.116352938 587.8388520330191 15.249582007527351 0.0 6.0 1.0 5174453.8029916175 1084270.719060266 1.25875
59455.611851615 2459456.1170588257 588.8553301244974 16.2660600990057 0.0 6.0 0.0 5177258.366797645 1084839.0472336218 1.25875
59455.612557545 2459456.1177647226 589.8718216270208 17.28255160152912 0.0 6.0 1.0 5172148.58899724 1083801.47177011 1.25875
59455.613263655 2459456.1184707982 590.8885706216097 18.299300596117973 0.0 6.0 0.0 5176795.58039748 1084768.0137142541 1.25875
59455.613969765 2459456.1191768735 591.9053189456463 19.31604892015457 0.0 6.0 1.0 5173265.865126457 1084045.4582651667 1.25875
59455.614675695004 2459456.119882767 592.9218057543039 20.332535728812218 0.0 6.0 0.0 5180061.466640569 1085459.1850276818 1.25875
59455.6153818 2459456.120588835 593.9385433495045 21.349273324012756 0.0 6.0 1.0 5172970.128667306 1083943.168065459 1.25875
59455.61608773 2459456.1212947266 594.9550274759531 22.365757450461388 0.0 6.0 0.0 5178059.354914902 1085020.3544908662 1.25875
59455.61679384 2459456.1220007977 595.9717697650194 23.382499739527702 0.0 6.0 1.0 5172092.576216731 1083747.3493265328 1.25875
59455.617499765 2459456.1227066824 596.9882438331842 24.398973807692528 0.0 6.0 0.0 5179455.4960268475 1085333.627059821 1.25875
59455.618205880004 2459456.123412756 598.0049894750118 25.41571944952011 0.0 6.0 1.0 5172478.614788238 1083855.599507345 1.25875
59455.618911800004 2459456.124118634 599.0214541554451 26.432184129953384 0.0 6.0 0.0 5180498.328064387 1085552.9605870915 1.25875
59455.619617915 2459456.124824706 600.0381977856159 27.448927760124207 0.0 6.0 1.0 5172618.21283939 1083826.1118464589 1.25875
59455.62032384 2459456.125530587 601.0546664893627 28.465396463871002 0.0 6.0 0.0 5179309.006293186 1085286.919868423 1.25875
59455.621029949994 2459456.1262366525 602.071400731802 29.482130706310272 0.0 6.0 1.0 5173842.618348287 1084131.6856802362 1.25875
59455.621735880006 2459456.1269425373 603.0878747999668 30.498604774475098 0.0 6.0 0.0 5177886.802668101 1084995.9069826882 1.25875
59455.622441985004 2459456.127648596 604.1045996546745 31.515329629182816 0.0 6.0 1.0 5171575.95196948 1083681.1682869245 1.25875
59455.623147915 2459456.128354479 605.1210710406303 32.531801015138626 0.0 6.0 0.0 5179358.958428221 1085331.8182315885 1.25875
59455.62385384 2459456.1290603564 606.1375343799591 33.54826435446739 0.0 6.0 1.0 5172246.590020966 1083809.0871652758 1.25875
59455.624559949996 2459456.129766418 607.1542632579803 34.56499323248863 0.0 6.0 0.0 5176579.768089374 1084706.6769360616 1.25875
59455.625266065 2459456.1304724845 608.1709988415241 35.58172881603241 0.0 6.0 1.0 5173384.797767342 1084005.1749293027 1.25875
59455.625971985 2459456.1311783553 609.1874527931213 36.59818276762962 0.0 6.0 0.0 5177308.688777318 1084853.3297657853 1.25875
59455.626677915 2459456.131884236 610.2039208263159 37.614650800824165 0.0 6.0 1.0 5170247.2929252535 1083383.9113919395 1.25875
59455.627384025 2459456.132590296 611.2206476926804 38.631377667188644 0.0 6.0 0.0 5178823.260835681 1085202.2034969886 1.25875
59455.628090135 2459456.1332963556 612.2373732179403 39.648103192448616 0.0 6.0 1.0 5170893.6243358785 1083545.552118172 1.25875
59455.670902540005 2459456.176106704 673.8842748105526 0.0 0.0 7.0 0.0 5162748.0046864515 1081854.8606855834 1.25875
59455.671608655 2459456.1768127945 674.9010452628136 1.016770452260971 0.0 7.0 1.0 5166950.432156871 1082665.2719660276 1.25875
59455.67231458 2459456.1775186947 675.9175414592028 2.0332666486501694 0.0 7.0 0.0 5164632.434543266 1082186.4540833842 1.25875
59455.673020505 2459456.1782245934 676.9340356439352 3.0497608333826065 0.0 7.0 1.0 5168145.933656972 1082953.3353048582 1.25875
59455.67372662 2459456.178930682 677.9508034139872 4.066528603434563 0.0 7.0 0.0 5167726.859574937 1082800.0479305151 1.25875
59455.67443273 2459456.1796367643 678.9675617963076 5.083286985754967 0.0 7.0 1.0 5170946.926474087 1083478.7360459752 1.25875
59455.675138655 2459456.180342661 679.984053298831 6.099778488278389 0.0 7.0 0.0 5167105.812140123 1082684.31369491 1.25875
59455.675844765 2459456.1810487416 681.0008089989424 7.116534188389778 0.0 7.0 1.0 5169318.041989458 1083162.1655940001 1.25875
59455.67655069 2459456.1817546366 682.0172978192568 8.133023008704185 0.0 7.0 0.0 5168660.650577184 1083007.9891857977 1.25875
59455.677256805 2459456.18246072 683.034058213234 9.14978340268135 0.0 7.0 1.0 5169002.399136436 1083083.3058773766 1.25875
59455.67796273 2459456.1831666133 684.0505443513393 10.166269540786743 0.0 7.0 0.0 5168438.822742848 1082938.6865471285 1.25875
59455.678668655004 2459456.183872505 685.067028477788 11.182753667235374 0.0 7.0 1.0 5169120.184921738 1083151.3015069177 1.25875
59455.679374765 2459456.1845785812 686.0837781429291 12.19950333237648 0.0 7.0 0.0 5169762.529017703 1083254.1060322202 1.25875
59455.680080875 2459456.1852846555 687.1005251258612 13.21625031530857 0.0 7.0 1.0 5170357.855543995 1083365.850910383 1.25875
59455.680786805 2459456.18599055 688.1170132756233 14.232738465070724 0.0 7.0 0.0 5170073.167240445 1083349.2979334702 1.25875
59455.681492915 2459456.1866966225 689.1337575763464 15.2494827657938 0.0 7.0 1.0 5170795.208521713 1083474.1833136836 1.25875
59455.682198840004 2459456.1874025096 690.1502349972725 16.265960186719894 0.0 7.0 0.0 5167512.267583028 1082771.8593951024 1.25875
59455.68290495 2459456.1881085797 691.1669759452343 17.2827011346817 0.0 7.0 1.0 5171821.291778678 1083652.730815701 1.25875
59455.683610875 2459456.188814465 692.1834506839514 18.29917587339878 0.0 7.0 0.0 5168324.971319502 1082933.2540156685 1.25875
59455.684316804996 2459456.189520354 693.1999307870865 19.31565597653389 0.0 7.0 1.0 5169799.850137734 1083240.1320045057 1.25875
59455.685022915 2459456.1902264217 694.216668382287 20.33239357173443 0.0 7.0 0.0 5167581.400475823 1082808.2332008153 1.25875
59455.685729025005 2459456.1909324885 695.233404636383 21.34912982583046 0.0 7.0 1.0 5169532.485459164 1083235.7108709863 1.25875
59455.68643495 2459456.19163837 696.2498740106821 22.36559920012951 0.0 7.0 0.0 5168165.905716417 1082952.3213832623 1.25875
59455.687140875 2459456.19234425 697.2663413733244 23.382066562771797 0.0 7.0 1.0 5168693.364168335 1083047.962039011 1.25875
59455.68784699 2459456.19305032 698.283081650734 24.39880684018135 0.0 7.0 0.0 5168321.617350779 1082906.027114489 1.25875
59455.6885531 2459456.193756384 699.2998138815165 25.41553907096386 0.0 7.0 1.0 5169311.470851108 1083193.8293638781 1.25875
59455.689259025 2459456.1944622616 700.3162778913975 26.43200308084488 0.0 7.0 0.0 5167191.377227585 1082716.426635175 1.25875
59455.68996495 2459456.1951681394 701.3327419012785 27.4484670907259 0.0 7.0 1.0 5168710.865844149 1083037.2851833648 1.25875
59455.69067106 2459456.1958742016 702.349471449852 28.465196639299393 0.0 7.0 0.0 5169044.603188631 1083084.8239651588 1.25875
59455.691377175 2459456.1965802675 703.3662063628435 29.481931552290916 0.0 7.0 1.0 5168224.928104551 1082901.6126950446 1.25875
59455.6920831 2459456.1972861434 704.3826676905155 30.49839287996292 0.0 7.0 0.0 5167559.0197855085 1082786.9871963526 1.25875
59455.692789025 2459456.197992019 705.3991283476353 31.514853537082672 0.0 7.0 1.0 5167534.358900921 1082791.8541047901 1.25875
59455.69349514 2459456.198698084 706.4158619195223 32.53158710896969 0.0 7.0 0.0 5166917.095369075 1082638.3844133741 1.25875
59455.694201245 2459456.1994041386 707.4325807392597 33.54830592870712 0.0 7.0 1.0 5167595.729759001 1082877.9839339918 1.25875
