# %ECSV 1.0
# ---
# datatype:
# - {name: nspectra, datatype: float64}
# - {name: t_mjd, datatype: float64}
# - {name: numoutliers, datatype: float64}
# - {name: skymedian, datatype: float64}
# - {name: '# nans', datatype: float64}
# schema: astropy-2.0
nspectra t_mjd numoutliers skymedian "# nans"
0.0 59683.716215465 18.0 5.8015618324279785 0.0
1.0 59683.716886944996 5.0 5.815331935882568 0.0
2.0 59683.717558054996 18.0 5.8073039054870605 0.0
3.0 59683.71822953501 5.0 6.084421157836914 0.0
4.0 59683.71890065 16.0 4.357439994812012 0.0
5.0 59683.719572135 5.0 6.003515720367432 0.0
6.0 59683.720243245 18.0 5.70058536529541 0.0
7.0 59683.720914724996 6.0 7.299352645874023 0.0
8.0 59683.721585834995 17.0 3.7584054470062256 0.0
9.0 59683.72225731501 7.0 5.676077842712402 0.0
10.0 59683.722928425006 18.0 4.867301940917969 0.0
11.0 59683.72359991 8.0 5.549120903015137 0.0
12.0 59683.72427102 19.0 5.420605182647705 0.0
13.0 59683.724942504996 6.0 6.008105278015137 0.0
14.0 59683.725613614995 17.0 5.598634719848633 0.0
15.0 59683.72628509501 6.0 5.89794921875 0.0
16.0 59683.726956205006 18.0 4.136933326721191 0.0
17.0 59683.727627685 4.0 5.627148628234863 0.0
18.0 59683.728298795 19.0 5.438964366912842 0.0
19.0 59683.728970280004 5.0 7.95449161529541 0.0
20.0 59683.729641390004 23.0 5.256448745727539 0.0
21.0 59683.730312875006 6.0 5.413244247436523 0.0
22.0 59683.730983985006 18.0 6.132030963897705 0.0
23.0 59683.731655465 6.0 6.366093635559082 0.0
24.0 59683.732326575 15.0 5.38887357711792 0.0
25.0 59683.732998055 4.0 6.402832984924316 0.0
26.0 59683.733669165 20.0 6.838781356811523 0.0
27.0 59683.73434065 8.0 8.06205940246582 0.0
28.0 59683.735011765006 19.0 5.975976467132568 0.0
29.0 59683.735683245 6.0 7.471192359924316 0.0
30.0 59683.736354355 17.0 5.8198370933532715 0.0
31.0 59683.737025835 8.0 5.422900199890137 0.0
32.0 59683.737696945 18.0 5.778613090515137 0.0
33.0 59683.738368424994 4.0 6.1477508544921875 0.0
34.0 59683.739039534994 19.0 5.558300971984863 0.0
35.0 59683.739711019996 5.0 5.677467346191406 0.0
36.0 59683.740382135 17.0 6.6447248458862305 0.0
37.0 59683.741053615 8.0 6.692980766296387 0.0
38.0 59683.741724725 17.0 5.725830078125 0.0
39.0 59683.742396204994 11.0 7.856400489807129 0.0
40.0 59683.779259535004 18.0 5.0882720947265625 0.0
41.0 59683.77993102 7.0 5.558300495147705 0.0
42.0 59683.780602135 17.0 3.538769245147705 0.0
43.0 59683.78127361499 6.0 6.241721153259277 0.0
44.0 59683.78194472499 18.0 4.132678031921387 0.0
45.0 59683.782616205004 3.0 3.952873945236206 0.0
46.0 59683.783287315004 19.0 3.699413776397705 0.0
47.0 59683.783958795 8.0 5.296465873718262 0.0
48.0 59683.784629910006 17.0 3.306983232498169 0.0
49.0 59683.78530139 6.0 5.445849418640137 0.0
50.0 59683.78597250499 19.0 5.774023056030273 0.0
51.0 59683.786643985004 5.0 5.864258766174316 0.0
52.0 59683.787315095 18.0 3.8905258178710938 0.0
53.0 59683.787986575 5.0 5.783203125 0.0
54.0 59683.788657685 19.0 4.655575275421143 0.0
55.0 59683.789329164996 8.0 3.7136754989624023 0.0
56.0 59683.79000028 19.0 3.32763671875 0.0
57.0 59683.790671765004 3.0 5.689111232757568 0.0
58.0 59683.791342875 21.0 4.19840145111084 0.0
59.0 59683.792014355 8.0 5.886474132537842 0.0
60.0 59683.792685465 21.0 5.529892444610596 0.0
61.0 59683.793356944996 5.0 7.102910041809082 0.0
62.0 59683.794028054996 17.0 5.767138481140137 0.0
63.0 59683.79469953501 5.0 5.700585842132568 0.0
64.0 59683.79537065 17.0 5.344872951507568 0.0
65.0 59683.796042135 3.0 5.80385684967041 0.0
66.0 59683.796713245 20.0 6.244987964630127 0.0
67.0 59683.797384724996 7.0 6.733519077301025 0.0
68.0 59683.798055834995 23.0 4.808716297149658 0.0
69.0 59683.79872731501 6.0 8.218114852905273 0.0
70.0 59683.799398425006 17.0 6.200878143310547 0.0
71.0 59683.80006991 6.0 5.53076171875 0.0
72.0 59683.80074102 17.0 6.791980743408203 0.0
73.0 59683.801412504996 6.0 8.085136413574219 0.0
74.0 59683.802083614995 22.0 8.22740364074707 0.0
75.0 59683.80275509501 5.0 7.97255802154541 0.0
76.0 59683.803426205006 20.0 5.544530868530273 0.0
77.0 59683.804097685 7.0 5.705175876617432 0.0
78.0 59683.804768795 18.0 4.187623977661133 0.0
79.0 59683.805440280004 8.0 5.7373046875 0.0
80.0 59683.845463245 21.0 3.4845995903015137 0.0
81.0 59683.846134725 7.0 5.034247875213623 0.0
82.0 59683.846805835 18.0 6.157275199890137 0.0
83.0 59683.847477314994 6.0 5.84975528717041 0.0
84.0 59683.84814842499 18.0 5.295736312866211 0.0
85.0 59683.848819909996 2.0 5.727442264556885 0.0
86.0 59683.849491019995 21.0 5.544530868530273 0.0
87.0 59683.850162505 6.0 5.994400501251221 0.0
88.0 59683.850833615 20.0 5.721238136291504 0.0
89.0 59683.85150509499 7.0 5.987451076507568 0.0
90.0 59683.85217620499 18.0 3.894846200942993 0.0
91.0 59683.852847685004 5.0 4.110445022583008 0.0
92.0 59683.853518795004 19.0 5.842870712280273 0.0
93.0 59683.85419028 7.0 5.56186056137085 0.0
94.0 59683.854861390006 16.0 4.717094421386719 0.0
95.0 59683.85553287499 9.0 4.887917518615723 0.0
96.0 59683.85620398499 20.0 5.985156059265137 0.0
97.0 59683.856875465004 5.0 5.40224552154541 0.0
98.0 59683.857546575004 21.0 5.566924095153809 0.0
99.0 59683.858218055 7.0 5.787793159484863 0.0
100.0 59683.858889165 23.0 5.487754821777344 0.0
101.0 59683.85956065 7.0 6.003515243530273 0.0
102.0 59683.86023176499 21.0 5.539941787719727 0.0
103.0 59683.860903245004 5.0 7.053111553192139 0.0
104.0 59683.861574355 20.0 5.614858627319336 0.0
105.0 59683.862245835 9.0 5.753369331359863 0.0
106.0 59683.862916945 18.0 5.769433498382568 0.0
107.0 59683.863588424996 5.0 6.275322914123535 0.0
108.0 59683.864259534996 18.0 5.021801471710205 0.0
109.0 59683.86493102 6.0 7.38919734954834 0.0
110.0 59683.865602135 20.0 5.477977752685547 0.0
111.0 59683.866273615 5.0 5.995290756225586 0.0
112.0 59683.866944725 20.0 5.525251388549805 0.0
113.0 59683.867616204996 8.0 7.075794219970703 0.0
114.0 59683.868287314996 18.0 6.118261814117432 0.0
115.0 59683.86895879501 6.0 5.900243759155273 0.0
116.0 59683.86962991 18.0 6.515213489532471 0.0
117.0 59683.870301389994 8.0 7.724706649780273 0.0
118.0 59683.870972505 17.0 5.735009670257568 0.0
119.0 59683.871643984996 6.0 7.483428001403809 0.0
120.0 59683.911655464995 21.0 4.3166680335998535 0.0
121.0 59683.912326574995 5.0 4.8672027587890625 0.0
122.0 59683.912998055006 19.0 4.624388694763184 0.0
123.0 59683.913669165006 4.0 5.66845703125 0.0
124.0 59683.91434065 18.0 5.139702320098877 0.0
125.0 59683.915011765 6.0 5.854345321655273 0.0
126.0 59683.915683244995 17.0 5.757958889007568 0.0
127.0 59683.916354354995 3.0 6.05629825592041 0.0
128.0 59683.917025835006 22.0 5.032637119293213 0.0
129.0 59683.917696945005 7.0 6.0126953125 0.0
130.0 59683.918368425 21.0 3.8105530738830566 0.0
131.0 59683.919039535 8.0 6.25136661529541 0.0
132.0 59683.919711020004 19.0 5.234716415405273 0.0
133.0 59683.920382134995 6.0 5.57666015625 0.0
134.0 59683.921053615006 20.0 4.4545087814331055 0.0
135.0 59683.921724725005 6.0 5.595019340515137 0.0
136.0 59683.922396205 21.0 5.277048110961914 0.0
137.0 59683.923067315 5.0 5.415916919708252 0.0
138.0 59683.923738795 21.0 5.441259384155273 0.0
139.0 59683.92440991 7.0 6.214648246765137 0.0
140.0 59683.92508139 23.0 6.506868362426758 0.0
141.0 59683.925752505005 5.0 7.299389839172363 0.0
142.0 59683.926423985 19.0 5.583492755889893 0.0
143.0 59683.927095095 7.0 5.560595512390137 0.0
144.0 59683.927766575 19.0 5.684521198272705 0.0
145.0 59683.928437685 6.0 6.937767505645752 0.0
146.0 59683.929109164994 20.0 5.831396102905273 0.0
147.0 59683.92978028 6.0 5.2783203125 0.0
148.0 59683.930451765 20.0 5.549120903015137 0.0
149.0 59683.931122875 5.0 6.322930812835693 0.0
150.0 59683.931794355 22.0 6.02622652053833 0.0
151.0 59683.932465465 5.0 6.118261337280273 0.0
152.0 59683.933136944994 21.0 6.092592239379883 0.0
153.0 59683.93380805499 4.0 6.416318893432617 0.0
154.0 59683.934479535004 17.0 6.077167510986328 0.0
155.0 59683.935150649995 3.0 5.925488471984863 0.0
156.0 59683.935822135 18.0 5.7373046875 0.0
157.0 59683.936493245 7.0 6.49179744720459 0.0
158.0 59683.93716472499 19.0 5.822505950927734 0.0
159.0 59683.93783583499 4.0 8.307616233825684 0.0
160.0 59683.978298795 20.0 4.457598686218262 0.0
161.0 59683.978970280004 5.0 4.882622718811035 0.0
162.0 59683.979641390004 21.0 5.633467674255371 0.0
163.0 59683.980312875006 5.0 4.185788154602051 0.0
164.0 59683.980983985006 18.0 4.520001411437988 0.0
165.0 59683.981655465 7.0 6.50549840927124 0.0
166.0 59683.982326575 19.0 4.773584842681885 0.0
167.0 59683.982998055 4.0 4.042221546173096 0.0
168.0 59683.983669165 20.0 4.160135746002197 0.0
169.0 59683.98434065 7.0 5.842870712280273 0.0
170.0 59683.985011765006 20.0 3.5663089752197266 0.0
171.0 59683.985683245 8.0 8.137792587280273 0.0
172.0 59683.986354355 21.0 4.981781959533691 0.0
173.0 59683.987025835 4.0 5.157867431640625 0.0
174.0 59683.987696945 20.0 4.3897013664245605 0.0
175.0 59683.988368424994 5.0 6.164159774780273 0.0
176.0 59683.989039534994 17.0 4.398922920227051 0.0
177.0 59683.989711019996 7.0 6.125983238220215 0.0
178.0 59683.990382135 19.0 5.39077091217041 0.0
179.0 59683.991053615 7.0 5.342577934265137 0.0
180.0 59683.991724725 18.0 6.357653617858887 0.0
181.0 59683.992396204994 7.0 6.823110103607178 0.0
182.0 59683.993067314994 17.0 5.891064643859863 0.0
183.0 59683.993738795005 5.0 6.888202667236328 0.0
184.0 59683.994409909996 19.0 5.459619045257568 0.0
185.0 59683.99508139 3.0 5.833691596984863 0.0
186.0 59683.995752505 18.0 6.938401222229004 0.0
187.0 59683.996423984994 4.0 6.739659309387207 0.0
188.0 59683.997095094994 19.0 5.4921555519104 0.0
189.0 59683.997766575005 5.0 6.623675346374512 0.0
190.0 59683.998437685004 20.0 5.441259860992432 0.0
191.0 59683.999109165 5.0 3.54990291595459 0.0
192.0 59683.99978028 18.0 6.17104434967041 0.0
193.0 59684.000451764994 5.0 5.588134765625 0.0
194.0 59684.00112287499 19.0 5.80615234375 0.0
195.0 59684.001794355005 6.0 5.88417911529541 0.0
196.0 59684.002465465004 21.0 5.519287109375 0.0
197.0 59684.003136945 7.0 8.034521102905273 0.0
198.0 59684.003808055 18.0 6.243927955627441 0.0
199.0 59684.004479535 5.0 8.00468635559082 0.0
200.0 59684.047233984995 18.0 5.569775104522705 0.0
201.0 59684.047905465006 5.0 6.232642650604248 0.0
202.0 59684.048576575005 18.0 3.7200682163238525 0.0
203.0 59684.049248055 4.0 5.9374871253967285 0.0
204.0 59684.049919165 18.0 5.106855392456055 0.0
205.0 59684.050590650004 5.0 6.2805681228637695 0.0
206.0 59684.051261764995 20.0 5.328808307647705 0.0
207.0 59684.051933245006 7.0 5.608423709869385 0.0
208.0 59684.052604355005 22.0 4.0331525802612305 0.0
209.0 59684.053275835 5.0 6.021875381469727 0.0
210.0 59684.053946945 19.0 4.156072616577148 0.0
211.0 59684.054618425 9.0 6.04482364654541 0.0
212.0 59684.055289535 20.0 3.614501953125 0.0
213.0 59684.05596102 5.0 5.67763614654541 0.0
214.0 59684.056632135005 20.0 4.543495178222656 0.0
215.0 59684.057303615 6.0 6.266430854797363 0.0
216.0 59684.057974725 21.0 5.404541015625 0.0
217.0 59684.058646205 7.0 6.589616775512695 0.0
218.0 59684.059317315 18.0 5.685436725616455 0.0
219.0 59684.059988794994 4.0 5.7891316413879395 0.0
220.0 59684.06065991 20.0 5.482184886932373 0.0
221.0 59684.061331389996 7.0 5.741894721984863 0.0
222.0 59684.062002505 16.0 5.7740478515625 0.0
223.0 59684.062673985 7.0 5.3477559089660645 0.0
224.0 59684.063345095 21.0 5.959320545196533 0.0
225.0 59684.064016574994 4.0 6.341586112976074 0.0
226.0 59684.06468768499 19.0 5.72353458404541 0.0
227.0 59684.065359165004 4.0 5.606498718261719 0.0
228.0 59684.066030279995 19.0 7.698506832122803 0.0
229.0 59684.066701765 7.0 6.97756814956665 0.0
230.0 59684.067372875 21.0 5.420605182647705 0.0
231.0 59684.06804435499 6.0 5.630303382873535 0.0
232.0 59684.06871546499 19.0 4.560584545135498 0.0
233.0 59684.069386945004 4.0 6.375925064086914 0.0
234.0 59684.070058055004 19.0 7.143315315246582 0.0
235.0 59684.070729535 6.0 5.822216987609863 0.0
236.0 59684.071400650006 17.0 5.356436729431152 0.0
237.0 59684.07207213499 4.0 8.424722671508789 0.0
238.0 59684.07274324499 19.0 5.873779296875 0.0
239.0 59684.073414725004 5.0 8.12172794342041 0.0
240.0 59684.11544028 20.0 3.029297351837158 0.0
241.0 59684.11611139 6.0 5.611083984375 0.0
242.0 59684.116782875004 19.0 6.058593273162842 0.0
243.0 59684.117453985 5.0 5.021288871765137 0.0
244.0 59684.118125465 21.0 3.941758394241333 0.0
245.0 59684.118796575 6.0 5.807860374450684 0.0
246.0 59684.119468054996 17.0 5.932372570037842 0.0
247.0 59684.120139164996 7.0 5.819921493530273 0.0
248.0 59684.12081065 20.0 3.572755813598633 0.0
249.0 59684.121481765 7.0 5.459619045257568 0.0
250.0 59684.122153245 17.0 5.620263576507568 0.0
251.0 59684.122824355 6.0 5.85205078125 0.0
252.0 59684.123495834996 20.0 5.80385684967041 0.0
253.0 59684.124166944996 6.0 7.855517387390137 0.0
254.0 59684.12483842501 24.0 5.856568336486816 0.0
255.0 59684.125509535006 4.0 6.320026397705078 0.0
256.0 59684.126181019994 18.0 5.757958889007568 0.0
257.0 59684.126852135 5.0 7.021583557128906 0.0
258.0 59684.127523614996 21.0 6.569546222686768 0.0
259.0 59684.128194724995 7.0 7.2105560302734375 0.0
260.0 59684.12886620501 19.0 7.606278419494629 0.0
261.0 59684.129537315006 5.0 6.583531379699707 0.0
262.0 59684.130208795 20.0 5.3780517578125 0.0
263.0 59684.13087991 7.0 7.177643775939941 0.0
264.0 59684.131551390004 18.0 6.741456031799316 0.0
265.0 59684.132222504995 6.0 6.522552967071533 0.0
266.0 59684.13289398501 18.0 6.244793891906738 0.0
267.0 59684.133565095006 6.0 8.025341033935547 0.0
268.0 59684.134236575 21.0 7.285449028015137 0.0
269.0 59684.134907685 5.0 6.507875442504883 0.0
270.0 59684.135579165 17.0 5.891064643859863 0.0
271.0 59684.136250280004 5.0 6.720739841461182 0.0
272.0 59684.136921765006 18.0 5.884179592132568 0.0
273.0 59684.137592875006 4.0 8.298437118530273 0.0
274.0 59684.138264355 20.0 5.762548446655273 0.0
275.0 59684.138935465 4.0 8.24794864654541 0.0
276.0 59684.139606945 18.0 6.683210849761963 0.0
277.0 59684.140278055 7.0 7.5897088050842285 0.0
278.0 59684.140949534994 18.0 5.604198932647705 0.0
279.0 59684.14162065 7.0 8.034579277038574 0.0
280.0 59684.182523615 14.0 3.973797559738159 0.0
281.0 59684.183194725 5.0 6.03334903717041 0.0
282.0 59684.183866205 19.0 5.624853134155273 0.0
283.0 59684.184537315 5.0 6.377829074859619 0.0
284.0 59684.185208794996 18.0 5.016386032104492 0.0
285.0 59684.18587991 6.0 6.486032009124756 0.0
286.0 59684.18655139 19.0 4.547295093536377 0.0
287.0 59684.187222505 5.0 5.801562309265137 0.0
288.0 59684.187893985 20.0 3.254199743270874 0.0
289.0 59684.188565095 6.0 5.532167911529541 0.0
290.0 59684.189236574995 20.0 3.5066404342651367 0.0
291.0 59684.189907684995 7.0 7.085689544677734 0.0
292.0 59684.190579165006 19.0 5.494042873382568 0.0
293.0 59684.19125028 7.0 6.8211989402771 0.0
294.0 59684.191921765 19.0 7.076436996459961 0.0
295.0 59684.192592875 6.0 8.020751953125 0.0
296.0 59684.193264354995 20.0 6.008105278015137 0.0
297.0 59684.193935464995 8.0 6.873084545135498 0.0
298.0 59684.194606945006 20.0 8.11025333404541 0.0
299.0 59684.195278055005 7.0 8.078124046325684 0.0
300.0 59684.195949535 16.0 7.642088890075684 0.0
301.0 59684.19662065 5.0 8.238768577575684 0.0
302.0 59684.197292134995 18.0 6.1984782218933105 0.0
303.0 59684.197963244995 6.0 7.965673446655273 0.0
304.0 59684.198634725006 22.0 5.822216510772705 0.0
305.0 59684.199305835005 6.0 7.406679630279541 0.0
306.0 59684.199977315 17.0 5.319540023803711 0.0
307.0 59684.200648425 5.0 7.528195381164551 0.0
308.0 59684.201319910004 22.0 5.808446884155273 0.0
309.0 59684.20199102 4.0 8.020751953125 0.0
310.0 59684.202662505006 19.0 6.017284870147705 0.0
311.0 59684.203333615005 6.0 6.50977897644043 0.0
312.0 59684.204005095 16.0 6.118261814117432 0.0
313.0 59684.204676205 4.0 8.16079330444336 0.0
314.0 59684.205347685 18.0 7.910595417022705 0.0
315.0 59684.206018795 4.0 6.562284469604492 0.0
316.0 59684.20669028 16.0 7.621090888977051 0.0
317.0 59684.20736139 8.0 6.914926528930664 0.0
318.0 59684.208032875 17.0 7.553308010101318 0.0
319.0 59684.208703985 7.0 8.266307830810547 0.0
