# %ECSV 1.0
# ---
# datatype:
# - {name: t_mjd, datatype: float64}
# - {name: t_bjd, datatype: float64}
# - {name: t_visit, datatype: float64}
# - {name: t_orbit, datatype: float64}
# - {name: ivisit, datatype: float64}
# - {name: iorbit, datatype: float64}
# - {name: scan, datatype: float64}
# - {name: spec_opt, datatype: float64}
# - {name: var_opt, datatype: float64}
# - {name: spec_box, datatype: float64}
# - {name: var_box, datatype: float64}
# schema: astropy-2.0
t_mjd t_bjd t_visit t_orbit ivisit iorbit scan spec_opt var_opt spec_box var_box
59683.716215465 2459684.2154816925 1.2542673200368881 1.2542673200368881 0.0 0.0 0.0 597930286.2800293 616584894.4775391 597543552.8334961 621986862.3085938
59683.716886944996 2459684.2161532445 2.22130224108696 2.22130224108696 0.0 0.0 1.0 610285608.1167603 629276676.5224609 609870522.6655273 634694848.8242188
59683.717558054996 2459684.2168244263 3.1878040730953217 3.1878040730953217 0.0 0.0 0.0 602037915.6447144 620725228.1142578 601647070.4882812 626094252.5273438
59683.71822953501 2459684.217495978 4.15483832359314 4.15483832359314 0.0 0.0 1.0 612527686.2178345 631537814.8916016 612091804.5596924 636921130.890625
59683.71890065 2459684.218167164 5.121346190571785 5.121346190571785 0.0 0.0 0.0 603700642.7698364 622396561.3017578 603325743.1485596 627767401.3828125
59683.719572135 2459684.21883872 6.08838714659214 6.08838714659214 0.0 0.0 1.0 613558835.4424438 632529601.3896484 613134008.2767334 637867786.3828125
59683.720243245 2459684.219509901 7.054887637495995 7.054887637495995 0.0 0.0 0.0 604546634.8306885 623247534.9228516 604155918.6445312 628597540.8632812
59683.720914724996 2459684.220181452 8.021921217441559 8.021921217441559 0.0 0.0 1.0 614215327.1095581 633165481.4794922 613778519.5426025 638490649.0234375
59683.721585834995 2459684.220852632 8.988420367240906 8.988420367240906 0.0 0.0 0.0 605185049.2896729 623860334.3193359 604796184.3251953 629231358.2226562
59683.72225731501 2459684.2215241822 9.955452606081963 9.955452606081963 0.0 0.0 1.0 614564132.947937 633521932.7626953 614114173.0279541 638847822.984375
59683.722928425006 2459684.2221953617 10.921951085329056 10.921951085329056 0.0 0.0 0.0 605492497.2319946 624159147.7958984 605106168.6066895 629539911.9296875
59683.72359991 2459684.2228669156 11.888988688588142 11.888988688588142 0.0 0.0 1.0 614891075.6943359 633876060.5371094 614463458.9051514 639197469.0585938
59683.72427102 2459684.2235380947 12.855486497282982 12.855486497282982 0.0 0.0 0.0 605847686.1729126 624542238.953125 605454088.1090088 629908483.6835938
59683.724942504996 2459684.224209648 13.822523429989815 13.822523429989815 0.0 0.0 1.0 615093488.5842896 634067531.0429688 614658514.9329834 639381223.6640625
59683.725613614995 2459684.2248808257 14.789019227027893 14.789019227027893 0.0 0.0 0.0 606019438.170227 624698489.6875 605632425.1849365 630067135.890625
59683.72628509501 2459684.225552373 15.756047442555428 15.756047442555428 0.0 0.0 1.0 615251248.234436 634246488.8505859 614832450.7755127 639633822.4257812
59683.726956205006 2459684.22622355 16.722541898489 16.722541898489 0.0 0.0 0.0 606189663.317749 624868579.1572266 605794282.6282959 630212231.7304688
59683.727627685 2459684.2268950962 17.689568772912025 17.689568772912025 0.0 0.0 1.0 615323332.8378296 634260892.3535156 614902226.5872803 639518746.2265625
59683.728298795 2459684.227566272 18.65606188774109 18.65606188774109 0.0 0.0 0.0 606362240.0583496 625056118.4150391 605944806.5900879 630378103.125
59683.728970280004 2459684.228237822 19.623094126582146 19.623094126582146 0.0 0.0 1.0 615414236.8517456 634373598.4472656 615004732.3105469 639641866.421875
59683.729641390004 2459684.228908997 20.5895859003067 20.5895859003067 0.0 0.0 0.0 606424544.8342896 625130562.6005859 606019000.0384521 630462542.25
59683.730312875006 2459684.229580546 21.556616127490997 21.556616127490997 0.0 0.0 1.0 615495661.8729248 634458595.9697266 615074334.571167 639771745.1289062
59683.730983985006 2459684.2302517197 22.523106560111046 22.523106560111046 0.0 0.0 0.0 606421542.9349976 625121894.3251953 606025946.3619385 630464587.5664062
59683.731655465 2459684.2309232624 23.490128070116043 23.490128070116043 0.0 0.0 1.0 615519546.4851685 634500433.1845703 615124011.3430176 639865417.4179688
59683.732326575 2459684.231594435 24.45661649107933 24.45661649107933 0.0 0.0 0.0 606511304.1911621 625215044.8583984 606127608.3946533 630557553.5820312
59683.732998055 2459684.2322659767 25.42363665997982 25.42363665997982 0.0 0.0 1.0 615530257.4597168 634558058.2285156 615107956.9111328 639860637.5546875
59683.733669165 2459684.2329371483 26.3901237398386 26.3901237398386 0.0 0.0 0.0 606519176.9285278 625195821.1542969 606123778.3492432 630557762.4101562
59683.73434065 2459684.2336086943 27.357149943709373 27.357149943709373 0.0 0.0 1.0 615502448.2605591 634486426.1826172 615064119.1824951 639809776.71875
59683.735011765006 2459684.234279869 28.32364171743393 28.32364171743393 0.0 0.0 0.0 606559060.2573853 625290347.7382812 606161056.6833496 630603775.7421875
59683.735683245 2459684.2349514095 29.290659874677658 29.290659874677658 0.0 0.0 1.0 615570226.5341797 634577729.0888672 615151884.0046387 639883124.5273438
59683.736354355 2459684.2356225783 30.257142931222916 30.257142931222916 0.0 0.0 0.0 606489989.9242554 625220856.9990234 606098439.4666748 630584555.0039062
59683.737025835 2459684.2362941173 31.224159076809883 31.224159076809883 0.0 0.0 1.0 615562257.7870483 634550415.7050781 615132839.6245117 639862012.3398438
59683.737696945 2459684.2369652856 32.19064146280289 32.19064146280289 0.0 0.0 0.0 606554894.2209473 625269599.3242188 606142754.0184326 630585004.9648438
59683.738368424994 2459684.2376368237 33.15765626728535 33.15765626728535 0.0 0.0 1.0 615600120.4619141 634620973.3613281 615174653.1907959 639937386.0234375
59683.739039534994 2459684.238307991 34.12413731217384 34.12413731217384 0.0 0.0 0.0 606561282.3632812 625289619.5556641 606173792.152832 630648662.890625
59683.739711019996 2459684.2389795333 35.09115815162659 35.09115815162659 0.0 0.0 1.0 615603931.2265625 634616108.3261719 615188598.7163086 639935480.625
59683.740382135 2459684.239650705 36.05764523148537 36.05764523148537 0.0 0.0 0.0 606555477.7560425 625282185.6005859 606149759.5974121 630593560.5117188
59683.741053615 2459684.240322241 37.02465735375881 37.02465735375881 0.0 0.0 1.0 615571356.3910522 634570164.5791016 615137335.7872314 639875760.6289062
59683.741724725 2459684.240993407 37.99113638699055 37.99113638699055 0.0 0.0 0.0 606525636.4855347 625231347.4453125 606133663.9073486 630577540.9414062
59683.742396204994 2459684.2416649433 38.95814850926399 38.95814850926399 0.0 0.0 1.0 615656493.0320435 634675279.7548828 615210402.8173828 639930366.9453125
59683.779259535004 2459684.2785316817 92.04625189304352 0.0 0.0 1.0 0.0 604747149.6896362 623406703.7011719 604356190.442627 628803782.8554688
59683.77993102 2459684.279203239 93.01329419016838 0.9670422971248627 0.0 1.0 1.0 614378332.7043457 633250652.2675781 613955928.1658936 638441531.0
59683.780602135 2459684.279874426 93.97980339825153 1.9335515052080154 0.0 1.0 0.0 605205587.87854 623884745.1621094 604803744.8519287 629242059.0195312
59683.78127361499 2459684.2805459783 94.94683898985386 2.900587096810341 0.0 1.0 1.0 614614940.2648315 633525478.7578125 614188357.0644531 638731609.3554688
59683.78194472499 2459684.28121716 95.91334082186222 3.8670889288187027 0.0 1.0 0.0 605315649.55896 623985307.3291016 604919113.1704102 629371002.6757812
59683.782616205004 2459684.281888712 96.88037574291229 4.834123849868774 0.0 1.0 1.0 614725072.4298096 633632832.5341797 614305869.3079834 638828687.8671875
59683.783287315004 2459684.2825598945 97.84687824547291 5.80062635242939 0.0 1.0 0.0 605519802.130188 624211034.6845703 605117165.1437988 629579020.6972656
59683.783958795 2459684.283231446 98.81391249597073 6.767660602927208 0.0 1.0 1.0 614876671.2022705 633798082.6689453 614439574.9990234 638953926.8242188
59683.784629910006 2459684.2839026325 99.78042103350163 7.734169140458107 0.0 1.0 0.0 605549529.5307007 624246057.2255859 605158400.9228516 629599161.1757812
59683.78530139 2459684.284574184 100.74745528399944 8.701203390955925 0.0 1.0 1.0 614824435.1252441 633710620.1494141 614389504.0263672 638904192.7617188
59683.78597250499 2459684.28524537 101.71396315097809 9.66771125793457 0.0 1.0 0.0 605535334.3851318 624208201.6972656 605147265.6062012 629593659.6328125
59683.786643985004 2459684.285916921 102.68099673092365 10.634744837880135 0.0 1.0 1.0 614877787.4974365 633772869.1894531 614450859.3432617 638952239.3164062
59683.787315095 2459684.286588101 103.647495880723 11.601243987679482 0.0 1.0 0.0 605616163.227417 624272102.4082031 605219193.1260986 629646376.8710938
59683.787986575 2459684.287259652 104.61452879011631 12.568276897072792 0.0 1.0 1.0 614888539.0300903 633797339.5214844 614452505.7670898 638982024.40625
59683.788657685 2459684.2879308313 105.5810272693634 13.534775376319885 0.0 1.0 0.0 605635260.3209839 624314130.5205078 605234090.0488281 629670832.6796875
59683.789329164996 2459684.2886023815 106.54805950820446 14.501807615160942 0.0 1.0 1.0 614953956.5222168 633838612.7910156 614506805.1730957 639005686.8632812
59683.79000028 2459684.289273565 107.51456402242184 15.468312129378319 0.0 1.0 0.0 605671859.7966309 624347624.1376953 605261289.517334 629691166.0566406
59683.790671765004 2459684.2899451186 108.48160095512867 16.43534906208515 0.0 1.0 1.0 614942005.8618774 633861214.8242188 614513185.8555908 639040311.5273438
59683.791342875 2459684.290616297 109.44809809327126 17.401846200227737 0.0 1.0 0.0 605670920.6486206 624340210.0107422 605261316.7585449 629679487.15625
59683.792014355 2459684.2912878445 110.41512630879879 18.368874415755272 0.0 1.0 1.0 615003979.7579346 633941540.6074219 614571475.0722656 639123152.7734375
59683.792685465 2459684.2919590217 111.38162143528461 19.335369542241096 0.0 1.0 0.0 605730952.1621704 624387345.3466797 605332874.3415527 629781835.7382812
59683.793356944996 2459684.292630568 112.34864830970764 20.302396416664124 0.0 1.0 1.0 614935423.5408936 633854006.7783203 614503094.5777588 639025700.515625
59683.794028054996 2459684.2933017444 113.31514209508896 21.26889020204544 0.0 1.0 0.0 605685793.5839233 624379748.84375 605285021.3392334 629745771.4238281
59683.79469953501 2459684.29397329 114.28216762840748 22.23591573536396 0.0 1.0 1.0 614951263.3122559 633879420.5517578 614520357.362915 639065264.1171875
59683.79537065 2459684.2946444703 115.24866744875908 23.20241555571556 0.0 1.0 0.0 605716310.1013184 624408420.9375 605304891.2376709 629745438.9765625
59683.796042135 2459684.29531602 116.21569901704788 24.169447124004364 0.0 1.0 1.0 614901549.7307129 633831527.7929688 614472544.3823242 639015903.6289062
59683.796713245 2459684.295987194 117.18218944966793 25.135937556624413 0.0 1.0 0.0 605681621.4158325 624416364.8769531 605276111.722168 629748262.9960938
59683.797384724996 2459684.296658737 118.14921163022518 26.102959737181664 0.0 1.0 1.0 614893390.1280518 633797946.0634766 614470642.4328613 638986005.2851562
59683.798055834995 2459684.29732991 119.11570072174072 27.069448828697205 0.0 1.0 0.0 605610579.4208984 624272470.8730469 605207175.6942139 629556183.2265625
59683.79872731501 2459684.2980014523 120.08272156119347 28.036469668149948 0.0 1.0 1.0 614896905.4163818 633823483.1025391 614480705.4567871 639032747.7773438
59683.799398425006 2459684.2986726244 121.0492093116045 29.00295741856098 0.0 1.0 0.0 605641807.6410522 624321408.8671875 605261674.3582764 629720127.1914062
59683.80006991 2459684.2993441704 122.01623551547527 29.969983622431755 0.0 1.0 1.0 614870369.8016357 633801666.5205078 614431371.7906494 638986220.9882812
59683.80074102 2459684.300015341 122.98272125422955 30.936469361186028 0.0 1.0 0.0 605561115.8178711 624226949.3515625 605168761.2557373 629615744.5703125
59683.801412504996 2459684.3006868865 123.94974678754807 31.903494894504547 0.0 1.0 1.0 614831172.8675537 633743629.140625 614391227.9306641 638924972.3007812
59683.802083614995 2459684.3013580563 124.91623118519783 32.86997929215431 0.0 1.0 0.0 605581347.7303467 624256913.4433594 605181367.4645996 629631609.40625
59683.80275509501 2459684.3020295952 125.8832473307848 33.83699543774128 0.0 1.0 1.0 614760435.2375488 633690460.9042969 614341035.4559326 638890552.390625
59683.803426205006 2459684.302700764 126.84973038733006 34.80347849428654 0.0 1.0 0.0 605599710.2866821 624287695.5361328 605192951.3514404 629634450.1269531
59683.804097685 2459684.303372302 127.81674519181252 35.770493298769 0.0 1.0 1.0 614791987.5739746 633704744.2021484 614351892.6934814 638882457.0273438
59683.804768795 2459684.30404347 128.78322690725327 36.73697501420975 0.0 1.0 0.0 605592020.0037231 624296918.0146484 605187236.4870605 629621693.4023438
59683.805440280004 2459684.304715012 129.750247746706 37.70399585366249 0.0 1.0 1.0 614819663.0379028 633738978.5771484 614369018.6636963 638920799.421875
59683.845463245 2459684.344741652 187.38860875368118 0.0 0.0 2.0 0.0 604169962.1986694 622834769.8964844 603770493.7131348 628214025.7773438
59683.846134725 2459684.345413204 188.35564367473125 0.9670349210500717 0.0 2.0 1.0 613788565.0309448 632671281.6142578 613360305.1759033 637875481.7578125
59683.846805835 2459684.346084386 189.32214617729187 1.9335374236106873 0.0 2.0 0.0 604635374.9053345 623319372.890625 604240717.1789551 628686062.1054688
59683.847477314994 2459684.346755938 190.28918109834194 2.900572344660759 0.0 2.0 1.0 613958957.7368774 632864845.7705078 613523962.1861572 638063084.3085938
59683.84814842499 2459684.3474271204 191.25568360090256 3.8670748472213745 0.0 2.0 0.0 604746795.300293 623379012.4130859 604356625.3007812 628751144.1679688
59683.848819909996 2459684.3480986776 192.22272589802742 4.834117144346237 0.0 2.0 1.0 613937631.9976807 632823970.3955078 613532232.6451416 638054797.6328125
59683.849491019995 2459684.3487698594 193.18922773003578 5.800618976354599 0.0 2.0 0.0 604800029.9551392 623464327.8964844 604413485.5540771 628871668.7265625
59683.850162505 2459684.3494414166 194.15627002716064 6.767661273479462 0.0 2.0 1.0 614009019.7397461 632916038.5976562 613572359.2070312 638107781.109375
59683.850833615 2459684.3501125975 195.1227705180645 7.734161764383316 0.0 2.0 0.0 604835958.8418579 623492337.7226562 604444865.4833984 628866538.9960938
59683.85150509499 2459684.3507841495 196.08980543911457 8.701196685433388 0.0 2.0 1.0 614269431.8517456 633172900.0253906 613846755.6831055 638392666.6328125
59683.85217620499 2459684.3514553304 197.05630593001842 9.667697176337242 0.0 2.0 0.0 605378457.937439 624047474.7207031 604985097.6827393 629419884.8046875
59683.852847685004 2459684.3521268815 198.023339509964 10.634730756282806 0.0 2.0 1.0 614380837.3739624 633297008.0488281 613955900.7322998 638489062.53125
59683.853518795004 2459684.352798062 198.9898393303156 11.601230576634407 0.0 2.0 0.0 605127539.6317749 623811973.6796875 604709626.3652344 629145113.8671875
59683.85419028 2459684.353469617 199.95687894523144 12.568270191550255 0.0 2.0 1.0 614324386.7684326 633234782.8730469 613886129.0744629 638413727.2304688
59683.854861390006 2459684.3541407967 200.92337742447853 13.534768670797348 0.0 2.0 0.0 605130178.3930054 623810686.3896484 604753525.0469971 629202885.5039062
59683.85553287499 2459684.354812351 201.89041569828987 14.501806944608688 0.0 2.0 1.0 614295358.274231 633178114.6416016 613871979.175415 638389071.8984375
59683.85620398499 2459684.3554835306 202.85691417753696 15.468305423855782 0.0 2.0 0.0 604971793.6748047 623630789.3066406 604565889.8531494 629009448.4101562
59683.856875465004 2459684.356155079 203.823943734169 16.435334980487823 0.0 2.0 1.0 614263189.3405151 633166203.9306641 613824110.0634766 638356423.9804688
59683.857546575004 2459684.3568262574 204.7904408723116 17.40183211863041 0.0 2.0 0.0 605048204.8563232 623723763.7265625 604655508.0754395 629094409.5507812
59683.858218055 2459684.3574978053 205.75746975839138 18.368861004710197 0.0 2.0 1.0 614313936.5039673 633234174.2324219 613876169.8410645 638403018.59375
59683.858889165 2459684.358168982 206.72396421432495 19.33535546064377 0.0 2.0 0.0 605028832.5028687 623691328.7939453 604609000.7712402 629042436.71875
59683.85956065 2459684.3588405335 207.69099846482277 20.302389711141586 0.0 2.0 1.0 614198149.3713989 633121410.9619141 613766372.0554199 638330022.421875
59683.86023176499 2459684.3595117154 208.65750029683113 21.268891543149948 0.0 2.0 0.0 605021135.5250244 623706445.9238281 604590099.307251 629038289.5390625
59683.860903245004 2459684.360183261 209.62452583014965 22.235917076468468 0.0 2.0 1.0 614220828.026062 633140569.7636719 613780072.4320068 638322524.2265625
59683.861574355 2459684.3608544357 210.5910176038742 23.202408850193024 0.0 2.0 0.0 604949690.2979736 623647905.9736328 604548116.3173828 628996750.7050781
59683.862245835 2459684.3615259803 211.55804179608822 24.169433042407036 0.0 2.0 1.0 614168317.3414307 633095759.2919922 613730541.1096191 638255324.5429688
59683.862916945 2459684.362197154 212.52453222870827 25.135923475027084 0.0 2.0 0.0 604909745.8878784 623576845.3251953 604525400.2193604 628968467.03125
59683.863588424996 2459684.362868698 213.49155507981777 26.10294632613659 0.0 2.0 1.0 614150920.9447632 633078622.1767578 613723815.8985596 638281643.203125
59683.864259534996 2459684.363539871 214.4580441713333 27.06943541765213 0.0 2.0 0.0 604894401.8283691 623564467.3798828 604507510.227417 628947787.5
59683.86493102 2459684.3642114177 215.4250717163086 28.03646296262741 0.0 2.0 1.0 614055133.0195312 632966842.4589844 613617326.7109375 638158485.328125
59683.865602135 2459684.364882595 216.39156684279442 29.002958089113235 0.0 2.0 0.0 604861319.1595459 623581348.1875 604446903.8200684 628916788.0898438
59683.866273615 2459684.365554136 217.35858634114265 29.96997758746147 0.0 2.0 1.0 614024463.4341431 632933454.1074219 613603201.2652588 638137803.0742188
59683.866944725 2459684.366225307 218.32507207989693 30.936463326215744 0.0 2.0 0.0 604917690.6448975 623604601.3076172 604506384.7418213 628943924.8945312
59683.867616204996 2459684.366896847 219.2920895665884 31.90348081290722 0.0 2.0 1.0 614137670.2282715 633057123.8466797 613692000.2486572 638236047.3945312
59683.868287314996 2459684.367568017 220.25857463479042 32.86996588110924 0.0 2.0 0.0 604888817.7443848 623561016.2773438 604505888.8214111 628943505.2460938
59683.86895879501 2459684.368239556 221.2255907803774 33.836982026696205 0.0 2.0 1.0 614102805.7963867 633032338.8017578 613674895.8745117 638210538.7226562
59683.86962991 2459684.36891073 222.19208121299744 34.803472459316254 0.0 2.0 0.0 604847225.5837402 623539404.984375 604472172.8903809 628924015.0820312
59683.870301389994 2459684.369582268 223.1590960174799 35.770487263798714 0.0 2.0 1.0 614060712.9907837 632976575.0419922 613627124.8406982 638175877.7226562
59683.870972505 2459684.3702534405 224.12558443844318 36.736975684762 0.0 2.0 0.0 604842305.7577515 623535443.9814453 604442010.2435303 628913829.2890625
59683.871643984996 2459684.3709249785 225.09259924292564 37.70399048924446 0.0 2.0 1.0 614033407.588623 632958195.6474609 613608506.1646729 638171446.0390625
59683.911655464995 2459684.410940132 282.7144204080105 0.0 0.0 3.0 0.0 602773932.7653198 621412483.8300781 602393704.1556396 626828979.3476562
59683.912326574995 2459684.411611314 283.68092224001884 0.9665018320083618 0.0 3.0 1.0 612352784.2249756 631205410.5078125 611922659.3647461 636328748.8203125
59683.912998055006 2459684.4122828664 284.64795783162117 1.9335374236106873 0.0 3.0 0.0 603205288.0828857 621842182.5517578 602795418.4456787 627221460.09375
59683.913669165006 2459684.4129540487 285.6144603341818 2.900039926171303 0.0 3.0 1.0 612561392.7943726 631428097.6416016 612133840.2211914 636556434.5097656
59683.91434065 2459684.413625606 286.58150263130665 3.8670822232961655 0.0 3.0 0.0 603349049.6791992 622002133.1875 602946589.809082 627401404.140625
59683.915011765 2459684.414296793 287.5480118393898 4.833591431379318 0.0 3.0 1.0 612675247.8190918 631561371.0 612253412.1453857 636686807.2304688
59683.915683244995 2459684.4149683444 288.5150460898876 5.800625681877136 0.0 3.0 0.0 603454479.8526001 622120070.8125 603065205.8297119 627506032.609375
59683.916354354995 2459684.4156395267 289.48154859244823 6.767128184437752 0.0 3.0 1.0 612757591.8674316 631638536.0244141 612347889.3579102 636859311.9121094
59683.917025835006 2459684.416311078 290.4485821723938 7.734161764383316 0.0 3.0 0.0 603501462.8028564 622159120.4931641 603090506.578125 627529243.515625
59683.917696945005 2459684.4169822596 291.41508400440216 8.700663596391678 0.0 3.0 1.0 612762004.5515747 631595288.7773438 612334993.0463867 636739568.3183594
59683.918368425 2459684.417653811 292.3821182549 9.667697846889496 0.0 3.0 0.0 603521494.4875488 622187513.4970703 603118580.4318848 627555440.1738281
59683.919039535 2459684.4183249916 293.3486180752516 10.634197667241096 0.0 3.0 1.0 612799407.3201904 631683874.8261719 612357081.3321533 636873854.2539062
59683.919711020004 2459684.418996547 294.3156576901674 11.601237282156944 0.0 3.0 0.0 603536715.8453369 622189349.1542969 603143942.5046387 627579806.2792969
59683.920382134995 2459684.4196677324 295.2821648865938 12.567744478583336 0.0 3.0 1.0 612717552.2320557 631595788.0898438 612264299.3604736 636698022.953125
59683.921053615006 2459684.420339282 296.2491964548826 13.534776046872139 0.0 3.0 0.0 603603329.9074097 622247848.9052734 603192882.2335205 627609010.2109375
59683.921724725005 2459684.421010462 297.21569560468197 14.501275196671486 0.0 3.0 1.0 612819745.3875732 631659276.7197266 612378629.564209 636786914.5390625
59683.922396205 2459684.421682011 298.18272583186626 15.468305423855782 0.0 3.0 0.0 603610284.8917236 622249752.0029297 603190123.7746582 627613660.3554688
59683.923067315 2459684.4223531894 299.14922297000885 16.434802561998367 0.0 3.0 1.0 612820627.5712891 631704887.3847656 612414825.5064697 636854959.5820312
59683.923738795 2459684.4230247377 300.1162525266409 17.40183211863041 0.0 3.0 0.0 603612381.9127197 622296540.9462891 603198457.3076172 627659159.3203125
59683.92440991 2459684.4236959205 301.08275569975376 18.36833529174328 0.0 3.0 1.0 612824454.2078857 631698821.9980469 612383591.0490723 636824452.3085938
59683.92508139 2459684.424367468 302.0497839152813 19.335363507270813 0.0 3.0 0.0 603585506.5254517 622269309.9892578 603165774.8269043 627615459.4550781
59683.925752505005 2459684.4250386497 303.01628574728966 20.301865339279175 0.0 3.0 1.0 612676568.1940308 631538633.6865234 612250441.3909912 636663891.84375
59683.926423985 2459684.4257101957 303.98331195116043 21.268891543149948 0.0 3.0 0.0 603443540.6173706 622143055.8115234 603046704.4671631 627503503.7851562
59683.927095095 2459684.4263813714 304.9498050659895 22.23538465797901 0.0 3.0 1.0 612405156.4307251 631268455.8525391 611975508.8666992 636401244.90625
59683.927766575 2459684.4270529165 305.91682992875576 23.202409520745277 0.0 3.0 0.0 603125865.3721924 621837520.8759766 602718702.3486328 627158916.0820312
59683.928437685 2459684.4277240913 306.8833217024803 24.168901294469833 0.0 3.0 1.0 612121476.8986816 631010667.1728516 611697691.8255615 636143479.3476562
59683.929109164994 2459684.428395635 307.8503445535898 25.135924145579338 0.0 3.0 0.0 602751575.6913452 621435071.6806641 602348387.4526367 626818253.5390625
59683.92978028 2459684.4290668136 308.8168416917324 26.102421283721924 0.0 3.0 1.0 611758223.2524414 630637032.9648438 611327051.1888428 635761978.1367188
59683.930451765 2459684.429738362 309.78387124836445 27.069450840353966 0.0 3.0 0.0 602445198.0479126 621117360.8896484 602041405.1384277 626480848.28125
59683.931122875 2459684.4304095334 310.75035832822323 28.035937920212746 0.0 3.0 1.0 611589522.4678345 630487871.546875 611146195.1983643 635675181.4921875
59683.931794355 2459684.4310810757 311.717379167676 29.00295875966549 0.0 3.0 0.0 602283685.4848633 620949403.0654297 601880962.1916504 626329477.609375
59683.932465465 2459684.431752247 312.6838655769825 29.969445168972015 0.0 3.0 1.0 611452729.8792114 630350470.1708984 611016704.2844238 635465595.140625
59683.933136944994 2459684.4324237877 313.6508844047785 30.936463996767998 0.0 3.0 0.0 602223352.8239746 620906757.5058594 601813164.4100342 626273487.8320312
59683.93380805499 2459684.433094958 314.6173694729805 31.902949064970016 0.0 3.0 1.0 611384889.7038574 630300689.8212891 610956530.168335 635503309.4726562
59683.934479535004 2459684.4337664978 315.584386959672 32.86996655166149 0.0 3.0 0.0 602079051.4765625 620754075.9960938 601699647.154541 626171692.9140625
59683.935150649995 2459684.4344376717 316.550877392292 33.83645698428154 0.0 3.0 1.0 611312796.0482788 630218491.2783203 610888224.5883789 635435795.5976562
59683.935822135 2459684.4351092153 317.5179002434015 34.803479835391045 0.0 3.0 0.0 602115985.6494141 620808373.3632812 601721455.8637695 626179900.015625
59683.936493245 2459684.435780384 318.4843832999468 35.7699628919363 0.0 3.0 1.0 611331096.9346313 630282802.9189453 610899282.7943115 635542111.2695312
59683.93716472499 2459684.4364519217 319.451397433877 36.73697702586651 0.0 3.0 0.0 602041043.7081299 620744295.1347656 601636796.142334 626105334.8359375
59683.93783583499 2459684.437123089 320.4178784787655 37.703458070755005 0.0 3.0 1.0 611276358.7167969 630235480.4414062 610862694.8118896 635513352.0273438
59683.978298795 2459684.477589772 378.6899019777775 0.0 0.0 4.0 0.0 599989906.0993652 618616757.7841797 599606171.3692627 624034758.6875
59683.978970280004 2459684.4782613292 379.65694427490234 0.9670422971248627 0.0 4.0 1.0 609436430.0054321 628306902.8330078 609024179.5469971 633531603.25
59683.979641390004 2459684.4789325115 380.62344677746296 1.9335447996854782 0.0 4.0 0.0 600522281.9776001 619201432.1748047 600120230.2503662 624577677.046875
59683.980312875006 2459684.4796040687 381.5904890745878 2.900587096810341 0.0 4.0 1.0 609667273.3336792 628543170.1289062 609245720.1401367 633767931.3789062
59683.980983985006 2459684.480275251 382.55699157714844 3.8670895993709564 0.0 4.0 0.0 600590741.1906128 619262057.1259766 600194010.222168 624636678.8671875
59683.981655465 2459684.480946803 383.5240264981985 4.834124520421028 0.0 4.0 1.0 609768860.9993896 628643893.9306641 609342441.7092285 633865741.2070312
59683.982326575 2459684.481617985 384.49052833020687 5.80062635242939 0.0 4.0 0.0 600699412.4750977 619376709.9072266 600313903.8117676 624764769.7265625
59683.982998055 2459684.4822895364 385.4575625807047 6.767660602927208 0.0 4.0 1.0 609694957.7874146 628571228.5087891 609285868.0715332 633800475.8007812
59683.983669165 2459684.4829607178 386.4240637421608 7.734161764383316 0.0 4.0 0.0 600684299.3619995 619327989.4013672 600289583.6507568 624734161.9023438
59683.98434065 2459684.4836322744 387.3911053687334 8.701203390955925 0.0 4.0 1.0 609789792.5578003 628669803.2646484 609354721.1118164 633874035.2226562
59683.985011765006 2459684.48430346 388.3576125651598 9.667710587382317 0.0 4.0 0.0 600643027.2182617 619297782.3691406 600254259.9958496 624697756.6679688
59683.985683245 2459684.484975011 389.32464614510536 10.63474416732788 0.0 4.0 1.0 609674698.421814 628558127.1679688 609260091.7072754 633814229.6015625
59683.986354355 2459684.485646191 390.2911452949047 11.601243317127228 0.0 4.0 0.0 600630740.279541 619252927.1181641 600237538.4698486 624577593.6289062
59683.987025835 2459684.486317741 391.25817753374577 12.568275555968285 0.0 4.0 1.0 609681114.1660767 628577050.6611328 609248342.3063965 633775328.2304688
59683.987696945 2459684.486988921 392.2246766835451 13.534774705767632 0.0 4.0 0.0 600584093.095459 619185409.9736328 600187313.6549072 624519965.5
59683.988368424994 2459684.4876604704 393.19170758128166 14.501805603504181 0.0 4.0 1.0 609621199.7632446 628479408.609375 609215694.8306885 633733147.2578125
59683.989039534994 2459684.488331649 394.15820471942425 15.468302741646767 0.0 4.0 0.0 600574796.2280273 619231866.3798828 600188717.9884033 624640107.8632812
59683.989711019996 2459684.4890032024 395.1252416521311 16.4353396743536 0.0 4.0 1.0 609633215.4307251 628500059.0332031 609203450.947998 633727926.625
59683.990382135 2459684.489674385 396.09174482524395 17.40184284746647 0.0 4.0 0.0 600534225.1690063 619191762.0126953 600146681.6765137 624506022.8945312
59683.991053615 2459684.4903459325 397.0587730407715 18.368871062994003 0.0 4.0 1.0 609687417.7460938 628597479.6738281 609253446.5145264 633789102.8125
59683.991724725 2459684.4910171092 398.02526749670506 19.335365518927574 0.0 4.0 0.0 600599556.328125 619277606.6035156 600197150.0445557 624642005.7421875
59683.992396204994 2459684.491688656 398.99229504168034 20.302393063902855 0.0 4.0 1.0 609632491.8363037 628543026.5449219 609215588.9815674 633748512.8671875
59683.993067314994 2459684.4923598315 399.95878748595715 21.268885508179665 0.0 4.0 0.0 600577742.3475342 619281409.3808594 600191355.4924316 624670621.4570312
59683.993738795005 2459684.4930313774 400.9258136898279 22.235911712050438 0.0 4.0 1.0 609550830.5540161 628448444.7333984 609137396.0897217 633671539.0742188
59683.994409909996 2459684.493702557 401.892312169075 23.20241019129753 0.0 4.0 0.0 600486093.920227 619160185.25 600098282.319458 624469776.0625
59683.99508139 2459684.494374101 402.85933569073677 24.16943371295929 0.0 4.0 1.0 609615543.1092529 628525304.7158203 609191576.71521 633727737.9023438
59683.995752505 2459684.49504528 403.8258334994316 25.13593152165413 0.0 4.0 0.0 600516102.012207 619191016.3867188 600139978.9291992 624575815.640625
59683.996423984994 2459684.495716823 404.7928550094366 26.102953031659126 0.0 4.0 1.0 609620168.7634277 628547491.8164062 609180448.4864502 633715907.6367188
59683.997095094994 2459684.496387996 405.75934410095215 27.069442123174667 0.0 4.0 0.0 600555866.0671387 619228308.2314453 600147340.0361328 624589622.6875
59683.997766575005 2459684.4970595376 406.72636426985264 28.036462292075157 0.0 4.0 1.0 609561005.5657959 628455311.9501953 609150438.7669678 633661234.0742188
59683.998437685004 2459684.497730709 407.6928513497114 29.002949371933937 0.0 4.0 0.0 600594945.9452515 619268262.6054688 600194930.9404297 624646182.6289062
59683.999109165 2459684.49840225 408.6598701775074 29.96996819972992 0.0 4.0 1.0 609633935.3456421 628550011.8720703 609215954.8096924 633756700.765625
59683.99978028 2459684.499073426 409.62636329233646 30.936461314558983 0.0 4.0 0.0 600553850.4014282 619246786.3388672 600168745.6623535 624634405.3945312
59684.000451764994 2459684.4997449704 410.5933874845505 31.903485506772995 0.0 4.0 1.0 609630557.446228 628527279.7734375 609199652.5301514 633724796.2695312
59684.00112287499 2459684.50041614 411.55987188220024 32.86996990442276 0.0 4.0 0.0 600492379.951416 619140985.1777344 600095403.9832764 624462048.6875
59684.001794355005 2459684.501087679 412.5268880277872 33.83698605000973 0.0 4.0 1.0 609593556.4850464 628501654.5625 609170882.9458008 633722810.2695312
59684.002465465004 2459684.5017588474 413.4933704137802 34.80346843600273 0.0 4.0 0.0 600545508.0942383 619218573.4619141 600138427.8972168 624490896.890625
59684.003136945 2459684.5024303854 414.4603852182627 35.77048324048519 0.0 4.0 1.0 609528572.5361328 628439463.8457031 609109737.2198486 633658777.09375
59684.003808055 2459684.5031015533 415.4268669337034 36.73696495592594 0.0 4.0 0.0 600480692.9314575 619124931.0410156 600089927.2548828 624441365.8007812
59684.004479535 2459684.5037730904 416.3938803970814 37.703978419303894 0.0 4.0 1.0 609536761.3098145 628472022.8984375 609110425.7644043 633671402.2109375
59684.047233984995 2459684.54653152 477.9660187661648 0.0 0.0 5.0 0.0 598204655.3751221 616818562.9228516 597822606.1740723 622161103.6835938
59684.047905465006 2459684.5472030723 478.9330543577671 0.9670355916023254 0.0 5.0 1.0 607735549.4234009 626611069.4580078 607313205.1446533 631843333.40625
59684.048576575005 2459684.5478742537 479.8995555192232 1.9335367530584335 0.0 5.0 0.0 598804976.616394 617428410.8681641 598407382.8029785 622751479.8125
59684.049248055 2459684.5485458057 480.8665904402733 2.9005716741085052 0.0 5.0 1.0 608013560.3045044 626893871.1943359 607595253.2625732 632108858.015625
59684.049919165 2459684.549216987 481.8330916017294 3.8670728355646133 0.0 5.0 0.0 599042442.1184692 617696035.4189453 598636253.3485107 623064756.7617188
59684.050590650004 2459684.5498885433 482.80013255774975 4.834113791584969 0.0 5.0 1.0 608129528.824646 626981102.3916016 607719320.1912842 632227214.546875
59684.051261764995 2459684.5505597293 483.7666404247284 5.800621658563614 0.0 5.0 0.0 599269734.5749512 617903862.3417969 598862875.9526367 623296488.7460938
59684.051933245006 2459684.55123128 484.7336733341217 6.767654567956924 0.0 5.0 1.0 608385277.4343262 627281849.96875 607958150.0794678 632501023.6054688
59684.052604355005 2459684.5519024604 485.7001731544733 7.734154388308525 0.0 5.0 0.0 599321588.3185425 617950467.0146484 598899051.7093506 623253369.0703125
59684.053275835 2459684.55257401 486.6672047227621 8.701185956597328 0.0 5.0 1.0 608377372.7593384 627249336.0068359 607954318.0296631 632504370.6875
59684.053946945 2459684.55324519 487.63370387256145 9.667685106396675 0.0 5.0 0.0 599282378.027832 617943391.3271484 598890876.1453857 623334459.2695312
59684.054618425 2459684.5539167393 488.600734770298 10.634716004133224 0.0 5.0 1.0 608303324.5015259 627199215.5302734 607880013.2922363 632432046.5703125
59684.055289535 2459684.554587918 489.5672319084406 11.60121314227581 0.0 5.0 0.0 599304923.668457 617954819.6748047 598920040.3321533 623366150.96875
59684.05596102 2459684.5552594713 490.5342688411474 12.568250074982643 0.0 5.0 1.0 608250916.1559448 627161370.5527344 607822738.9550781 632357971.5
59684.056632135005 2459684.5559306545 491.50077268481255 13.534753918647766 0.0 5.0 0.0 599197645.6549072 617826502.4951172 598792669.673706 623141141.5859375
59684.057303615 2459684.5566022014 492.4678002297878 14.501781463623047 0.0 5.0 1.0 608241173.6187744 627162570.0126953 607823765.7451172 632347022.265625
59684.057974725 2459684.5572733786 493.43429535627365 15.468276590108871 0.0 5.0 0.0 599223958.8596802 617879139.1210938 598838206.1958008 623207464.5507812
59684.058646205 2459684.557944925 494.4013222306967 16.4353034645319 0.0 5.0 1.0 608200941.4506836 627127321.3222656 607779356.8283691 632334171.6796875
59684.059317315 2459684.558616101 495.36781534552574 17.401796579360962 0.0 5.0 0.0 599292007.6658325 617984700.0009766 598889782.6300049 623354023.0117188
59684.059988794994 2459684.559287646 496.334840208292 18.368821442127228 0.0 5.0 1.0 608267928.7578735 627167245.7958984 607844164.868042 632377741.6367188
59684.06065991 2459684.559958826 497.30133935809135 19.335320591926575 0.0 5.0 0.0 599199867.0359497 617879560.1455078 598811853.9112549 623287622.1914062
59684.061331389996 2459684.56063037 498.2683628797531 20.302344113588333 0.0 5.0 1.0 608225368.3515625 627112413.5205078 607809293.7969971 632359815.2695312
59684.062002505 2459684.561301549 499.23486068844795 21.268841922283173 0.0 5.0 0.0 599241078.4575806 617907685.1357422 598858877.4283447 623320715.2929688
59684.062673985 2459684.561973092 500.2018828690052 22.235864102840424 0.0 5.0 1.0 608317522.5492554 627240631.3613281 607899010.2891846 632468677.78125
59684.063345095 2459684.5626442647 501.1683712899685 23.20235252380371 0.0 5.0 0.0 599385189.7052002 618063932.4179688 598977336.0805664 623420216.4609375
59684.064016574994 2459684.5633158064 502.135391458869 24.1693726927042 0.0 5.0 1.0 608446771.7451782 627373077.8964844 608036276.6470947 632567972.9492188
59684.06468768499 2459684.563986978 503.10187853872776 25.13585977256298 0.0 5.0 0.0 599509664.5998535 618158447.921875 599115900.0756836 623462186.8515625
59684.065359165004 2459684.564658519 504.06889736652374 26.102878600358963 0.0 5.0 1.0 608759951.0067749 627670423.7636719 608334767.548706 632863714.8085938
59684.066030279995 2459684.5653296947 505.0353904813528 27.069371715188026 0.0 5.0 0.0 599813763.3963013 618485089.6357422 599420555.5782471 623875713.40625
59684.066701765 2459684.566001239 506.0024146735668 28.03639590740204 0.0 5.0 1.0 609019347.107544 627945737.0996094 608595939.0411377 633137168.6601562
59684.067372875 2459684.5666724085 506.96889840066433 29.00287963449955 0.0 5.0 0.0 600059086.3874512 618755946.2441406 599644019.7434082 624104978.9765625
59684.06804435499 2459684.567343948 507.93591521680355 29.96989645063877 0.0 5.0 1.0 609158534.4272461 628088522.5322266 608742469.1103516 633285576.5507812
59684.06871546499 2459684.568015116 508.9023969322443 30.93637816607952 0.0 5.0 0.0 600348613.2626343 619023039.6064453 599950357.8743896 624388104.3046875
59684.069386945004 2459684.5686866543 509.869412407279 31.903393641114235 0.0 5.0 1.0 609323459.4518433 628233571.9570312 608909464.206543 633439208.9140625
59684.070058055004 2459684.569357822 510.83589412271976 32.869875356554985 0.0 5.0 0.0 600267420.0822144 618917294.0410156 599868294.3601074 624244844.4335938
59684.070729535 2459684.5700293593 511.8029075860977 33.83688881993294 0.0 5.0 1.0 609345214.321228 628246821.1933594 608931819.0518799 633440997.96875
59684.071400650006 2459684.570700531 512.7693946659565 34.80337589979172 0.0 5.0 0.0 600283435.0562134 618929744.7734375 599887035.6680908 624249117.2851562
59684.07207213499 2459684.571372072 513.7364141643047 35.770395398139954 0.0 5.0 1.0 609252026.5887451 628175896.7675781 608828268.8184814 633372984.546875
59684.07274324499 2459684.5720432387 514.7028938680887 36.73687510192394 0.0 5.0 0.0 600237807.4143677 618953470.2177734 599846995.2349854 624338940.0429688
59684.073414725004 2459684.5727147744 515.6699053198099 37.703886553645134 0.0 5.0 1.0 609263961.0960693 628202297.5722656 608831271.1673584 633391981.2070312
59684.11544028 2459684.614744295 576.1924148350954 0.0 0.0 6.0 0.0 597882429.4216919 616548084.1699219 597479893.8035889 621949652.8125
59684.11611139 2459684.6154154763 577.1589159965515 0.9665011614561081 0.0 6.0 1.0 607279695.550293 626174868.2666016 606868943.2453613 631487302.5703125
59684.116782875004 2459684.6160870325 578.1259569525719 1.9335421174764633 0.0 6.0 0.0 598334874.0346069 616953725.3554688 597931565.8338623 622347506.1015625
59684.117453985 2459684.6167582134 579.0924574434757 2.9000426083803177 0.0 6.0 1.0 607501501.2183228 626391339.5244141 607070031.0922852 631668774.0664062
59684.118125465 2459684.617429764 580.059490352869 3.8670755177736282 0.0 6.0 0.0 598533823.0682983 617176161.6230469 598142398.2449951 622577251.9960938
59684.118796575 2459684.6181009444 581.0259901732206 4.833575338125229 0.0 6.0 1.0 607572027.1268921 626433738.3779297 607161749.4222412 631676779.453125
59684.119468054996 2459684.618772495 581.993023082614 5.800608247518539 0.0 6.0 0.0 598518948.093811 617145011.9677734 598112177.0797119 622539188.4257812
59684.120139164996 2459684.619443674 582.9595208913088 6.767106056213379 0.0 6.0 1.0 607585658.9790039 626468866.9267578 607170338.0253906 631704116.6367188
59684.12081065 2459684.6201152285 583.9265591651201 7.734144330024719 0.0 6.0 0.0 598617920.8580933 617244182.9013672 598246110.4101562 622670571.2109375
59684.121481765 2459684.6207864126 584.8930643498898 8.70064951479435 0.0 6.0 1.0 607637021.5507812 626504692.3945312 607210921.8565674 631764139.3476562
59684.122153245 2459684.621457961 585.8600939065218 9.667679071426392 0.0 6.0 0.0 598573899.4807129 617199507.9550781 598197132.7285156 622624363.8945312
59684.122824355 2459684.6221291386 586.8265897035599 10.63417486846447 0.0 6.0 1.0 607690559.2636719 626577581.3486328 607265805.4157715 631802041.328125
59684.123495834996 2459684.622800686 587.7936179190874 11.601203083992004 0.0 6.0 0.0 598757821.2019653 617431982.9433594 598354107.4158936 622811501.6757812
59684.124166944996 2459684.623471863 588.7601130455732 12.567698210477829 0.0 6.0 1.0 607722510.9329224 626642668.6455078 607307078.494873 631868668.8984375
59684.12483842501 2459684.6241434095 589.7271399199963 13.534725084900856 0.0 6.0 0.0 598758215.9197388 617462245.4570312 598370109.7988281 622840870.7539062
59684.125509535006 2459684.6248145853 590.6936330348253 14.50121819972992 0.0 6.0 1.0 607744952.8805542 626701786.015625 607333495.3328857 631980878.7070312
59684.126181019994 2459684.6254861355 591.6606652736664 15.468250438570976 0.0 6.0 0.0 598712881.2650146 617402652.0800781 598327653.8897705 622780982.1367188
59684.126852135 2459684.626157316 592.627165094018 16.434750258922577 0.0 6.0 1.0 607723143.4611206 626660586.078125 607303150.9088135 631955730.34375
59684.127523614996 2459684.62682886 593.5941886156797 17.401773780584335 0.0 6.0 0.0 598750595.7593994 617430663.5947266 598364068.5025635 622814972.4960938
59684.128194724995 2459684.6275000335 594.5606783777475 18.36826354265213 0.0 6.0 1.0 607699731.7404785 626613908.0878906 607276519.1567383 631835692.1757812
59684.12886620501 2459684.6281715767 595.5277005583048 19.33528572320938 0.0 6.0 0.0 598649449.0946045 617350541.0175781 598265514.6955566 622738011.125
59684.129537315006 2459684.628842749 596.4941889792681 20.30177414417267 0.0 6.0 1.0 607646846.3696289 626550906.5351562 607230340.5218506 631776281.3007812
59684.130208795 2459684.6295142914 597.4612098187208 21.268794983625412 0.0 6.0 0.0 598700046.954956 617387541.4912109 598309604.6881104 622770984.2578125
59684.13087991 2459684.630185468 598.4277042746544 22.235289439558983 0.0 6.0 1.0 607676098.762085 626631989.9580078 607253946.5273438 631905525.1210938
59684.131551390004 2459684.630857009 599.3947231024504 23.202308267354965 0.0 6.0 0.0 598619787.3400879 617274080.1240234 598227098.5362549 622689236.515625
59684.132222504995 2459684.6315281843 600.3612155467272 24.168800711631775 0.0 6.0 1.0 607617820.0820923 626557922.1474609 607205275.4801025 631855592.4023438
59684.13289398501 2459684.632199724 601.3282330334187 25.13581819832325 0.0 6.0 0.0 598559002.342102 617218899.1601562 598170536.2368164 622551880.8847656
59684.133565095006 2459684.6328708935 602.2947167605162 26.10230192542076 0.0 6.0 1.0 607565151.6669312 626466279.1054688 607144411.4920654 631683537.5078125
59684.134236575 2459684.633542433 603.2617335766554 27.069318741559982 0.0 6.0 0.0 598529516.3347778 617162227.9511719 598137028.5633545 622500441.15625
59684.134907685 2459684.6342136012 604.2282159626484 28.035801127552986 0.0 6.0 1.0 607517601.5906372 626435971.1191406 607127226.8336182 631687145.2695312
59684.135579165 2459684.6348851393 605.1952307671309 29.002815932035446 0.0 6.0 0.0 598591932.4562988 617271071.390625 598201738.0628662 622650748.078125
59684.136250280004 2459684.635556312 606.1617191880941 29.969304352998734 0.0 6.0 1.0 607577462.2417603 626519006.2207031 607157891.9119873 631710271.2539062
59684.136921765006 2459684.636227854 607.1287400275469 30.936325192451477 0.0 6.0 0.0 598528684.3295898 617190876.7626953 598144107.519165 622584975.2578125
59684.137592875006 2459684.636899021 608.0952204018831 31.90280556678772 0.0 6.0 1.0 607539116.0841675 626446071.2744141 607126357.618042 631686121.4414062
59684.138264355 2459684.6375705577 609.0622331947088 32.86981835961342 0.0 6.0 0.0 598448988.6224976 617123070.828125 598055399.5012207 622529090.453125
59684.138935465 2459684.638241724 610.0287128984928 33.83629806339741 0.0 6.0 1.0 607480826.5115967 626381869.4306641 607066455.2255859 631612485.4804688
59684.139606945 2459684.6389132603 610.9957250207663 34.80331018567085 0.0 6.0 0.0 598494238.1300659 617180617.1777344 598091964.3466797 622570048.0703125
59684.140278055 2459684.6395844254 611.9622027128935 35.76978787779808 0.0 6.0 1.0 607485533.3599854 626416625.7480469 607077629.2583008 631633027.953125
59684.140949534994 2459684.6402559616 612.9292148351669 36.736800000071526 0.0 6.0 0.0 598480609.4071655 617152432.8798828 598080089.9017334 622444378.0273438
59684.14162065 2459684.6409271313 613.8956992328167 37.70328439772129 0.0 6.0 1.0 607446077.3198242 626393160.4453125 607033855.8566895 631596736.109375
59684.182523615 2459684.6818339904 672.8015763312578 0.0 0.0 7.0 0.0 596271398.7896729 614907355.7480469 595885767.6796875 620325674.3710938
59684.183194725 2459684.6825051713 673.7680768221617 0.9665004909038544 0.0 7.0 1.0 605527168.197815 624378224.1894531 605110431.0736084 629619417.046875
59684.183866205 2459684.683176723 674.7351110726595 1.9335347414016724 0.0 7.0 0.0 596682412.1752319 615333870.3828125 596291975.6036377 620747485.2578125
59684.184537315 2459684.683847903 675.7016102224588 2.9000338912010193 0.0 7.0 1.0 605734020.4902344 624629464.2119141 605310048.0546875 629848547.1875
59684.185208794996 2459684.6845194534 676.6686431318521 3.86706680059433 0.0 7.0 0.0 596729114.2675171 615330614.6279297 596345186.0195312 620762750.5585938
59684.18587991 2459684.685190638 677.635148987174 4.833572655916214 0.0 7.0 1.0 605805960.6692505 624658081.4228516 605395256.7340088 629894951.1601562
59684.18655139 2459684.685862188 678.6021812260151 5.800604894757271 0.0 7.0 0.0 596889280.1599121 615512046.9628906 596483795.0930176 620837117.609375
59684.187222505 2459684.686533372 679.5686857402325 6.7671094089746475 0.0 7.0 1.0 605942893.2856445 624826414.7841797 605508832.1021729 630041492.9179688
59684.187893985 2459684.6872049207 680.5357159674168 7.734139636158943 0.0 7.0 0.0 596987153.203064 615636945.859375 596574864.9090576 621032463.5703125
59684.188565095 2459684.687876099 681.5022124350071 8.700636103749275 0.0 7.0 1.0 605916805.772522 624782492.078125 605505703.4713135 630046809.4960938
59684.189236574995 2459684.6885476466 682.4692413210869 9.667664989829063 0.0 7.0 0.0 596991607.3599243 615612361.0693359 596596772.2966309 620920132.4960938
59684.189907684995 2459684.689218824 683.4357364475727 10.634160116314888 0.0 7.0 1.0 605964492.94281 624865539.8134766 605556656.8509521 630102264.5273438
59684.190579165006 2459684.6898903707 684.402763992548 11.601187661290169 0.0 7.0 0.0 597002690.0124512 615640754.1279297 596602075.1612549 620972299.4960938
59684.19125028 2459684.690561552 685.3692651540041 12.567688822746277 0.0 7.0 1.0 606035867.1532593 624939596.2441406 605608578.8109131 630167620.7304688
59684.191921765 2459684.6912331027 686.3362980633974 13.534721732139587 0.0 7.0 0.0 597051759.7736816 615721440.9667969 596665733.6942139 621119924.9023438
59684.192592875 2459684.691904278 687.3027905076742 14.501214176416397 0.0 7.0 1.0 606121125.7935181 625025963.8847656 605698715.6032715 630250095.7539062
59684.193264354995 2459684.6925758226 688.2698146998882 15.46823836863041 0.0 7.0 0.0 597091612.3649292 615765110.7324219 596716927.5318604 621176279.21875
59684.193935464995 2459684.693246997 689.2363058030605 16.43472947180271 0.0 7.0 1.0 606128121.4141235 625046661.0556641 605684452.9937744 630231160.9804688
59684.194606945006 2459684.69391854 690.2033279836178 17.401751652359962 0.0 7.0 0.0 597037557.3010864 615701314.9072266 596652009.6806641 621028939.0820312
59684.195278055005 2459684.694589713 691.1698170751333 18.368240743875504 0.0 7.0 1.0 606080155.6047974 624992575.2304688 605647102.2653809 630186008.9375
59684.195949535 2459684.695261256 692.1368385851383 19.3352622538805 0.0 7.0 0.0 597023153.6655273 615664741.3876953 596649456.2109375 621002340.25
59684.19662065 2459684.695932433 693.1033337116241 20.301757380366325 0.0 7.0 1.0 606086976.7523804 625001458.1142578 605659970.3444824 630214680.8125
59684.197292134995 2459684.696603979 694.0703599154949 21.2687835842371 0.0 7.0 0.0 597171405.9906006 615825002.0664062 596780913.1401367 621143388.203125
59684.197963244995 2459684.69727515 695.0368463248014 22.235269993543625 0.0 7.0 1.0 606091618.7026367 624997549.828125 605686672.552124 630241732.453125
59684.198634725006 2459684.6979466905 696.0038644820452 23.202288150787354 0.0 7.0 0.0 597178435.6138916 615832867.3037109 596780442.8109131 621139020.0078125
59684.199305835005 2459684.69861786 696.9703488796949 24.16877254843712 0.0 7.0 1.0 606219965.142456 625132732.3193359 605792367.1677246 630361875.9765625
59684.199977315 2459684.699289399 697.9373650252819 25.135788694024086 0.0 7.0 0.0 597215567.8200073 615884099.3574219 596828358.6325684 621194087.0273438
59684.200648425 2459684.6999605685 698.9038487523794 26.102272421121597 0.0 7.0 1.0 606104994.5837402 625005575.5214844 605691738.015625 630244431.796875
59684.201319910004 2459684.7006321116 699.8708709329367 27.06929460167885 0.0 7.0 0.0 597253113.6939697 615917193.2050781 596834586.7590332 621203512.6875
59684.20199102 2459684.7013032795 700.8373526483774 28.0357763171196 0.0 7.0 1.0 606272746.248169 625158808.7568359 605864518.3857422 630407869.9882812
59684.202662505006 2459684.7019748227 701.8043748289347 29.00279849767685 0.0 7.0 0.0 597183271.2919312 615802183.4140625 596790182.4526367 621131182.2441406
59684.203333615005 2459684.702645989 702.7708545327187 29.96927820146084 0.0 7.0 1.0 606200258.0721436 625107931.4580078 605772508.6497803 630318461.75
59684.204005095 2459684.7033175263 703.7378679960966 30.93629166483879 0.0 7.0 0.0 597189650.939209 615849906.5244141 596805153.9958496 621173620.1367188
59684.204676205 2459684.7039886927 704.7043476998806 31.90277136862278 0.0 7.0 1.0 606173625.3794556 625070459.3857422 605754365.6713867 630315757.5703125
59684.205347685 2459684.704660229 705.671359822154 32.869783490896225 0.0 7.0 0.0 597121034.427124 615776985.3457031 596739454.657959 621101720.3085938
59684.206018795 2459684.7053313944 706.6378381848335 33.83626185357571 0.0 7.0 1.0 606158758.2905273 625056242.0214844 605760059.9078369 630294028.0195312
59684.20669028 2459684.7060029353 707.6048570126295 34.80328068137169 0.0 7.0 0.0 597118285.7080688 615788442.7783203 596714624.3687744 621097098.921875
59684.20736139 2459684.706674101 708.571335375309 35.76975904405117 0.0 7.0 1.0 606188579.7320557 625126080.4023438 605763248.9476318 630315144.4765625
59684.208032875 2459684.707345641 709.5383535325527 36.7367772012949 0.0 7.0 0.0 597076871.670166 615754411.7998047 596686387.4450684 621078725.484375
59684.208703985 2459684.7080168063 710.50483122468 37.70325489342213 0.0 7.0 1.0 606017918.9935913 624938284.0126953 605609156.3151855 630178784.5703125
