# %ECSV 1.0
# ---
# datatype:
# - {name: t_mjd, datatype: float64}
# - {name: t_bjd, datatype: float64}
# - {name: t_visit, datatype: float64}
# - {name: t_orbit, datatype: float64}
# - {name: ivisit, datatype: float64}
# - {name: iorbit, datatype: float64}
# - {name: scan, datatype: float64}
# - {name: spec_opt, datatype: float64}
# - {name: var_opt, datatype: float64}
# - {name: spec_box, datatype: float64}
# - {name: var_box, datatype: float64}
# schema: astropy-2.0
t_mjd t_bjd t_visit t_orbit ivisit iorbit scan spec_opt var_opt spec_box var_box
59455.203888655 2459455.7091161143 1.4178257435560226 1.4178257435560226 0.0 0.0 0.0 655737506.3266602 671170092.0507812 655245508.0615234 672826818.0390625
59455.20459458 2459455.7098220186 2.4343279749155045 2.4343279749155045 0.0 0.0 1.0 660831189.3486328 676268951.3554688 660276279.3261719 677906642.0117188
59455.205300689995 2459455.7105281074 3.4510957449674606 3.4510957449674606 0.0 0.0 0.0 660238948.7041016 675686515.875 659736460.2045898 677327583.671875
59455.20600662 2459455.7112340154 4.467603340744972 4.467603340744972 0.0 0.0 1.0 663195192.7197266 678675555.3320312 662645046.4506836 680307222.2734375
59455.20671273 2459455.7119401037 5.484370440244675 5.484370440244675 0.0 0.0 0.0 661984958.7460938 677398105.9101562 661470224.9521484 679016905.5078125
59455.207418655 2459455.712646005 6.500868648290634 6.500868648290634 0.0 0.0 1.0 664347365.0043945 679824208.3828125 663777519.0185547 681436582.2460938
59455.208124765 2459455.713352092 7.517633736133575 7.517633736133575 0.0 0.0 0.0 662922029.6821289 678375880.0703125 662401741.7680664 679991619.3085938
59455.20883069 2459455.7140579927 8.534130603075027 8.534130603075027 0.0 0.0 1.0 664916173.9262695 680419468.453125 664351666.3613281 682034874.765625
59455.209536805 2459455.7147640823 9.550899714231491 9.550899714231491 0.0 0.0 0.0 663400263.4936523 678805075.59375 662866733.9638672 680396777.265625
59455.21024273 2459455.715469982 10.567395240068436 10.567395240068436 0.0 0.0 1.0 665247032.456543 680739496.2695312 664680289.4741211 682371152.7304688
59455.21094884 2459455.716176065 11.584154963493347 11.584154963493347 0.0 0.0 0.0 663787373.7915039 679219416.2578125 663271393.796875 680840392.203125
59455.211654765 2459455.716881963 12.600647807121277 12.600647807121277 0.0 0.0 1.0 665508551.6601562 681053101.625 664908644.6816406 682638951.1523438
59455.212360875 2459455.7175880447 13.617405518889427 13.617405518889427 0.0 0.0 0.0 663930306.8149414 679376896.5625 663404708.4521484 681001053.640625
59455.213066805 2459455.7182939453 14.63390238583088 14.63390238583088 0.0 0.0 1.0 665666105.9018555 681142870.453125 665100109.9775391 682758124.6015625
59455.213772915 2459455.7190000247 15.650656744837761 15.650656744837761 0.0 0.0 0.0 664128288.2592773 679560462.0351562 663612798.3969727 681189996.0117188
59455.214478840004 2459455.719705919 16.66714422404766 16.66714422404766 0.0 0.0 1.0 665714615.2324219 681188224.1015625 665167539.4067383 682821846.6445312
59455.21518495 2459455.7204119964 17.683895900845528 17.683895900845528 0.0 0.0 0.0 664172743.2084961 679587940.1367188 663655490.8427734 681215026.2695312
59455.215890875 2459455.721117888 18.70038002729416 18.70038002729416 0.0 0.0 1.0 665831919.5454102 681320033.015625 665255622.1938477 682938240.4570312
59455.216596989994 2459455.721823969 19.717136397957802 19.717136397957802 0.0 0.0 0.0 664284087.1655273 679726527.9140625 663780455.2114258 681364181.1875
59455.217302915 2459455.722529859 20.733617842197418 20.733617842197418 0.0 0.0 1.0 665786214.6049805 681285993.9296875 665224607.0019531 682921245.6328125
59455.218009025004 2459455.723235932 21.750363484025 21.750363484025 0.0 0.0 0.0 664248086.9375 679672586.21875 663731918.3349609 681306915.7929688
59455.21871495 2459455.7239418197 22.76684157550335 22.76684157550335 0.0 0.0 1.0 665925965.0151367 681417950.140625 665352810.1416016 683028186.0625
59455.21942106 2459455.7246478912 23.783584535121918 23.783584535121918 0.0 0.0 0.0 664367044.1352539 679789604.3671875 663854522.4760742 681413077.5820312
59455.220126989996 2459455.725353782 24.80006732046604 24.80006732046604 0.0 0.0 1.0 665811283.503418 681258932.546875 665254111.3300781 682892806.2851562
59455.2208331 2459455.7260598517 25.816807597875595 25.816807597875595 0.0 0.0 0.0 664254135.1030273 679690043.9101562 663759684.0952148 681352183.875
59455.221539025 2459455.7267657355 26.833280324935913 26.833280324935913 0.0 0.0 1.0 665763333.1381836 681248710.4765625 665212732.7587891 682896434.875
59455.22224514 2459455.727471808 27.85002462565899 27.85002462565899 0.0 0.0 0.0 664335381.9682617 679746159.71875 663819551.6889648 681368429.5859375
59455.22295106 2459455.728177685 28.8664872944355 28.8664872944355 0.0 0.0 1.0 665808482.9560547 681300375.0507812 665229010.7182617 682919766.9101562
59455.223657174996 2459455.728883756 29.883229583501816 29.883229583501816 0.0 0.0 0.0 664318731.543457 679732887.5859375 663812237.2988281 681371203.6601562
59455.2243631 2459455.729589636 30.899696946144104 30.899696946144104 0.0 0.0 1.0 665772393.8847656 681288138.0 665190151.4550781 682920154.0195312
59455.225069210006 2459455.7302957005 31.916429847478867 31.916429847478867 0.0 0.0 0.0 664304981.0581055 679739722.8828125 663847555.1171875 681424884.78125
59455.22577514 2459455.731001584 32.93290190398693 32.93290190398693 0.0 0.0 1.0 665833056.5629883 681360691.96875 665268202.7207031 682974331.9960938
59455.226481245 2459455.731707642 33.94962541759014 33.94962541759014 0.0 0.0 0.0 664276629.3696289 679681575.4335938 663768022.0834961 681327283.3242188
59455.227187175 2459455.7324135243 34.9660961329937 34.9660961329937 0.0 0.0 1.0 665679651.7412109 681143210.2734375 665094810.2890625 682750220.7382812
59455.227893285 2459455.733119586 35.98282501101494 35.98282501101494 0.0 0.0 0.0 664230978.3061523 679695194.2304688 663714701.6328125 681338339.09375
59455.22859921 2459455.7338254624 36.9992870092392 36.9992870092392 0.0 0.0 1.0 665648632.2197266 681131574.2304688 665081837.519043 682767672.9765625
59455.229305325 2459455.7345315283 38.01602192223072 38.01602192223072 0.0 0.0 0.0 664203541.2919922 679649402.0078125 663684084.6992188 681286990.25
59455.230011245 2459455.735237399 39.032475873827934 39.032475873827934 0.0 0.0 1.0 665672307.7661133 681141917.9765625 665105146.6293945 682771731.5351562
59455.23071736 2459455.735943464 40.04920944571495 40.04920944571495 0.0 0.0 0.0 664213407.0742188 679652122.5546875 663684974.6674805 681268351.375
59455.231423285004 2459455.7366493386 41.065668761730194 41.065668761730194 0.0 0.0 1.0 665656326.2456055 681138736.0234375 665072341.0493164 682742799.9335938
59455.268981245 2459455.7742054434 95.14645971357822 0.0 0.0 1.0 0.0 662675781.4233398 678102273.6953125 662175061.6230469 679745576.390625
59455.269687175 2459455.774911353 96.1629693210125 1.0165096074342728 0.0 1.0 1.0 663531580.7543945 679005757.7773438 662966538.0981445 680632223.0859375
59455.270393285 2459455.7756174426 97.17973843216896 2.0332787185907364 0.0 1.0 0.0 663155176.8354492 678573222.9570312 662624976.2075195 680183283.9609375
59455.271099210004 2459455.776323346 98.19623932242393 3.0497796088457108 0.0 1.0 1.0 663648083.2285156 679103829.7734375 663083281.5327148 680678991.1796875
59455.271805325 2459455.77702944 99.21301446855068 4.066554754972458 0.0 1.0 0.0 663333876.2099609 678761292.2460938 662807739.597168 680383838.8554688
59455.272511245 2459455.777735338 100.22950798273087 5.083048269152641 0.0 1.0 1.0 663750409.7885742 679242349.71875 663178488.5078125 680875336.7109375
59455.273217359994 2459455.77844143 101.2462804466486 6.0998207330703735 0.0 1.0 0.0 663516359.9433594 678947637.7226562 662990282.7192383 680547099.4375
59455.273923285 2459455.7791473316 102.26277865469456 7.116318941116333 0.0 1.0 1.0 663866252.0488281 679349712.5546875 663306384.0053711 680978825.3007812
59455.274629395004 2459455.779853418 103.27954307198524 8.13308335840702 0.0 1.0 0.0 663511839.4458008 678945535.4609375 662983725.0297852 680608344.6367188
59455.275335325 2459455.7805593233 104.29604664444923 9.14958693087101 0.0 1.0 1.0 663762384.0 679134284.3945312 663190609.2822266 680707686.0820312
59455.27604143 2459455.7812654027 105.31280100345612 10.166341289877892 0.0 1.0 0.0 663467371.4799805 678919232.0625 662956735.8100586 680547270.3203125
59455.276747359996 2459455.7819713065 106.32930256426334 11.18284285068512 0.0 1.0 1.0 663837332.309082 679292192.0351562 663276391.7973633 680867002.640625
59455.27745347 2459455.7826773897 107.34606228768826 12.199602574110031 0.0 1.0 0.0 663539285.8017578 678952517.6367188 663004030.6494141 680561658.8085938
59455.278159395 2459455.7833832866 108.36255379021168 13.216094076633453 0.0 1.0 1.0 663885216.3632812 679427862.0039062 663304650.2700195 681051002.5664062
59455.27886551 2459455.784089373 109.37931820750237 14.232858493924141 0.0 1.0 0.0 663541970.6547852 679000299.1445312 663019128.809082 680613604.5390625
59455.27957143 2459455.784795263 110.39579965174198 15.249339938163757 0.0 1.0 1.0 663765140.9550781 679184241.4414062 663210680.1977539 680781262.1679688
59455.280277544996 2459455.7855013474 111.41256138682365 16.26610167324543 0.0 1.0 0.0 663539775.9194336 679023508.9726562 663018449.6455078 680706498.859375
59455.28098347 2459455.78620724 112.4290468543768 17.28258714079857 0.0 1.0 1.0 663821766.2387695 679238602.7929688 663254337.3325195 680808057.9023438
59455.281689580006 2459455.7869133176 113.44579853117466 18.299338817596436 0.0 1.0 0.0 663368639.6767578 678848964.1679688 662858299.4790039 680562007.6757812
59455.28239551 2459455.7876192136 114.46228869259357 19.31582897901535 0.0 1.0 1.0 663630809.3364258 679085216.1054688 663081202.5327148 680691829.375
59455.283101615 2459455.7883252837 115.47902964055538 20.332569926977158 0.0 1.0 0.0 663456546.6738281 678880951.0 662950471.7563477 680519084.5625
59455.283807545 2459455.7890311778 116.49551711976528 21.349057406187057 0.0 1.0 1.0 663669207.3261719 679090943.2265625 663103427.9575195 680670246.90625
59455.284513655 2459455.789737251 117.51226276159286 22.36580304801464 0.0 1.0 0.0 663404985.0620117 678892630.234375 662885706.4399414 680590324.203125
59455.28521958 2459455.790443138 118.52874018251896 23.382280468940735 0.0 1.0 1.0 663749342.8276367 679190194.4101562 663160539.1044922 680747499.1289062
59455.285925695 2459455.7911492144 119.54548984766006 24.39903013408184 0.0 1.0 0.0 663428389.8286133 678870877.6953125 662895812.9951172 680467890.1992188
59455.286631615 2459455.791855094 120.5619565397501 25.415496826171875 0.0 1.0 1.0 663596829.3901367 679093725.5898438 663025959.3676758 680688944.2773438
59455.28733773 2459455.792561169 121.57870419323444 26.43224447965622 0.0 1.0 0.0 663394063.2646484 678897690.3632812 662858283.7915039 680568954.9296875
59455.288043655004 2459455.7932670517 122.59517557919025 27.44871586561203 0.0 1.0 1.0 663687033.7216797 679137534.4414062 663124701.6538086 680758666.25
59455.288749765 2459455.793973119 123.61191250383854 28.465452790260315 0.0 1.0 0.0 663299042.1899414 678752892.1289062 662778738.2026367 680439757.234375
59455.289455695 2459455.794679005 124.62838858366013 29.4819288700819 0.0 1.0 1.0 663475004.9506836 678874497.8984375 662914372.0908203 680470359.234375
59455.2901618 2459455.795385066 125.64511612057686 30.498656406998634 0.0 1.0 0.0 663243220.6811523 678695130.84375 662712092.105957 680318840.2460938
59455.29086773 2459455.7960909507 126.66159018874168 31.51513047516346 0.0 1.0 1.0 663550149.4643555 679037977.7695312 662960066.5703125 680646645.6992188
59455.29157384 2459455.796797015 127.67832241952419 32.53186270594597 0.0 1.0 0.0 663207434.5219727 678616457.6875 662686563.7910156 680234515.6601562
59455.292279764995 2459455.797502893 128.69478709995747 33.54832738637924 0.0 1.0 1.0 663470006.4677734 678878947.9726562 662914091.230957 680467670.3007812
59455.292985880005 2459455.7982089603 129.71152402460575 34.56506431102753 0.0 1.0 0.0 663221303.2089844 678684154.2304688 662683524.6669922 680294770.7695312
59455.293691800005 2459455.7989148325 130.72797998785973 35.5815202742815 0.0 1.0 1.0 663535321.9648438 678999993.28125 662957192.0141602 680622735.0195312
59455.294397915 2459455.799620899 131.7447155714035 36.59825585782528 0.0 1.0 0.0 663172398.9033203 678625797.9414062 662640270.3754883 680238792.6171875
59455.29510384 2459455.8003267753 132.76117756962776 37.61471785604954 0.0 1.0 1.0 663438138.6108398 678858791.2539062 662867371.5395508 680433429.4492188
59455.295809949996 2459455.801032836 133.7779051065445 38.63144539296627 0.0 1.0 0.0 663101180.887207 678576830.0351562 662574280.8808594 680206678.3007812
59455.29651588 2459455.801738716 134.79437246918678 39.64791275560856 0.0 1.0 1.0 663352508.5600586 678822544.6484375 662771385.4291992 680450741.8632812
59455.297221985 2459455.802444771 135.81109128892422 40.66463157534599 0.0 1.0 0.0 663072514.5869141 678463017.5117188 662552599.4584961 680077866.640625
59455.297927915 2459455.8031506506 136.82755798101425 41.68109826743603 0.0 1.0 1.0 663371620.0859375 678842418.1015625 662792449.1826172 680418698.8828125
59455.335150135 2459455.840371036 190.42491294443607 0.0 0.0 2.0 0.0 660995477.0112305 676322655.8085938 660489951.3432617 677896630.9296875
59455.33585625 2459455.8410771303 191.44168876111507 1.0167758166790009 0.0 2.0 1.0 662201598.230957 677625536.09375 661617807.6757812 679125574.0351562
59455.33656217 2459455.8417830295 192.45818361639977 2.0332706719636917 0.0 2.0 0.0 661387680.2875977 676808420.0742188 660871430.0708008 678380590.8828125
59455.337268285 2459455.8424891233 193.4749587625265 3.050045818090439 0.0 2.0 1.0 662342977.0161133 677710444.1992188 661787867.8251953 679234771.8828125
59455.33797421 2459455.8431950263 194.49145898222923 4.0665460377931595 0.0 2.0 0.0 661466016.0810547 676807383.2148438 660931767.7988281 678370278.5195312
59455.33868032 2459455.843901114 195.50822541117668 5.083312466740608 0.0 2.0 1.0 662474165.4365234 677839244.1484375 661914282.5654297 679361579.6523438
59455.339386249994 2459455.8446070217 196.52473233640194 6.099819391965866 0.0 2.0 0.0 661437203.5170898 676789772.8007812 660931651.2929688 678392477.1054688
59455.340092355 2459455.8453131034 197.5414900481701 7.116577103734016 0.0 2.0 1.0 662382119.9521484 677772373.6601562 661820914.6323242 679318572.2382812
59455.340798285004 2459455.846019009 198.55799429118633 8.13308134675026 0.0 2.0 0.0 661568362.015625 676955589.9882812 661070651.0571289 678555251.609375
59455.341504395 2459455.8467250946 199.5747573673725 9.14984442293644 0.0 2.0 1.0 662448302.2387695 677844404.1484375 661881214.6323242 679371112.8632812
59455.34221032 2459455.847430994 200.5912522226572 10.16633927822113 0.0 2.0 0.0 661589137.3549805 677049750.34375 661076352.5605469 678646278.9257812
59455.342916435 2459455.848137083 201.6080206632614 11.18310771882534 0.0 2.0 1.0 662543001.9360352 677950454.3789062 661962190.0400391 679463684.8828125
59455.343622355 2459455.848842975 202.6245054602623 12.199592515826225 0.0 2.0 0.0 661662293.5083008 677059214.03125 661162661.0424805 678650104.9414062
59455.344328470004 2459455.8495490626 203.6412712186575 13.21635827422142 0.0 2.0 1.0 662519715.9091797 677922777.6757812 661964922.5258789 679449138.9023438
59455.345034394995 2459455.8502549585 204.6577613800764 14.232848435640335 0.0 2.0 0.0 661672817.9726562 677068252.1640625 661159551.4404297 678654732.046875
59455.345740505 2459455.850961039 205.6745170801878 15.249604135751724 0.0 2.0 1.0 662493793.4301758 677896260.7148438 661926319.840332 679421640.5585938
59455.346446434996 2459455.8516669376 206.69101126492023 16.26609832048416 0.0 2.0 0.0 661582516.1625977 676940667.8789062 661065502.2133789 678529534.28125
59455.347152539995 2459455.852373011 207.70775690674782 17.282843962311745 0.0 2.0 1.0 662488181.6186523 677898761.515625 661911155.1235352 679413669.8359375
59455.347858470006 2459455.853078908 208.72424840927124 18.299335464835167 0.0 2.0 0.0 661530990.0229492 676915400.390625 661045487.6220703 678536678.9882812
59455.34856458 2459455.8537849844 209.7409987449646 19.316085800528526 0.0 2.0 1.0 662422567.7172852 677819114.0078125 661852145.6777344 679340448.0078125
59455.349270505 2459455.8544908743 210.75748018920422 20.332567244768143 0.0 2.0 0.0 661522020.7441406 676902030.640625 661000987.8457031 678480954.9101562
59455.34997662 2459455.8551969533 211.77423387765884 21.34932093322277 0.0 2.0 1.0 662343017.4995117 677731995.5390625 661764138.4916992 679249770.2265625
59455.350682539996 2459455.855902836 212.79070526361465 22.36579231917858 0.0 2.0 0.0 661475143.043457 676867439.9609375 660969109.0541992 678473191.1601562
59455.351388655 2459455.8566089137 213.80745694041252 23.382543995976448 0.0 2.0 1.0 662385898.4243164 677790350.9921875 661819995.4257812 679307856.296875
59455.35209458 2459455.8573147994 214.82393234968185 24.39901940524578 0.0 2.0 0.0 661459357.2758789 676816179.75 660943080.1508789 678408829.578125
59455.35280069 2459455.8580208695 215.84067329764366 25.415760353207588 0.0 2.0 1.0 662360447.2402344 677759334.6875 661777765.3793945 679267243.6835938
59455.35350662 2459455.8587267585 216.85715340077877 26.432240456342697 0.0 2.0 0.0 661375084.8432617 676727135.8632812 660852419.5668945 678318882.15625
59455.35421273 2459455.8594328267 217.87389166653156 27.44897872209549 0.0 2.0 1.0 662329684.2543945 677704893.9570312 661763159.2016602 679232525.6992188
59455.354918655 2459455.8601387087 218.89036171138287 28.465448766946793 0.0 2.0 0.0 661348839.0532227 676737806.921875 660836144.996582 678340153.1054688
59455.355624765 2459455.8608447756 219.9070979654789 29.482185021042824 0.0 2.0 1.0 662265010.4414062 677720091.15625 661693073.8759766 679301654.6835938
59455.35633069 2459455.8615506557 220.92356532812119 30.498652383685112 0.0 2.0 0.0 661374714.9624023 676766006.6679688 660859474.8334961 678350074.9765625
59455.357036805 2459455.8622567253 221.94030560553074 31.515392661094666 0.0 2.0 1.0 662195615.2314453 677627243.984375 661623874.2246094 679150644.9726562
59455.35774273 2459455.8629626045 222.95677162706852 32.531858682632446 0.0 2.0 0.0 661302480.4482422 676700015.6757812 660797895.4667969 678308231.0898438
59455.358448839994 2459455.863668668 223.97350318729877 33.5485902428627 0.0 2.0 1.0 662269264.7114258 677660772.7070312 661699002.3505859 679168254.8242188
59455.359154765 2459455.8643745454 224.98996652662754 34.56505358219147 0.0 2.0 0.0 661317288.1982422 676728931.2929688 660799810.0693359 678319121.5820312
59455.359860875 2459455.8650806076 226.00669607520103 35.58178313076496 0.0 2.0 1.0 662265315.3500977 677711797.53125 661701607.956543 679234152.2617188
59455.360566805 2459455.865786489 227.02316544950008 36.59825250506401 0.0 2.0 0.0 661260263.8232422 676634323.5078125 660748879.71875 678237625.3828125
59455.361272915005 2459455.8664925494 228.03989231586456 37.61497937142849 0.0 2.0 1.0 662158861.3222656 677530857.5195312 661580110.0419922 679043466.234375
59455.361978839996 2459455.8671984253 229.05635364353657 38.631440699100494 0.0 2.0 0.0 661285627.3374023 676676221.2070312 660779590.7148438 678270747.3125
59455.36268495 2459455.8679044857 230.07308050990105 39.64816756546497 0.0 2.0 1.0 662137186.9995117 677518526.5351562 661561557.1416016 679041129.2460938
59455.363390875 2459455.8686103607 231.08954049646854 40.66462755203247 0.0 2.0 0.0 661274158.9980469 676654400.4375 660768070.934082 678248846.1132812
59455.36409699 2459455.869316425 232.1062733978033 41.68136045336723 0.0 2.0 1.0 662042820.0039062 677423077.6132812 661470243.9614258 678943535.1015625
59455.40133069 2459455.9065482863 285.7201534509659 0.0 0.0 3.0 0.0 659658513.3178711 675104353.9101562 659151365.8574219 676743209.3320312
59455.402036805 2459455.9072543806 286.7369292676449 1.0167758166790009 0.0 3.0 1.0 660558917.5644531 675966677.8828125 659977241.5200195 677521673.8242188
59455.40274273 2459455.9079602845 287.7534308284521 2.033277377486229 0.0 3.0 0.0 660117806.3408203 675549444.609375 659601036.0688477 677181629.9179688
59455.40344884 2459455.9086663737 288.7701992690563 3.050045818090439 0.0 3.0 1.0 660881641.5380859 676351714.65625 660289555.4814453 677945814.5273438
59455.404154765 2459455.9093722766 289.78669948875904 4.0665460377931595 0.0 3.0 0.0 660226899.5166016 675627044.796875 659714481.0830078 677262209.15625
59455.404860875 2459455.9100783644 290.8034659177065 5.083312466740608 0.0 3.0 1.0 660794822.3188477 676237485.1796875 660246020.7119141 677831549.2109375
59455.405566805 2459455.9107842715 291.8199721723795 6.099818721413612 0.0 3.0 0.0 660397377.1582031 675870924.078125 659891412.3808594 677505502.90625
59455.406272915 2459455.9114903584 292.83673726022243 7.116583809256554 0.0 3.0 1.0 660819467.9311523 676241970.9570312 660259339.4370117 677845032.2734375
59455.406978839994 2459455.912196259 293.8532341271639 8.133080676198006 0.0 3.0 0.0 660307532.2109375 675688003.171875 659781536.1025391 677318133.9023438
59455.40768495 2459455.9129023445 294.86999720335007 9.149843752384186 0.0 3.0 1.0 660902754.1577148 676319126.4609375 660333522.3681641 677892537.0664062
59455.408390875 2459455.9136082437 295.88649205863476 10.166338607668877 0.0 3.0 0.0 660335094.5493164 675743695.21875 659825283.6186523 677396479.9609375
59455.40909699 2459455.914314332 296.90325915813446 11.183105707168579 0.0 3.0 1.0 660919209.4277344 676386493.5546875 660336362.8520508 677999260.4414062
59455.409802915005 2459455.91502023 297.91975267231464 12.199599221348763 0.0 3.0 0.0 660339294.8813477 675778651.265625 659815081.6943359 677423599.8125
59455.410509025 2459455.915726312 298.9365103840828 13.216356933116913 0.0 3.0 1.0 660980271.4067383 676397063.0664062 660397382.6625977 677955417.1054688
59455.41121495 2459455.916432208 299.9530005455017 14.232847094535828 0.0 3.0 0.0 660401449.0136719 675817299.2890625 659889303.7099609 677459298.8984375
59455.411921060004 2459455.917138288 300.96975557506084 15.249602124094963 0.0 3.0 1.0 660830423.7851562 676284560.0898438 660253920.2597656 677873359.0039062
59455.41262699 2459455.917844187 301.98625043034554 16.266096979379654 0.0 3.0 0.0 660325831.4785156 675715189.8789062 659806118.7226562 677343442.6992188
59455.4133331 2459455.9185502646 303.0030021071434 17.28284865617752 0.0 3.0 1.0 660684068.1186523 676086588.8046875 660129936.8710938 677690004.8398438
59455.414039024996 2459455.9192561572 304.01948757469654 18.29933412373066 0.0 3.0 0.0 660079281.9511719 675525428.046875 659569548.3051758 677161658.765625
59455.414745140006 2459455.919962238 305.0362439453602 19.316090494394302 0.0 3.0 1.0 660461855.769043 675904220.2929688 659889967.5351562 677483392.0703125
59455.415451060006 2459455.920668123 306.052718013525 20.332564562559128 0.0 3.0 0.0 659718056.8286133 675109749.3242188 659198890.7402344 676742076.4335938
59455.416157175 2459455.921374202 307.06947170197964 21.349318251013756 0.0 3.0 1.0 659950149.5854492 675392962.828125 659380769.4780273 676989169.5234375
59455.4168631 2459455.9220800903 308.0859511345625 22.36579768359661 0.0 3.0 0.0 659330827.5795898 674756146.1054688 658813770.6791992 676414133.5820312
59455.417569209996 2459455.922786162 309.10269409418106 23.38254064321518 0.0 3.0 1.0 659787161.2910156 675264895.8164062 659229221.1240234 676913293.6523438
59455.41827514 2459455.923492053 310.11917755007744 24.399024099111557 0.0 3.0 0.0 659061860.1591797 674511584.1054688 658543414.7983398 676158104.6445312
59455.418981245 2459455.9241981176 311.1359104514122 25.41575700044632 0.0 3.0 1.0 659532277.8212891 674961590.0234375 658978259.1376953 676556005.5195312
59455.419687175 2459455.924904007 312.15239122509956 26.432237774133682 0.0 3.0 0.0 658970202.7231445 674337147.3710938 658455425.2666016 675970989.578125
59455.420393285 2459455.925610075 313.1691288203001 27.44897536933422 0.0 3.0 1.0 659472226.0014648 674934906.5234375 658901150.5517578 676572834.1132812
59455.42109921 2459455.926315957 314.18559953570366 28.465446084737778 0.0 3.0 0.0 658864048.5688477 674242280.3007812 658337983.8793945 675878979.453125
59455.421805325 2459455.9270220282 315.20234182477 29.482188373804092 0.0 3.0 1.0 659461182.1591797 674960692.5507812 658915246.9609375 676617565.9257812
59455.422511245 2459455.927727904 316.218803152442 30.498649701476097 0.0 3.0 0.0 658975700.8798828 674386558.65625 658449993.6865234 675999145.4023438
59455.42321736 2459455.9284339733 317.2355427592993 31.515389308333397 0.0 3.0 1.0 659351644.4418945 674811621.0664062 658796475.5703125 676404326.0546875
59455.423923285 2459455.9291398525 318.25200878083706 32.53185532987118 0.0 3.0 0.0 658803814.5073242 674231832.1679688 658286229.503418 675879363.1679688
59455.424629395 2459455.9298459156 319.26873967051506 33.54858621954918 0.0 3.0 1.0 659317146.6264648 674773864.9726562 658745144.9711914 676403526.640625
59455.425335325 2459455.930551798 320.2852103859186 34.565056934952736 0.0 3.0 0.0 658800515.1342773 674191438.2460938 658293703.6801758 675836287.609375
59455.42604143 2459455.931257855 321.3019325584173 35.58177910745144 0.0 3.0 1.0 659155500.2041016 674536357.2304688 658587865.1484375 676109281.3203125
59455.426747360005 2459455.931963736 322.3184012621641 36.598247811198235 0.0 3.0 0.0 658612169.6831055 674046428.2460938 658085884.0463867 675698319.921875
59455.42745347 2459455.9326697974 323.3351294696331 37.61497601866722 0.0 3.0 1.0 659053141.2866211 674501396.9375 658494796.7841797 676102790.171875
59455.428159395 2459455.9333756734 324.3515907973051 38.631437346339226 0.0 3.0 0.0 658527527.4716797 673947206.5898438 658017213.2050781 675606911.171875
59455.428865509995 2459455.9340817383 325.3683243691921 39.64817091822624 0.0 3.0 1.0 659051209.0014648 674468952.8125 658484962.5288086 676055465.4882812
59455.429571429995 2459455.934787608 326.38477697968483 40.66462352871895 0.0 3.0 0.0 658482709.2875977 673894225.7460938 657968622.9399414 675541864.5117188
59455.430277545 2459455.9354936727 327.4015098810196 41.68135643005371 0.0 3.0 1.0 659150438.1972656 674619281.2578125 658564929.3037109 676177038.9882812
59455.467488099996 2459455.9727023863 380.98205745220184 0.0 0.0 4.0 0.0 656748997.215332 672211545.2265625 656249109.1044922 673912517.6367188
59455.46819421 2459455.9734084755 381.99882589280605 1.01676844060421 0.0 4.0 1.0 657271296.2314453 672778782.6835938 656719260.1704102 674453161.6953125
59455.468900135 2459455.9741143794 383.0153274536133 2.033270001411438 0.0 4.0 0.0 657110969.5541992 672539549.234375 656592056.1650391 674232501.09375
59455.46960625 2459455.974820473 384.03210259974 3.050045147538185 0.0 4.0 1.0 657534771.0498047 673011087.3046875 656945062.3989258 674632150.6484375
59455.47031217 2459455.9755263715 385.0485961139202 4.0665386617183685 0.0 4.0 0.0 657226359.4775391 672695472.7734375 656732257.0087891 674415743.3203125
59455.471018284996 2459455.976232464 386.0653692483902 5.0833117961883545 0.0 4.0 1.0 657672099.4482422 673131436.78125 657109188.4838867 674772500.9882812
59455.47172421 2459455.976938366 387.0818681269884 6.099810674786568 0.0 4.0 0.0 657365115.9814453 672823779.8789062 656847544.3168945 674517502.1640625
59455.472430320006 2459455.9776444524 388.0986325442791 7.116575092077255 0.0 4.0 1.0 657633829.4018555 673066944.0546875 657051154.5834961 674694257.9765625
59455.47313625 2459455.9783503585 389.1151374578476 8.133080005645752 0.0 4.0 0.0 657369211.2573242 672819996.078125 656849341.6010742 674516824.8515625
59455.473842355 2459455.9790564384 390.13189248740673 9.149835035204887 0.0 4.0 1.0 657661578.7734375 673100296.2578125 657111514.7612305 674757356.1484375
59455.474548285 2459455.9797623428 391.1483947187662 10.16633726656437 0.0 4.0 0.0 657419338.0004883 672856874.9921875 656894703.2373047 674545505.4570312
59455.475254395 2459455.9804684264 392.1651551127434 11.183097660541534 0.0 4.0 1.0 657723170.4291992 673197554.90625 657162409.1606445 674838718.4609375
59455.47596032 2459455.981174324 393.1816479563713 12.199590504169464 0.0 4.0 0.0 657407238.7451172 672895264.96875 656863823.9833984 674575622.2695312
59455.476666435 2459455.981880411 394.19841304421425 13.216355592012405 0.0 4.0 1.0 657827127.6152344 673295659.3789062 657268887.7807617 674928633.09375
59455.477372355 2459455.982586302 395.2148958295584 14.23283837735653 0.0 4.0 0.0 657493420.784668 672973245.953125 656979588.4438477 674672526.15625
59455.47807847 2459455.983292387 396.2316582351923 15.249600782990456 0.0 4.0 1.0 657789185.4594727 673239628.90625 657237192.9672852 674898171.6210938
59455.478784395 2459455.9839982805 397.24814504384995 16.266087591648102 0.0 4.0 0.0 657516264.7900391 672933184.328125 656987615.8515625 674612378.328125
59455.479490505 2459455.984704359 398.2648980617523 17.282840609550476 0.0 4.0 1.0 657836963.3183594 673300321.28125 657278272.2436523 674956722.3984375
59455.480196435004 2459455.985410256 399.28138956427574 18.2993321120739 0.0 4.0 0.0 657530386.347168 672975717.9882812 657026817.3540039 674681820.171875
59455.48090254 2459455.986116327 400.29813185334206 19.316074401140213 0.0 4.0 1.0 657774426.0493164 673231954.5820312 657190496.7617188 674875691.6523438
59455.48160847 2459455.986822222 401.31462067365646 20.33256322145462 0.0 4.0 0.0 657470445.5356445 672928598.53125 656952943.8867188 674632564.421875
59455.482314580004 2459455.9875282957 402.3313669860363 21.349309533834457 0.0 4.0 1.0 657802116.1113281 673259769.3164062 657234768.8139648 674896376.1445312
59455.483020505 2459455.9882341833 403.34784507751465 22.365787625312805 0.0 4.0 0.0 657507742.2441406 672963420.0664062 657001568.1030273 674681639.6757812
59455.483726620005 2459455.988940261 404.3645967543125 23.382539302110672 0.0 4.0 1.0 657841896.2558594 673332353.4921875 657279997.0629883 674984923.0820312
59455.484432540004 2459455.9896461414 405.38106478750706 24.399007335305214 0.0 4.0 0.0 657501263.2460938 672924317.25 656987028.3950195 674619704.4023438
59455.485138655 2459455.9903522166 406.39781311154366 25.415755659341812 0.0 4.0 1.0 657807373.6098633 673241936.8359375 657234658.3544922 674869501.7421875
59455.48584458 2459455.9910581005 407.414285838604 26.43222838640213 0.0 4.0 0.0 657539973.1376953 673024592.6054688 657047392.9067383 674758558.953125
59455.486550689995 2459455.9917641687 408.43102410435677 27.448966652154922 0.0 4.0 1.0 657824570.9370117 673275674.046875 657271677.0356445 674928145.3007812
59455.48725662 2459455.9924700554 409.4475008547306 28.465443402528763 0.0 4.0 0.0 657517500.4365234 672995207.4882812 657013060.9609375 674702683.4257812
59455.48796273 2459455.993176122 410.46423710882664 29.482179656624794 0.0 4.0 1.0 657778436.6259766 673243043.6328125 657212806.1137695 674901847.765625
59455.488668655 2459455.9938820023 411.4807044714689 30.498647019267082 0.0 4.0 0.0 657525803.105957 673013698.453125 657005730.3193359 674714496.640625
59455.489374765 2459455.994588067 412.4974373728037 31.515379920601845 0.0 4.0 1.0 657731865.65625 673172011.6367188 657166095.894043 674810111.859375
59455.49008069 2459455.9952939455 413.5139027237892 32.53184527158737 0.0 4.0 0.0 657464987.3129883 672926311.1171875 656957523.5258789 674621636.4179688
59455.490786805 2459455.996000014 414.530640989542 33.548583537340164 0.0 4.0 1.0 657759361.9604492 673245610.1601562 657197310.730957 674883777.71875
59455.49149273 2459455.9967058916 415.547104999423 34.565047547221184 0.0 4.0 0.0 657475017.0830078 672943601.9335938 656947476.7236328 674623452.5234375
59455.49219884 2459455.9974119533 416.56383387744427 35.581776425242424 0.0 4.0 1.0 657628925.0205078 673107992.6132812 657079631.4169922 674787288.7148438
59455.492904765 2459455.9981178297 417.5802958756685 36.59823842346668 0.0 4.0 0.0 657403430.0410156 672844572.5664062 656887892.3393555 674548825.0117188
59455.493610875 2459455.998823891 418.5970240831375 37.61496663093567 0.0 4.0 1.0 657600649.4169922 673080927.65625 657037452.1152344 674742601.1054688
59455.494316805 2459455.9995297715 419.61349211633205 38.63143466413021 0.0 4.0 0.0 657426920.3984375 672909191.2695312 656920224.8842773 674615869.8085938
59455.495022915 2459456.0002358314 420.6302183121443 39.648160859942436 0.0 4.0 1.0 657606040.4472656 673085819.1992188 657032138.4306641 674734004.4921875
59455.495728840004 2459456.0009417064 421.6466782987118 40.66462084650993 0.0 4.0 0.0 657367524.3154297 672830562.0976562 656824903.3017578 674504697.2421875
59455.49643495 2459456.0016477657 422.66340382397175 41.681346371769905 0.0 4.0 1.0 657585404.527832 673027509.9101562 657013852.7495117 674671663.828125
59455.533657175 2459456.038868145 476.26075007021427 0.0 0.0 5.0 0.0 655324560.7358398 670709068.5585938 654824874.9887695 672325202.5898438
59455.534363285 2459456.0395742343 477.2775185108185 1.01676844060421 0.0 5.0 1.0 656462231.8012695 671844356.9609375 655897007.4428711 673395898.2539062
59455.535069210004 2459456.040280138 478.2940200716257 2.033270001411438 0.0 5.0 0.0 655841186.6884766 671206274.8085938 655340556.3950195 672805754.9570312
59455.535775325 2459456.040986231 479.31079387664795 3.0500438064336777 0.0 5.0 1.0 656706932.277832 672118111.8828125 656148291.6054688 673716755.265625
59455.536481245 2459456.0416921293 480.32728739082813 4.066537320613861 0.0 5.0 0.0 655873987.4658203 671249146.96875 655376235.1015625 672873179.2382812
59455.537187359994 2459456.0423982223 481.3440611958504 5.083311125636101 0.0 5.0 1.0 656849249.5541992 672258647.3125 656275186.4560547 673829503.8007812
59455.537893285 2459456.0431041243 482.3605600744486 6.099810004234314 0.0 5.0 0.0 656075719.2739258 671473554.8671875 655591695.9750977 673093672.34375
59455.538599395004 2459456.0438102107 483.3773244917393 7.1165744215250015 0.0 5.0 1.0 656784821.6152344 672226160.0742188 656213998.5126953 673822636.421875
59455.539305325 2459456.0445161164 484.3938287347555 8.133078664541245 0.0 5.0 0.0 656080529.4848633 671440663.2421875 655566637.4223633 673037708.4492188
59455.54001143 2459456.0452221963 485.41058376431465 9.14983369410038 0.0 5.0 1.0 656929736.0375977 672356196.3515625 656357390.1347656 673936685.625
59455.540717359996 2459456.0459281006 486.42708599567413 10.166335925459862 0.0 5.0 0.0 656113927.7539062 671562256.1601562 655580881.5317383 673149195.0117188
59455.54142347 2459456.0466341837 487.44384571909904 11.183095648884773 0.0 5.0 1.0 657043216.7270508 672493567.0625 656481289.5253906 674075675.1640625
59455.542129395 2459456.0473400815 488.460338562727 12.199588492512703 0.0 5.0 0.0 656257463.4082031 671655828.859375 655748004.0742188 673259727.4296875
59455.54283551 2459456.0480461684 489.4771036505699 13.216353580355644 0.0 5.0 1.0 657092072.2246094 672519429.734375 656507195.1381836 674073879.984375
59455.54354143 2459456.048752059 490.49358643591404 14.232836365699768 0.0 5.0 0.0 656355975.262207 671751518.359375 655844055.684082 673350810.8789062
59455.544247544996 2459456.0494581438 491.5103481709957 15.24959810078144 0.0 5.0 1.0 657064523.0561523 672521775.390625 656498522.3217773 674121439.3046875
59455.54495347 2459456.050164038 492.5268356502056 16.26608557999134 0.0 5.0 0.0 656308402.3837891 671694746.5859375 655796768.2265625 673291246.0703125
59455.545659580006 2459456.050870116 493.54358799755573 17.28283792734146 0.0 5.0 1.0 657117878.4794922 672530308.1328125 656560698.1738281 674116695.0195312
59455.54636551 2459456.051576013 494.5600801706314 18.299330100417137 0.0 5.0 0.0 656343403.6298828 671719763.140625 655833216.1176758 673328451.8046875
59455.547071615 2459456.052282084 495.57682178914547 19.316071718931198 0.0 5.0 1.0 657084618.5566406 672519774.4492188 656506261.4228516 674113991.8164062
59455.547777545 2459456.052987979 496.5933106094599 20.332560539245605 0.0 5.0 0.0 656321069.5532227 671686254.6210938 655809892.3330078 673277560.3554688
59455.548483655 2459456.053694052 497.61005625128746 21.34930618107319 0.0 5.0 1.0 657080644.1552734 672491914.3554688 656512006.4726562 674073554.421875
59455.54918958 2459456.0543999407 498.6265356838703 22.365785613656044 0.0 5.0 0.0 656296953.1401367 671683477.578125 655771081.2529297 673272203.21875
59455.549895695 2459456.0551060173 499.6432860195637 23.382535949349403 0.0 5.0 1.0 657055757.6523438 672468748.1796875 656472904.1152344 674039323.4414062
59455.550601615 2459456.0558118983 500.65975472331047 24.3990046530962 0.0 5.0 0.0 656285685.4970703 671655320.875 655784408.6733398 673268582.9101562
59455.55130773 2459456.056517973 501.6765023767948 25.415752306580544 0.0 5.0 1.0 657154779.6386719 672574203.40625 656604532.6430664 674180834.828125
59455.552013655004 2459456.057223857 502.69297510385513 26.43222503364086 0.0 5.0 0.0 656632294.6962891 672054683.453125 656134028.3496094 673651594.0703125
59455.552719765 2459456.0579299247 503.7097126990557 27.4489626288414 0.0 5.0 1.0 657399681.9882812 672840681.6328125 656828486.7094727 674431957.078125
59455.553425695 2459456.058635812 504.72619011998177 28.465440049767494 0.0 5.0 0.0 656777894.4541016 672182574.15625 656287253.1699219 673814524.53125
59455.5541318 2459456.059341873 505.74291832745075 29.48216825723648 0.0 5.0 1.0 657745479.140625 673186306.2773438 657169206.1113281 674768324.1796875
59455.55483773 2459456.0600477583 506.75939306616783 30.49864299595356 0.0 5.0 0.0 657213759.5258789 672612773.328125 656692547.6821289 674199687.5742188
59455.55554384 2459456.0607538233 507.77612663805485 31.515376567840576 0.0 5.0 1.0 658084240.7700195 673479952.5585938 657510524.659668 675059196.2109375
59455.556249764995 2459456.0614597024 508.79259265959263 32.53184258937836 0.0 5.0 0.0 657348110.6074219 672754258.8007812 656839380.2646484 674366701.375
59455.556955880005 2459456.06216577 509.80933025479317 33.548580184578896 0.0 5.0 1.0 658210571.7338867 673620632.5195312 657641647.8427734 675198207.2148438
59455.557661800005 2459456.062871643 510.8257868885994 34.565036818385124 0.0 5.0 0.0 657479068.5708008 672864129.2695312 656951307.2045898 674429019.9960938
59455.558367915 2459456.0635777097 511.8425231426954 35.581773072481155 0.0 5.0 1.0 658106617.2519531 673498362.9570312 657551379.6337891 675091414.7382812
59455.55907384 2459456.0642835856 512.8589844703674 36.59823440015316 0.0 5.0 0.0 657400402.0405273 672760391.4101562 656903004.8046875 674368206.8828125
59455.559779949996 2459456.064989647 513.8757126778364 37.61496260762215 0.0 5.0 1.0 658155232.4277344 673585806.2929688 657591996.5581055 675179514.0546875
59455.56048588 2459456.0656955275 514.892180711031 38.63143064081669 0.0 5.0 0.0 657326395.0810547 672726043.3632812 656827714.6279297 674338476.8164062
59455.561191985 2459456.0664015827 515.9089002013206 39.64815013110638 0.0 5.0 1.0 658085564.6777344 673476204.6953125 657523711.4111328 675067753.3359375
59455.561897915 2459456.0671074623 516.9253668934107 40.66461682319641 0.0 5.0 0.0 657321651.2011719 672699530.7578125 656820376.4174805 674310986.078125
59455.562604025 2459456.067813522 517.9420930892229 41.68134301900864 0.0 5.0 1.0 658043868.0566406 673492081.4335938 657483952.1118164 675105947.9492188
59455.600555325 2459456.1057629506 572.5892700254917 0.0 0.0 6.0 0.0 655957411.1035156 671382548.6171875 655438899.0068359 673077692.9335938
59455.60126143 2459456.106469034 573.6060304194689 1.0167603939771652 0.0 6.0 1.0 656537074.0883789 671991709.6523438 655975277.1191406 673589025.6992188
59455.601967359995 2459456.1071749427 574.6225386857986 2.0332686603069305 0.0 6.0 0.0 656444581.8251953 671886017.2226562 655932889.1333008 673586421.5546875
59455.60267347 2459456.107881031 575.6393057852983 3.050035759806633 0.0 6.0 1.0 656756126.9575195 672194311.4804688 656177072.184082 673770440.25
59455.603379395005 2459456.108586933 576.6558046638966 4.066534638404846 0.0 6.0 0.0 656603110.9179688 672006808.0859375 656084828.5439453 673698264.3554688
59455.60408551 2459456.1092930255 577.6725777983665 5.083307772874832 0.0 6.0 1.0 656854863.1762695 672260071.921875 656280267.0810547 673830502.0546875
59455.60479143 2459456.1099989214 578.6890679597855 6.099797934293747 0.0 6.0 0.0 656722892.1669922 672181501.3789062 656233862.7646484 673896674.53125
59455.605497545 2459456.110705012 579.7058384120464 7.116568386554718 0.0 6.0 1.0 656826497.1191406 672239822.609375 656255179.1669922 673839011.8320312
59455.60620347 2459456.111410912 580.7223346084356 8.133064582943916 0.0 6.0 0.0 656723433.7265625 672201547.125 656212656.0668945 673910656.171875
59455.606909580005 2459456.112116996 581.739095672965 9.149825647473335 0.0 6.0 1.0 656968053.2890625 672381748.78125 656397261.6772461 673958732.234375
59455.60761551 2459456.1128228996 582.75559656322 10.16632653772831 0.0 6.0 0.0 656854904.2524414 672359558.6289062 656340977.3100586 674058262.2617188
59455.608321615 2459456.113528977 583.7723482400179 11.183078214526176 0.0 6.0 1.0 656939360.3828125 672336526.0898438 656365024.6645508 673922751.2109375
59455.609027545 2459456.1142348787 584.7888464480639 12.199576422572136 0.0 6.0 0.0 656759849.8388672 672207685.171875 656235532.4770508 673899183.5429688
59455.60973347 2459456.114940774 585.8053359389305 13.216065913438797 0.0 6.0 1.0 656918188.2724609 672314622.6054688 656362043.8637695 673911186.1757812
59455.61043958 2459456.115646854 586.8220909684896 14.232820942997932 0.0 6.0 0.0 656855282.2119141 672289925.1914062 656337733.3618164 673984595.234375
59455.611145695 2459456.116352938 587.8388520330191 15.249582007527351 0.0 6.0 1.0 656966430.9584961 672402691.03125 656400308.8300781 673993714.2109375
59455.611851615 2459456.1170588257 588.8553301244974 16.2660600990057 0.0 6.0 0.0 656732164.0073242 672162278.90625 656208373.9345703 673843876.8359375
59455.612557545 2459456.1177647226 589.8718216270208 17.28255160152912 0.0 6.0 1.0 656913498.3007812 672360555.8203125 656376878.9267578 673975120.0507812
59455.613263655 2459456.1184707982 590.8885706216097 18.299300596117973 0.0 6.0 0.0 656680780.0947266 672120189.2226562 656174142.5869141 673785772.90625
59455.613969765 2459456.1191768735 591.9053189456463 19.31604892015457 0.0 6.0 1.0 656856152.3710938 672300559.1953125 656291005.2216797 673912899.6601562
59455.614675695004 2459456.119882767 592.9218057543039 20.332535728812218 0.0 6.0 0.0 656734043.6289062 672200200.1796875 656226027.4775391 673905741.8125
59455.6153818 2459456.120588835 593.9385433495045 21.349273324012756 0.0 6.0 1.0 656860445.5229492 672279168.6992188 656289443.9130859 673865538.109375
59455.61608773 2459456.1212947266 594.9550274759531 22.365757450461388 0.0 6.0 0.0 656726910.9150391 672165436.4726562 656201904.1323242 673859752.6210938
59455.61679384 2459456.1220007977 595.9717697650194 23.382499739527702 0.0 6.0 1.0 656859479.0649414 672265317.015625 656285295.3085938 673839941.0664062
59455.617499765 2459456.1227066824 596.9882438331842 24.398973807692528 0.0 6.0 0.0 656816814.6879883 672283910.1054688 656298814.2045898 673975922.3632812
59455.618205880004 2459456.123412756 598.0049894750118 25.41571944952011 0.0 6.0 1.0 656801044.3276367 672225492.4648438 656237546.1376953 673821181.2070312
59455.618911800004 2459456.124118634 599.0214541554451 26.432184129953384 0.0 6.0 0.0 656741513.4301758 672214371.5195312 656208602.3115234 673902856.171875
59455.619617915 2459456.124824706 600.0381977856159 27.448927760124207 0.0 6.0 1.0 656762829.8857422 672130074.3828125 656208853.0263672 673732929.8515625
59455.62032384 2459456.125530587 601.0546664893627 28.465396463871002 0.0 6.0 0.0 656792971.4335938 672255182.5429688 656267757.1943359 673939060.1367188
59455.621029949994 2459456.1262366525 602.071400731802 29.482130706310272 0.0 6.0 1.0 656748677.8481445 672168264.515625 656173750.8007812 673761353.1875
59455.621735880006 2459456.1269425373 603.0878747999668 30.498604774475098 0.0 6.0 0.0 656634012.359375 672093777.6875 656115636.4760742 673789486.0742188
59455.622441985004 2459456.127648596 604.1045996546745 31.515329629182816 0.0 6.0 1.0 656817164.6616211 672251129.7226562 656265125.3295898 673858040.4804688
59455.623147915 2459456.128354479 605.1210710406303 32.531801015138626 0.0 6.0 0.0 656634718.6826172 672119443.8476562 656116399.1757812 673820277.3320312
59455.62385384 2459456.1290603564 606.1375343799591 33.54826435446739 0.0 6.0 1.0 656691432.8842773 672116802.5703125 656125099.465332 673716579.7148438
59455.624559949996 2459456.129766418 607.1542632579803 34.56499323248863 0.0 6.0 0.0 656619295.4672852 672057001.2148438 656107355.097168 673759247.5859375
59455.625266065 2459456.1304724845 608.1709988415241 35.58172881603241 0.0 6.0 1.0 656749851.0810547 672130404.2734375 656172151.2631836 673706888.9414062
59455.625971985 2459456.1311783553 609.1874527931213 36.59818276762962 0.0 6.0 0.0 656631527.3051758 672061613.875 656115761.8364258 673765254.796875
59455.626677915 2459456.131884236 610.2039208263159 37.614650800824165 0.0 6.0 1.0 656715071.4633789 672139277.4023438 656162303.2265625 673737579.0
59455.627384025 2459456.132590296 611.2206476926804 38.631377667188644 0.0 6.0 0.0 656570763.2651367 672038153.4296875 656061552.6845703 673748036.4101562
59455.628090135 2459456.1332963556 612.2373732179403 39.648103192448616 0.0 6.0 1.0 656633817.605957 672078647.90625 656075679.7993164 673688278.09375
59455.670902540005 2459456.176106704 673.8842748105526 0.0 0.0 7.0 0.0 654360021.0371094 669793300.1523438 653846525.690918 671501519.1484375
59455.671608655 2459456.1768127945 674.9010452628136 1.016770452260971 0.0 7.0 1.0 655750843.0908203 671125420.609375 655186826.6196289 672656405.5234375
59455.67231458 2459456.1775186947 675.9175414592028 2.0332666486501694 0.0 7.0 0.0 654825057.2485352 670204354.0625 654323100.5126953 671829200.2578125
59455.673020505 2459456.1782245934 676.9340356439352 3.0497608333826065 0.0 7.0 1.0 655945961.5668945 671358286.9023438 655391848.9262695 672908402.1445312
59455.67372662 2459456.178930682 677.9508034139872 4.066528603434563 0.0 7.0 0.0 655005012.1479492 670363370.8515625 654498952.3344727 671964219.8203125
59455.67443273 2459456.1796367643 678.9675617963076 5.083286985754967 0.0 7.0 1.0 656017594.6542969 671381266.6328125 655461771.9990234 672928103.9804688
59455.675138655 2459456.180342661 679.984053298831 6.099778488278389 0.0 7.0 0.0 655136555.6235352 670512746.3359375 654646936.5024414 672128346.9179688
59455.675844765 2459456.1810487416 681.0008089989424 7.116534188389778 0.0 7.0 1.0 656110046.4443359 671506640.890625 655551108.081543 673038650.3828125
59455.67655069 2459456.1817546366 682.0172978192568 8.133023008704185 0.0 7.0 0.0 655216805.003418 670591961.9765625 654702914.8525391 672187309.4609375
59455.677256805 2459456.18246072 683.034058213234 9.14978340268135 0.0 7.0 1.0 656013243.8837891 671388873.3945312 655466932.1982422 672949870.8046875
59455.67796273 2459456.1831666133 684.0505443513393 10.166269540786743 0.0 7.0 0.0 655146132.7319336 670493448.0820312 654639522.4526367 672093858.9726562
59455.678668655004 2459456.183872505 685.067028477788 11.182753667235374 0.0 7.0 1.0 656253864.3505859 671668828.0859375 655691418.9492188 673213632.6484375
59455.679374765 2459456.1845785812 686.0837781429291 12.19950333237648 0.0 7.0 0.0 655295754.090332 670680071.9335938 654792770.5966797 672290054.78125
59455.680080875 2459456.1852846555 687.1005251258612 13.21625031530857 0.0 7.0 1.0 656258698.4438477 671645403.7773438 655685993.6801758 673160959.1523438
59455.680786805 2459456.18599055 688.1170132756233 14.232738465070724 0.0 7.0 0.0 655326913.9482422 670748290.2578125 654815705.9731445 672349583.234375
59455.681492915 2459456.1866966225 689.1337575763464 15.2494827657938 0.0 7.0 1.0 656208989.3515625 671604777.6640625 655644257.265625 673136287.1796875
59455.682198840004 2459456.1874025096 690.1502349972725 16.265960186719894 0.0 7.0 0.0 655237248.4746094 670604357.5664062 654729776.40625 672219392.3945312
59455.68290495 2459456.1881085797 691.1669759452343 17.2827011346817 0.0 7.0 1.0 656287699.3549805 671657290.640625 655735041.2885742 673198585.46875
59455.683610875 2459456.188814465 692.1834506839514 18.29917587339878 0.0 7.0 0.0 655291838.0771484 670669197.3515625 654798738.9794922 672281941.4960938
59455.684316804996 2459456.189520354 693.1999307870865 19.31565597653389 0.0 7.0 1.0 656167296.9248047 671530410.640625 655598551.3808594 673068553.4648438
59455.685022915 2459456.1902264217 694.216668382287 20.33239357173443 0.0 7.0 0.0 655252680.2929688 670648746.4023438 654748773.6586914 672266244.1914062
59455.685729025005 2459456.1909324885 695.233404636383 21.34912982583046 0.0 7.0 1.0 656154855.9462891 671565124.6640625 655599099.1508789 673118238.0078125
59455.68643495 2459456.19163837 696.2498740106821 22.36559920012951 0.0 7.0 0.0 655266525.0756836 670675090.9414062 654771068.3481445 672346431.6914062
59455.687140875 2459456.19234425 697.2663413733244 23.382066562771797 0.0 7.0 1.0 656116860.5922852 671517753.6875 655580951.3764648 673081887.4257812
59455.68784699 2459456.19305032 698.283081650734 24.39880684018135 0.0 7.0 0.0 655183227.3789062 670522477.390625 654686026.2988281 672134265.140625
59455.6885531 2459456.193756384 699.2998138815165 25.41553907096386 0.0 7.0 1.0 656156796.3051758 671575005.9101562 655581325.8271484 673104467.390625
59455.689259025 2459456.1944622616 700.3162778913975 26.43200308084488 0.0 7.0 0.0 655183661.2714844 670567951.0039062 654687136.5429688 672178880.625
59455.68996495 2459456.1951681394 701.3327419012785 27.4484670907259 0.0 7.0 1.0 656102776.3237305 671488390.9023438 655542733.4848633 673024383.6328125
59455.69067106 2459456.1958742016 702.349471449852 28.465196639299393 0.0 7.0 0.0 655250065.4091797 670616286.5976562 654745227.9873047 672220786.1953125
59455.691377175 2459456.1965802675 703.3662063628435 29.481931552290916 0.0 7.0 1.0 656036158.6967773 671377918.046875 655467826.8125 672908783.7226562
59455.6920831 2459456.1972861434 704.3826676905155 30.49839287996292 0.0 7.0 0.0 655177927.8496094 670555283.9414062 654647411.5463867 672136103.3398438
59455.692789025 2459456.197992019 705.3991283476353 31.514853537082672 0.0 7.0 1.0 655948950.1152344 671317882.2617188 655392107.1645508 672876584.7226562
59455.69349514 2459456.198698084 706.4158619195223 32.53158710896969 0.0 7.0 0.0 655111479.1665039 670479236.34375 654606785.5151367 672083665.7382812
59455.694201245 2459456.1994041386 707.4325807392597 33.54830592870712 0.0 7.0 1.0 656001182.309082 671432636.59375 655441411.675293 672991840.5078125
