614378332.7043457
605205587.87854
614614940.2648315
605315649.55896
614725072.4298096
605519802.130188
614876671.2022705
605549529.5307007
614824435.1252441
605535334.3851318
614877787.4974365
605616163.227417
614888539.0300903
605635260.3209839
614953956.5222168
605671859.7966309
614942005.8618774
605670920.6486206
615003979.7579346
605730952.1621704
614935423.5408936
605685793.5839233
614951263.3122559
605716310.1013184
614901549.7307129
605681621.4158325
614893390.1280518
605610579.4208984
614896905.4163818
605641807.6410522
614870369.8016357
605561115.8178711
614831172.8675537
605581347.7303467
614760435.2375488
605599710.2866821
614791987.5739746
605592020.0037231
614819663.0379028
613788565.0309448
604635374.9053345
613958957.7368774
604746795.300293
613937631.9976807
604800029.9551392
614009019.7397461
604835958.8418579
614269431.8517456
605378457.937439
614380837.3739624
605127539.6317749
614324386.7684326
605130178.3930054
614295358.274231
604971793.6748047
614263189.3405151
605048204.8563232
614313936.5039673
605028832.5028687
614198149.3713989
605021135.5250244
614220828.026062
604949690.2979736
614168317.3414307
604909745.8878784
614150920.9447632
604894401.8283691
614055133.0195312
604861319.1595459
614024463.4341431
604917690.6448975
614137670.2282715
604888817.7443848
614102805.7963867
604847225.5837402
614060712.9907837
604842305.7577515
614033407.588623
612352784.2249756
603205288.0828857
612561392.7943726
603349049.6791992
612675247.8190918
603454479.8526001
612757591.8674316
603501462.8028564
612762004.5515747
603521494.4875488
612799407.3201904
603536715.8453369
612717552.2320557
603603329.9074097
612819745.3875732
603610284.8917236
612820627.5712891
603612381.9127197
612824454.2078857
603585506.5254517
612676568.1940308
603443540.6173706
612405156.4307251
603125865.3721924
612121476.8986816
602751575.6913452
611758223.2524414
602445198.0479126
611589522.4678345
602283685.4848633
611452729.8792114
602223352.8239746
611384889.7038574
602079051.4765625
611312796.0482788
602115985.6494141
611331096.9346313
602041043.7081299
611276358.7167969
609436430.0054321
600522281.9776001
609667273.3336792
600590741.1906128
609768860.9993896
600699412.4750977
609694957.7874146
600684299.3619995
609789792.5578003
600643027.2182617
609674698.421814
600630740.279541
609681114.1660767
600584093.095459
609621199.7632446
600574796.2280273
609633215.4307251
600534225.1690063
609687417.7460938
600599556.328125
609632491.8363037
600577742.3475342
609550830.5540161
600486093.920227
609615543.1092529
600516102.012207
609620168.7634277
600555866.0671387
609561005.5657959
600594945.9452515
609633935.3456421
600553850.4014282
609630557.446228
600492379.951416
609593556.4850464
600545508.0942383
609528572.5361328
600480692.9314575
609536761.3098145
607735549.4234009
598804976.616394
608013560.3045044
599042442.1184692
608129528.824646
599269734.5749512
608385277.4343262
599321588.3185425
608377372.7593384
599282378.027832
608303324.5015259
599304923.668457
608250916.1559448
599197645.6549072
608241173.6187744
599223958.8596802
608200941.4506836
599292007.6658325
608267928.7578735
599199867.0359497
608225368.3515625
599241078.4575806
608317522.5492554
599385189.7052002
608446771.7451782
599509664.5998535
608759951.0067749
599813763.3963013
609019347.107544
600059086.3874512
609158534.4272461
600348613.2626343
609323459.4518433
600267420.0822144
609345214.321228
600283435.0562134
609252026.5887451
600237807.4143677
609263961.0960693
607279695.550293
598334874.0346069
607501501.2183228
598533823.0682983
607572027.1268921
598518948.093811
607585658.9790039
598617920.8580933
607637021.5507812
598573899.4807129
607690559.2636719
598757821.2019653
607722510.9329224
598758215.9197388
607744952.8805542
598712881.2650146
607723143.4611206
598750595.7593994
607699731.7404785
598649449.0946045
607646846.3696289
598700046.954956
607676098.762085
598619787.3400879
607617820.0820923
598559002.342102
607565151.6669312
598529516.3347778
607517601.5906372
598591932.4562988
607577462.2417603
598528684.3295898
607539116.0841675
598448988.6224976
607480826.5115967
598494238.1300659
607485533.3599854
598480609.4071655
607446077.3198242
605527168.197815
596682412.1752319
605734020.4902344
596729114.2675171
605805960.6692505
596889280.1599121
605942893.2856445
596987153.203064
605916805.772522
596991607.3599243
605964492.94281
597002690.0124512
606035867.1532593
597051759.7736816
606121125.7935181
597091612.3649292
606128121.4141235
597037557.3010864
606080155.6047974
597023153.6655273
606086976.7523804
597171405.9906006
606091618.7026367
597178435.6138916
606219965.142456
597215567.8200073
606104994.5837402
597253113.6939697
606272746.248169
597183271.2919312
606200258.0721436
597189650.939209
606173625.3794556
597121034.427124
606158758.2905273
597118285.7080688
606188579.7320557
597076871.670166
606017918.9935913
