================== ==================
        time_model         flux_model
================== ==================
 2459683.489000939                1.0
 2459683.491012168                1.0
2459683.4930233974                1.0
 2459683.495034627                1.0
2459683.4970458564                1.0
2459683.4990570857                1.0
 2459683.501068315                1.0
2459683.5030795448                1.0
 2459683.505090774                1.0
2459683.5071020033                1.0
2459683.5091132326                1.0
2459683.5111244624                1.0
2459683.5131356916                1.0
 2459683.515146921                1.0
  2459683.51715815                1.0
  2459683.51916938                1.0
2459683.5211806092                1.0
2459683.5231918385                1.0
 2459683.525203068                1.0
2459683.5272142976                1.0
 2459683.529225527                1.0
 2459683.531236756                1.0
2459683.5332479854                1.0
 2459683.535259215                1.0
2459683.5372704444                1.0
2459683.5392816737                1.0
 2459683.541292903                1.0
2459683.5433041328                1.0
 2459683.545315362                1.0
2459683.5473265913                1.0
2459683.5493378206                1.0
2459683.5513490504                1.0
2459683.5533602796                1.0
 2459683.555371509                1.0
 2459683.557382738                1.0
2459683.5593939675                1.0
2459683.5614051973                1.0
2459683.5634164265                1.0
 2459683.565427656                1.0
 2459683.567438885                1.0
 2459683.569450115                1.0
 2459683.571461344                1.0
2459683.5734725734                1.0
2459683.5754838027                1.0
2459683.5774950325                1.0
2459683.5795062617                1.0
 2459683.581517491                1.0
2459683.5835287203                1.0
  2459683.58553995                1.0
2459683.5875511793                1.0
2459683.5895624086                1.0
 2459683.591573638                1.0
2459683.5935848677                1.0
 2459683.595596097                1.0
 2459683.597607326                1.0
2459683.5996185555                1.0
2459683.6016297853                1.0
2459683.6036410145                1.0
 2459683.605652244                1.0
 2459683.607663473                1.0
 2459683.609674703                1.0
 2459683.611685932                1.0
2459683.6136971614                1.0
2459683.6157083907                1.0
2459683.6177196205                1.0
2459683.6197308498                1.0
 2459683.621742079                1.0
2459683.6237533083                1.0
2459683.6257645376                1.0
2459683.6277757674                1.0
2459683.6297869966                1.0
 2459683.631798226                1.0
 2459683.633809455                1.0
 2459683.635820685                1.0
2459683.6378319142                1.0
2459683.6398431435                1.0
 2459683.641854373                1.0
2459683.6438656026                1.0
 2459683.645876832                1.0
 2459683.647888061                1.0
2459683.6498992904                1.0
  2459683.65191052                1.0
2459683.6539217494                1.0
2459683.6559329787                1.0
 2459683.657944208                1.0
2459683.6599554378                1.0
 2459683.661966667                1.0
2459683.6639778963                1.0
2459683.6659891256                1.0
2459683.6680003554                1.0
2459683.6700115846                1.0
 2459683.672022814                1.0
 2459683.674034043                1.0
 2459683.676045273                1.0
2459683.6780565022                1.0
2459683.6800677315                1.0
 2459683.682078961                1.0
  2459683.68409019                1.0
  2459683.68610142                1.0
 2459683.688112649                1.0
2459683.6901238784                1.0
2459683.6921351077                1.0
2459683.6941463375                1.0
2459683.6961575667                1.0
 2459683.698168796                1.0
2459683.7001800253                1.0
 2459683.702191255                1.0
2459683.7042024843                1.0
2459683.7062137136                1.0
 2459683.708224943                1.0
2459683.7102361727                1.0
 2459683.712247402                1.0
 2459683.714258631                1.0
2459683.7162698605                1.0
2459683.7182810903                1.0
2459683.7202923195                1.0
 2459683.722303549                1.0
 2459683.724314778                1.0
 2459683.726326008                1.0
 2459683.728337237                1.0
2459683.7303484664                1.0
2459683.7323596957                1.0
2459683.7343709255                1.0
2459683.7363821547                1.0
 2459683.738393384                1.0
2459683.7404046133                1.0
 2459683.742415843                1.0
2459683.7444270723                1.0
2459683.7464383016                1.0
 2459683.748449531                1.0
  2459683.75046076                1.0
  2459683.75247199                1.0
2459683.7544832192                1.0
2459683.7564944485                1.0
 2459683.758505678                1.0
2459683.7605169076                1.0
 2459683.762528137                1.0
 2459683.764539366                1.0
2459683.7665505954                1.0
 2459683.768561825                1.0
2459683.7705730544                1.0
2459683.7725842837                1.0
 2459683.774595513                1.0
2459683.7766067428                1.0
 2459683.778617972                1.0
2459683.7806292013                1.0
2459683.7826404306                1.0
2459683.7846516604                1.0
2459683.7866628896                1.0
 2459683.788674119                1.0
 2459683.790685348                1.0
 2459683.792696578                1.0
2459683.7947078072                1.0
2459683.7967190365                1.0
 2459683.798730266                1.0
2459683.8007414956                1.0
 2459683.802752725                1.0
 2459683.804763954                1.0
2459683.8067751834                1.0
 2459683.808786413                1.0
2459683.8107976425                1.0
2459683.8128088717                1.0
 2459683.814820101                1.0
2459683.8168313303                1.0
  2459683.81884256                1.0
2459683.8208537893                1.0
2459683.8228650186                1.0
 2459683.824876248                1.0
2459683.8268874777                1.0
 2459683.828898707                1.0
 2459683.830909936                1.0
2459683.8329211655                1.0
2459683.8349323953                1.0
2459683.8369436245                1.0
 2459683.838954854                1.0
 2459683.840966083                1.0
 2459683.842977313                1.0
 2459683.844988542                1.0
2459683.8469997714                1.0
2459683.8490110007                1.0
2459683.8510222305                1.0
2459683.8530334597                1.0
 2459683.855044689                1.0
2459683.8570559183                1.0
 2459683.859067148                1.0
2459683.8610783773                1.0
2459683.8630896066                1.0
 2459683.865100836                1.0
2459683.8671120657                1.0
 2459683.869123295                1.0
2459683.8711345242                1.0
2459683.8731457535                1.0
2459683.8751569833                1.0
2459683.8771682126                1.0
 2459683.879179442                1.0
 2459683.881190671                1.0
2459683.8832019004                1.0
  2459683.88521313                1.0
2459683.8872243594                1.0
2459683.8892355887                1.0
 2459683.891246818                1.0
2459683.8932580478                1.0
 2459683.895269277                1.0
2459683.8972805063                1.0
2459683.8992917356                1.0
2459683.9013029654                1.0
2459683.9033141946                1.0
 2459683.905325424                1.0
 2459683.907336653                1.0
 2459683.909347883                1.0
2459683.9113591122                1.0
2459683.9133703415                1.0
 2459683.915381571                1.0
2459683.9173928006                1.0
  2459683.91940403                1.0
 2459683.921415259                1.0
2459683.9234264884                1.0
 2459683.925437718                1.0
2459683.9274489474                1.0
2459683.9294601767                1.0
 2459683.931471406                1.0
2459683.9334826358                1.0
 2459683.935493865                1.0
2459683.9375050943                1.0
2459683.9395163236                1.0
2459683.9415275534                1.0
2459683.9435387827                1.0
 2459683.945550012                1.0
 2459683.947561241                1.0
2459683.9495724705                1.0
2459683.9515837003                1.0
2459683.9535949295                1.0
 2459683.955606159                1.0
 2459683.957617388                1.0
 2459683.959628618                1.0
 2459683.961639847                1.0
2459683.9636510764                1.0
2459683.9656623057                1.0
2459683.9676735355                1.0
2459683.9696847647                1.0
 2459683.971695994                1.0
2459683.9737072233                1.0
 2459683.975718453                1.0
2459683.9777296823                1.0
2459683.9797409116                1.0
 2459683.981752141                1.0
2459683.9837633707                1.0
   2459683.9857746                1.0
 2459683.987785829                1.0
2459683.9897970585                1.0
2459683.9918082883                1.0
2459683.9938195175                1.0
 2459683.995830747                1.0
 2459683.997841976                1.0
 2459683.999853206                1.0
 2459684.001864435                1.0
2459684.0038756644                1.0
2459684.0058868937                1.0
 2459684.007898123                1.0
2459684.0099093528                1.0
 2459684.011920582 0.9995297455711284
2459684.0139318113 0.9929586980322211
2459684.0159430406 0.9873357090099272
2459684.0179542704  0.986594336525063
2459684.0199654996 0.9861086844322701
 2459684.021976729 0.9857632853008198
 2459684.023987958 0.9855190477303116
 2459684.025999188 0.9853572205877951
2459684.0280104172  0.985267991907781
2459684.0300216465 0.9852466418689695
 2459684.032032876  0.985292104982996
2459684.0340441056 0.9854066789008442
 2459684.036055335 0.9855966672044999
 2459684.038066564 0.9858744455276837
2459684.0400777934 0.9862639977687389
 2459684.042089023 0.9868192470490452
2459684.0441002524 0.9883924722039653
2459684.0461114817 0.9957722633329297
 2459684.048122711                1.0
2459684.0501339408                1.0
  2459684.05214517                1.0
2459684.0541563993                1.0
2459684.0561676286                1.0
2459684.0581788584                1.0
2459684.0601900876                1.0
 2459684.062201317                1.0
 2459684.064212546                1.0
 2459684.066223776                1.0
2459684.0682350053                1.0
2459684.0702462345                1.0
 2459684.072257464                1.0
 2459684.074268693                1.0
 2459684.076279923                1.0
 2459684.078291152                1.0
2459684.0803023814                1.0
2459684.0823136107                1.0
2459684.0843248405                1.0
2459684.0863360697                1.0
 2459684.088347299                1.0
2459684.0903585283                1.0
 2459684.092369758                1.0
2459684.0943809873                1.0
2459684.0963922166                1.0
 2459684.098403446                1.0
2459684.1004146757                1.0
 2459684.102425905                1.0
 2459684.104437134                1.0
2459684.1064483635                1.0
2459684.1084595933                1.0
2459684.1104708225                1.0
 2459684.112482052                1.0
 2459684.114493281                1.0
 2459684.116504511                1.0
  2459684.11851574                1.0
2459684.1205269694                1.0
2459684.1225381987                1.0
2459684.1245494285                1.0
2459684.1265606578                1.0
 2459684.128571887                1.0
2459684.1305831163                1.0
 2459684.132594346                1.0
2459684.1346055754                1.0
2459684.1366168046                1.0
 2459684.138628034                1.0
 2459684.140639263                1.0
 2459684.142650493                1.0
2459684.1446617222                1.0
2459684.1466729515                1.0
 2459684.148684181                1.0
2459684.1506954106                1.0
  2459684.15270664                1.0
 2459684.154717869                1.0
2459684.1567290984                1.0
 2459684.158740328                1.0
2459684.1607515574                1.0
2459684.1627627867                1.0
 2459684.164774016                1.0
2459684.1667852458                1.0
 2459684.168796475                1.0
2459684.1708077043                1.0
2459684.1728189336                1.0
2459684.1748301634                1.0
2459684.1768413926                1.0
 2459684.178852622                1.0
 2459684.180863851                1.0
 2459684.182875081                1.0
2459684.1848863102                1.0
2459684.1868975395                1.0
 2459684.188908769                1.0
2459684.1909199986                1.0
 2459684.192931228                1.0
 2459684.194942457                1.0
2459684.1969536864                1.0
 2459684.198964916                1.0
2459684.2009761455                1.0
2459684.2029873747                1.0
 2459684.204998604                1.0
2459684.2070098333                1.0
 2459684.209021063                1.0
2459684.2110322923                1.0
2459684.2130435216                1.0
 2459684.215054751                1.0
2459684.2170659807                1.0
  2459684.21907721                1.0
 2459684.221088439                1.0
2459684.2230996685                1.0
2459684.2251108983                1.0
2459684.2271221275                1.0
 2459684.229133357                1.0
 2459684.231144586                1.0
 2459684.233155816                1.0
 2459684.235167045                1.0
2459684.2371782744                1.0
2459684.2391895037                1.0
2459684.2412007335                1.0
2459684.2432119627                1.0
 2459684.245223192                1.0
2459684.2472344213                1.0
 2459684.249245651                1.0
2459684.2512568804                1.0
2459684.2532681096                1.0
 2459684.255279339                1.0
2459684.2572905687                1.0
 2459684.259301798                1.0
2459684.2613130272                1.0
2459684.2633242565                1.0
2459684.2653354863                1.0
2459684.2673467156                1.0
 2459684.269357945                1.0
 2459684.271369174                1.0
2459684.2733804034                1.0
 2459684.275391633                1.0
2459684.2774028624                1.0
2459684.2794140917                1.0
 2459684.281425321                1.0
2459684.2834365508                1.0
  2459684.28544778                1.0
2459684.2874590093                1.0
2459684.2894702386                1.0
2459684.2914814684                1.0
2459684.2934926976                1.0
 2459684.295503927                1.0
 2459684.297515156                1.0
 2459684.299526386                1.0
2459684.3015376152                1.0
2459684.3035488445                1.0
 2459684.305560074                1.0
2459684.3075713036                1.0
 2459684.309582533                1.0
 2459684.311593762                1.0
2459684.3136049914                1.0
 2459684.315616221                1.0
2459684.3176274505                1.0
2459684.3196386797                1.0
 2459684.321649909                1.0
 2459684.323661139                1.0
 2459684.325672368                1.0
2459684.3276835973                1.0
2459684.3296948266                1.0
 2459684.331706056                1.0
2459684.3337172857                1.0
 2459684.335728515                1.0
 2459684.337739744                1.0
2459684.3397509735                1.0
2459684.3417622033                1.0
2459684.3437734325                1.0
 2459684.345784662                1.0
 2459684.347795891                1.0
 2459684.349807121                1.0
  2459684.35181835                1.0
2459684.3538295794                1.0
2459684.3558408087                1.0
2459684.3578520385                1.0
2459684.3598632677                1.0
 2459684.361874497                1.0
2459684.3638857263                1.0
 2459684.365896956                1.0
2459684.3679081853                1.0
2459684.3699194146                1.0
 2459684.371930644                1.0
2459684.3739418737                1.0
 2459684.375953103                1.0
2459684.3779643322                1.0
2459684.3799755615                1.0
2459684.3819867913                1.0
2459684.3839980206                1.0
  2459684.38600925                1.0
 2459684.388020479                1.0
 2459684.390031709                1.0
 2459684.392042938                1.0
2459684.3940541674                1.0
2459684.3960653967                1.0
 2459684.398076626                1.0
2459684.4000878558                1.0
 2459684.402099085                1.0
2459684.4041103143                1.0
2459684.4061215436                1.0
2459684.4081327734                1.0
2459684.4101440026                1.0
 2459684.412155232                1.0
 2459684.414166461                1.0
 2459684.416177691                1.0
2459684.4181889202                1.0
2459684.4202001495                1.0
 2459684.422211379                1.0
2459684.4242226086                1.0
 2459684.426233838                1.0
 2459684.428245067                1.0
2459684.4302562964                1.0
 2459684.432267526                1.0
2459684.4342787554                1.0
2459684.4362899847                1.0
 2459684.438301214                1.0
2459684.4403124438                1.0
 2459684.442323673                1.0
2459684.4443349023                1.0
2459684.4463461316                1.0
2459684.4483573614                1.0
2459684.4503685907                1.0
  2459684.45237982                1.0
 2459684.454391049                1.0
 2459684.456402279                1.0
2459684.4584135083                1.0
2459684.4604247375                1.0
 2459684.462435967                1.0
 2459684.464447196                1.0
 2459684.466458426                1.0
 2459684.468469655                1.0
2459684.4704808844                1.0
2459684.4724921137                1.0
2459684.4745033435                1.0
2459684.4765145727                1.0
 2459684.478525802                1.0
2459684.4805370313                1.0
 2459684.482548261                1.0
2459684.4845594903                1.0
2459684.4865707196                1.0
 2459684.488581949                1.0
2459684.4905931787                1.0
 2459684.492604408                1.0
 2459684.494615637                1.0
2459684.4966268665                1.0
2459684.4986380963                1.0
2459684.5006493255                1.0
 2459684.502660555                1.0
 2459684.504671784                1.0
 2459684.506683014                1.0
 2459684.508694243                1.0
2459684.5107054724                1.0
2459684.5127167017                1.0
2459684.5147279315                1.0
2459684.5167391608                1.0
  2459684.51875039                1.0
2459684.5207616193                1.0
 2459684.522772849                1.0
2459684.5247840784                1.0
2459684.5267953076                1.0
 2459684.528806537                1.0
 2459684.530817766                1.0
 2459684.532828996                1.0
2459684.5348402252                1.0
2459684.5368514545                1.0
 2459684.538862684                1.0
2459684.5408739136                1.0
 2459684.542885143                1.0
 2459684.544896372                1.0
2459684.5469076014                1.0
 2459684.548918831                1.0
2459684.5509300604                1.0
2459684.5529412897                1.0
 2459684.554952519                1.0
2459684.5569637488                1.0
 2459684.558974978                1.0
2459684.5609862073                1.0
2459684.5629974366                1.0
2459684.5650086664                1.0
2459684.5670198957                1.0
 2459684.569031125                1.0
 2459684.571042354                1.0
 2459684.573053584                1.0
2459684.5750648133                1.0
2459684.5770760425                1.0
 2459684.579087272                1.0
2459684.5810985016                1.0
 2459684.583109731                1.0
  2459684.58512096                1.0
2459684.5871321894                1.0
 2459684.589143419                1.0
2459684.5911546485                1.0
2459684.5931658777                1.0
 2459684.595177107                1.0
2459684.5971883363                1.0
 2459684.599199566                1.0
2459684.6012107953                1.0
2459684.6032220246                1.0
 2459684.605233254                1.0
2459684.6072444837                1.0
 2459684.609255713                1.0
 2459684.611266942                1.0
2459684.6132781715                1.0
2459684.6152894013                1.0
2459684.6173006305                1.0
  2459684.61931186                1.0
 2459684.621323089                1.0
 2459684.623334319                1.0
 2459684.625345548                1.0
2459684.6273567774                1.0
2459684.6293680067                1.0
2459684.6313792365                1.0
2459684.6333904658                1.0
 2459684.635401695                1.0
2459684.6374129243                1.0
 2459684.639424154                1.0
2459684.6414353834                1.0
2459684.6434466126                1.0
 2459684.645457842                1.0
2459684.6474690717                1.0
 2459684.649480301                1.0
2459684.6514915302                1.0
2459684.6535027595                1.0
2459684.6555139893                1.0
2459684.6575252186                1.0
 2459684.659536448                1.0
 2459684.661547677                1.0
2459684.6635589064                1.0
 2459684.665570136                1.0
2459684.6675813654                1.0
2459684.6695925947                1.0
 2459684.671603824                1.0
2459684.6736150538                1.0
 2459684.675626283                1.0
2459684.6776375123                1.0
2459684.6796487416                1.0
2459684.6816599714                1.0
2459684.6836712006                1.0
  2459684.68568243                1.0
 2459684.687693659                1.0
 2459684.689704889                1.0
2459684.6917161183                1.0
2459684.6937273475                1.0
 2459684.695738577                1.0
2459684.6977498066                1.0
 2459684.699761036                1.0
 2459684.701772265                1.0
2459684.7037834944                1.0
 2459684.705794724                1.0
2459684.7078059535                1.0
2459684.7098171827                1.0
 2459684.711828412                1.0
 2459684.713839642                1.0
 2459684.715850871                1.0
2459684.7178621003                1.0
2459684.7198733296                1.0
 2459684.721884559                1.0
2459684.7238957887                1.0
 2459684.725907018                1.0
 2459684.727918247                1.0
2459684.7299294765                1.0
2459684.7319407063                1.0
2459684.7339519355                1.0
 2459684.735963165                1.0
 2459684.737974394                1.0
 2459684.739985624                1.0
 2459684.741996853                1.0
2459684.7440080824                1.0
2459684.7460193117                1.0
2459684.7480305415                1.0
2459684.7500417707                1.0
    2459684.752053                1.0
2459684.7540642293                1.0
 2459684.756075459                1.0
2459684.7580866884                1.0
2459684.7600979176                1.0
 2459684.762109147                1.0
2459684.7641203767                1.0
 2459684.766131606                1.0
2459684.7681428352                1.0
2459684.7701540645                1.0
2459684.7721652943                1.0
2459684.7741765236                1.0
 2459684.776187753                1.0
 2459684.778198982                1.0
 2459684.780210212                1.0
 2459684.782221441                1.0
2459684.7842326704                1.0
2459684.7862438997                1.0
 2459684.788255129                1.0
2459684.7902663588                1.0
 2459684.792277588                1.0
2459684.7942888173                1.0
2459684.7963000466                1.0
2459684.7983112764                1.0
2459684.8003225056                1.0
 2459684.802333735                1.0
 2459684.804344964                1.0
 2459684.806356194                1.0
2459684.8083674232                1.0
2459684.8103786525                1.0
 2459684.812389882                1.0
2459684.8144011116                1.0
 2459684.816412341                1.0
  2459684.81842357                1.0
2459684.8204347994                1.0
 2459684.822446029                1.0
2459684.8244572585                1.0
2459684.8264684877                1.0
 2459684.828479717                1.0
 2459684.830490947                1.0
 2459684.832502176                1.0
2459684.8345134053                1.0
2459684.8365246346                1.0
2459684.8385358644                1.0
2459684.8405470937                1.0
 2459684.842558323                1.0
 2459684.844569552                1.0
 2459684.846580782                1.0
2459684.8485920113                1.0
2459684.8506032405                1.0
  2459684.85261447                1.0
 2459684.854625699                1.0
 2459684.856636929                1.0
 2459684.858648158                1.0
2459684.8606593874                1.0
2459684.8626706167                1.0
2459684.8646818465                1.0
2459684.8666930757                1.0
 2459684.868704305                1.0
2459684.8707155343                1.0
 2459684.872726764                1.0
2459684.8747379933                1.0
2459684.8767492226                1.0
 2459684.878760452                1.0
2459684.8807716817                1.0
 2459684.882782911                1.0
2459684.8847941402                1.0
2459684.8868053695                1.0
2459684.8888165993                1.0
2459684.8908278286                1.0
 2459684.892839058                1.0
 2459684.894850287                1.0
 2459684.896861517                1.0
 2459684.898872746                1.0
2459684.9008839754                1.0
2459684.9028952047                1.0
2459684.9049064345                1.0
2459684.9069176638                1.0
 2459684.908928893                1.0
2459684.9109401223                1.0
 2459684.912951352                1.0
2459684.9149625814                1.0
2459684.9169738106                1.0
  2459684.91898504                1.0
 2459684.920996269                1.0
 2459684.923007499                1.0
2459684.9250187282                1.0
2459684.9270299575                1.0
 2459684.929041187                1.0
2459684.9310524166                1.0
 2459684.933063646                1.0
 2459684.935074875                1.0
2459684.9370861044                1.0
 2459684.939097334                1.0
2459684.9411085634                1.0
2459684.9431197927                1.0
 2459684.945131022                1.0
 2459684.947142252                1.0
 2459684.949153481                1.0
2459684.9511647103                1.0
2459684.9531759396                1.0
2459684.9551871694                1.0
2459684.9571983987                1.0
 2459684.959209628                1.0
 2459684.961220857                1.0
 2459684.963232087                1.0
2459684.9652433163                1.0
2459684.9672545455                1.0
 2459684.969265775                1.0
2459684.9712770046                1.0
 2459684.973288234                1.0
 2459684.975299463                1.0
2459684.9773106924                1.0
 2459684.979321922                1.0
2459684.9813331515                1.0
2459684.9833443807                1.0
  2459684.98535561                1.0
2459684.9873668393                1.0
 2459684.989378069                1.0
2459684.9913892983                1.0
2459684.9934005276                1.0
 2459684.995411757                1.0
2459684.9974229867                1.0
 2459684.999434216                1.0
 2459685.001445445                1.0
2459685.0034566745                1.0
2459685.0054679043                1.0
2459685.0074791336                1.0
 2459685.009490363                1.0
 2459685.011501592                1.0
 2459685.013512822                1.0
 2459685.015524051                1.0
2459685.0175352804                1.0
2459685.0195465097                1.0
2459685.0215577395                1.0
2459685.0235689688                1.0
 2459685.025580198                1.0
2459685.0275914273                1.0
 2459685.029602657                1.0
2459685.0316138864                1.0
2459685.0336251156                1.0
 2459685.035636345                1.0
2459685.0376475747                1.0
 2459685.039658804                1.0
2459685.0416700332                1.0
2459685.0436812625                1.0
 2459685.045692492                1.0
2459685.0477037216                1.0
 2459685.049714951                1.0
  2459685.05172618                1.0
2459685.0537374094                1.0
 2459685.055748639                1.0
2459685.0577598684                1.0
2459685.0597710977                1.0
 2459685.061782327                1.0
2459685.0637935568                1.0
 2459685.065804786                1.0
2459685.0678160153                1.0
2459685.0698272446                1.0
2459685.0718384744                1.0
2459685.0738497037                1.0
 2459685.075860933                1.0
 2459685.077872162                1.0
 2459685.079883392                1.0
2459685.0818946213                1.0
2459685.0839058505                1.0
  2459685.08591708                1.0
2459685.0879283096                1.0
 2459685.089939539                1.0
 2459685.091950768                1.0
2459685.0939619974                1.0
 2459685.095973227                1.0
2459685.0979844565                1.0
2459685.0999956857                1.0
 2459685.102006915                1.0
 2459685.104018145                1.0
 2459685.106029374                1.0
2459685.1080406033                1.0
2459685.1100518326                1.0
 2459685.112063062                1.0
2459685.1140742917                1.0
 2459685.116085521                1.0
  2459685.11809675                1.0
2459685.1201079795                1.0
2459685.1221192093                1.0
2459685.1241304385                1.0
 2459685.126141668                1.0
 2459685.128152897                1.0
 2459685.130164127                1.0
 2459685.132175356                1.0
2459685.1341865854                1.0
2459685.1361978147                1.0
2459685.1382090445                1.0
2459685.1402202738                1.0
 2459685.142231503                1.0
2459685.1442427323                1.0
 2459685.146253962                1.0
2459685.1482651914                1.0
2459685.1502764206                1.0
  2459685.15228765                1.0
2459685.1542988797                1.0
 2459685.156310109                1.0
2459685.1583213382                1.0
2459685.1603325675                1.0
2459685.1623437973                1.0
2459685.1643550266                1.0
 2459685.166366256                1.0
 2459685.168377485                1.0
 2459685.170388715                1.0
 2459685.172399944                1.0
2459685.1744111734                1.0
2459685.1764224027                1.0
 2459685.178433632                1.0
2459685.1804448618                1.0
 2459685.182456091                1.0
2459685.1844673203                1.0
2459685.1864785496                1.0
2459685.1884897794                1.0
2459685.1905010086                1.0
 2459685.192512238                1.0
 2459685.194523467                1.0
 2459685.196534697                1.0
2459685.1985459263                1.0
2459685.2005571555                1.0
 2459685.202568385                1.0
2459685.2045796146                1.0
 2459685.206590844                1.0
 2459685.208602073                1.0
2459685.2106133024                1.0
 2459685.212624532                1.0
2459685.2146357615                1.0
2459685.2166469907                1.0
  2459685.21865822                1.0
  2459685.22066945                1.0
 2459685.222680679                1.0
2459685.2246919083                1.0
2459685.2267031376                1.0
2459685.2287143674                1.0
2459685.2307255967                1.0
 2459685.232736826                1.0
 2459685.234748055                1.0
 2459685.236759285                1.0
2459685.2387705143                1.0
2459685.2407817435                1.0
 2459685.242792973                1.0
 2459685.244804202                1.0
 2459685.246815432                1.0
 2459685.248826661                1.0
2459685.2508378904                1.0
2459685.2528491197                1.0
2459685.2548603495                1.0
2459685.2568715787                1.0
 2459685.258882808                1.0
2459685.2608940373                1.0
 2459685.262905267                1.0
2459685.2649164964                1.0
2459685.2669277256                1.0
 2459685.268938955                1.0
2459685.2709501847                1.0
 2459685.272961414                1.0
2459685.2749726432                1.0
2459685.2769838725                1.0
2459685.2789951023                1.0
2459685.2810063316                1.0
 2459685.283017561                1.0
  2459685.28502879                1.0
  2459685.28704002                1.0
 2459685.289051249                1.0
2459685.2910624784                1.0
2459685.2930737077                1.0
2459685.2950849375                1.0
2459685.2970961668                1.0
 2459685.299107396                1.0
2459685.3011186253                1.0
 2459685.303129855                1.0
2459685.3051410844                1.0
2459685.3071523136                1.0
 2459685.309163543                1.0
 2459685.311174772                1.0
 2459685.313186002                1.0
2459685.3151972312                1.0
2459685.3172084605                1.0
  2459685.31921969                1.0
2459685.3212309196                1.0
 2459685.323242149                1.0
 2459685.325253378                1.0
2459685.3272646074                1.0
 2459685.329275837                1.0
2459685.3312870665                1.0
2459685.3332982957                1.0
 2459685.335309525                1.0
 2459685.337320755                1.0
 2459685.339331984                1.0
2459685.3413432133                1.0
2459685.3433544426                1.0
2459685.3453656724                1.0
2459685.3473769017                1.0
 2459685.349388131                1.0
  2459685.35139936                1.0
  2459685.35341059                1.0
2459685.3554218193                1.0
2459685.3574330485                1.0
 2459685.359444278                1.0
2459685.3614555076                1.0
 2459685.363466737                1.0
 2459685.365477966                1.0
2459685.3674891954                1.0
2459685.3695004247                1.0
2459685.3715116545                1.0
2459685.3735228837                1.0
 2459685.375534113                1.0
2459685.3775453423                1.0
 2459685.379556572                1.0
2459685.3815678013                1.0
2459685.3835790306                1.0
  2459685.38559026                1.0
2459685.3876014897                1.0
 2459685.389612719                1.0
2459685.3916239482                1.0
2459685.3936351775                1.0
2459685.3956464073                1.0
2459685.3976576366                1.0
 2459685.399668866                1.0
 2459685.401680095                1.0
 2459685.403691325                1.0
 2459685.405702554                1.0
2459685.4077137834                1.0
2459685.4097250127                1.0
2459685.4117362425                1.0
2459685.4137474718                1.0
 2459685.415758701                1.0
2459685.4177699303                1.0
  2459685.41978116                1.0
2459685.4217923894                1.0
2459685.4238036186                1.0
 2459685.425814848                1.0
2459685.4278260777                1.0
 2459685.429837307                1.0
2459685.4318485362                1.0
2459685.4338597655                1.0
 2459685.435870995                1.0
2459685.4378822246                1.0
 2459685.439893454                1.0
 2459685.441904683                1.0
2459685.4439159124                1.0
 2459685.445927142                1.0
2459685.4479383714                1.0
2459685.4499496007                1.0
  2459685.45196083                1.0
  2459685.45397206                1.0
 2459685.455983289                1.0
2459685.4579945183                1.0
2459685.4600057476                1.0
2459685.4620169774                1.0
2459685.4640282067                1.0
 2459685.466039436                1.0
 2459685.468050665                1.0
 2459685.470061895                1.0
2459685.4720731243                1.0
2459685.4740843535                1.0
 2459685.476095583                1.0
2459685.4781068126                1.0
 2459685.480118042                1.0
 2459685.482129271                1.0
2459685.4841405004                1.0
  2459685.48615173                1.0
2459685.4881629595                1.0
2459685.4901741887                1.0
 2459685.492185418                1.0
 2459685.494196648                1.0
 2459685.496207877                1.0
2459685.4982191063                1.0
================== ==================
