================== ===== ====== ====== ======== ================== ================== ================== ==== ======== ==================
         filenames instr ivisit iorbit iexp_orb              t_mjd            t_visit            t_orbit scan      exp              t_bjd
================== ===== ====== ====== ======== ================== ================== ================== ==== ======== ==================
ie4h15qxq_ima.fits F126N      0      0       -1     59683.71534454                0.0                0.0   -1  1.11126 2459684.2146106735
ie4h15qyq_ima.fits  G102      0      0        0    59683.716215465 1.2542673200368881 1.2542673200368881    0 9.662994 2459684.2154816925
ie4h15qzq_ima.fits  G102      0      0        1 59683.716886944996   2.22130224108696   2.22130224108696    1 9.662994 2459684.2161532445
ie4h15r0q_ima.fits  G102      0      0        2 59683.717558054996 3.1878040730953217 3.1878040730953217    0 9.662994 2459684.2168244263
ie4h15r1q_ima.fits  G102      0      0        3  59683.71822953501   4.15483832359314   4.15483832359314    1 9.662994  2459684.217495978
ie4h15r2q_ima.fits  G102      0      0        4     59683.71890065  5.121346190571785  5.121346190571785    0 9.662994  2459684.218167164
ie4h15r3q_ima.fits  G102      0      0        5    59683.719572135   6.08838714659214   6.08838714659214    1 9.662994   2459684.21883872
ie4h15r4q_ima.fits  G102      0      0        6    59683.720243245  7.054887637495995  7.054887637495995    0 9.662994  2459684.219509901
ie4h15r5q_ima.fits  G102      0      0        7 59683.720914724996  8.021921217441559  8.021921217441559    1 9.662994  2459684.220181452
ie4h15r6q_ima.fits  G102      0      0        8 59683.721585834995  8.988420367240906  8.988420367240906    0 9.662994  2459684.220852632
ie4h15r7q_ima.fits  G102      0      0        9  59683.72225731501  9.955452606081963  9.955452606081963    1 9.662994 2459684.2215241822
ie4h15r8q_ima.fits  G102      0      0       10 59683.722928425006 10.921951085329056 10.921951085329056    0 9.662994 2459684.2221953617
ie4h15r9q_ima.fits  G102      0      0       11     59683.72359991 11.888988688588142 11.888988688588142    1 9.662994 2459684.2228669156
ie4h15raq_ima.fits  G102      0      0       12     59683.72427102 12.855486497282982 12.855486497282982    0 9.662994 2459684.2235380947
ie4h15rbq_ima.fits  G102      0      0       13 59683.724942504996 13.822523429989815 13.822523429989815    1 9.662994  2459684.224209648
ie4h15rcq_ima.fits  G102      0      0       14 59683.725613614995 14.789019227027893 14.789019227027893    0 9.662994 2459684.2248808257
ie4h15rdq_ima.fits  G102      0      0       15  59683.72628509501 15.756047442555428 15.756047442555428    1 9.662994  2459684.225552373
ie4h15req_ima.fits  G102      0      0       16 59683.726956205006    16.722541898489    16.722541898489    0 9.662994   2459684.22622355
ie4h15rfq_ima.fits  G102      0      0       17    59683.727627685 17.689568772912025 17.689568772912025    1 9.662994 2459684.2268950962
ie4h15rgq_ima.fits  G102      0      0       18    59683.728298795  18.65606188774109  18.65606188774109    0 9.662994  2459684.227566272
ie4h15rhq_ima.fits  G102      0      0       19 59683.728970280004 19.623094126582146 19.623094126582146    1 9.662994  2459684.228237822
ie4h15riq_ima.fits  G102      0      0       20 59683.729641390004   20.5895859003067   20.5895859003067    0 9.662994  2459684.228908997
ie4h15rjq_ima.fits  G102      0      0       21 59683.730312875006 21.556616127490997 21.556616127490997    1 9.662994  2459684.229580546
ie4h15rkq_ima.fits  G102      0      0       22 59683.730983985006 22.523106560111046 22.523106560111046    0 9.662994 2459684.2302517197
ie4h15rlq_ima.fits  G102      0      0       23    59683.731655465 23.490128070116043 23.490128070116043    1 9.662994 2459684.2309232624
ie4h15rmq_ima.fits  G102      0      0       24    59683.732326575  24.45661649107933  24.45661649107933    0 9.662994  2459684.231594435
ie4h15rnq_ima.fits  G102      0      0       25    59683.732998055  25.42363665997982  25.42363665997982    1 9.662994 2459684.2322659767
ie4h15roq_ima.fits  G102      0      0       26    59683.733669165   26.3901237398386   26.3901237398386    0 9.662994 2459684.2329371483
ie4h15rpq_ima.fits  G102      0      0       27     59683.73434065 27.357149943709373 27.357149943709373    1 9.662994 2459684.2336086943
ie4h15rqq_ima.fits  G102      0      0       28 59683.735011765006  28.32364171743393  28.32364171743393    0 9.662994  2459684.234279869
ie4h15rrq_ima.fits  G102      0      0       29    59683.735683245 29.290659874677658 29.290659874677658    1 9.662994 2459684.2349514095
ie4h15rsq_ima.fits  G102      0      0       30    59683.736354355 30.257142931222916 30.257142931222916    0 9.662994 2459684.2356225783
ie4h15rtq_ima.fits  G102      0      0       31    59683.737025835 31.224159076809883 31.224159076809883    1 9.662994 2459684.2362941173
ie4h15ruq_ima.fits  G102      0      0       32    59683.737696945  32.19064146280289  32.19064146280289    0 9.662994 2459684.2369652856
ie4h15rvq_ima.fits  G102      0      0       33 59683.738368424994  33.15765626728535  33.15765626728535    1 9.662994 2459684.2376368237
ie4h15rwq_ima.fits  G102      0      0       34 59683.739039534994  34.12413731217384  34.12413731217384    0 9.662994  2459684.238307991
ie4h15rxq_ima.fits  G102      0      0       35 59683.739711019996  35.09115815162659  35.09115815162659    1 9.662994 2459684.2389795333
ie4h15ryq_ima.fits  G102      0      0       36    59683.740382135  36.05764523148537  36.05764523148537    0 9.662994  2459684.239650705
ie4h15rzq_ima.fits  G102      0      0       37    59683.741053615  37.02465735375881  37.02465735375881    1 9.662994  2459684.240322241
ie4h15s0q_ima.fits  G102      0      0       38    59683.741724725  37.99113638699055  37.99113638699055    0 9.662994  2459684.240993407
ie4h15s1q_ima.fits  G102      0      0       39 59683.742396204994  38.95814850926399  38.95814850926399    1 9.662994 2459684.2416649433
ie4h16s3q_ima.fits  G102      0      1        0 59683.779259535004  92.04625189304352                0.0    0 9.662994 2459684.2785316817
ie4h16s4q_ima.fits  G102      0      1        1     59683.77993102  93.01329419016838 0.9670422971248627    1 9.662994  2459684.279203239
ie4h16s5q_ima.fits  G102      0      1        2    59683.780602135  93.97980339825153 1.9335515052080154    0 9.662994  2459684.279874426
ie4h16s6q_ima.fits  G102      0      1        3  59683.78127361499  94.94683898985386  2.900587096810341    1 9.662994 2459684.2805459783
ie4h16s7q_ima.fits  G102      0      1        4  59683.78194472499  95.91334082186222 3.8670889288187027    0 9.662994   2459684.28121716
ie4h16s8q_ima.fits  G102      0      1        5 59683.782616205004  96.88037574291229  4.834123849868774    1 9.662994  2459684.281888712
ie4h16s9q_ima.fits  G102      0      1        6 59683.783287315004  97.84687824547291   5.80062635242939    0 9.662994 2459684.2825598945
ie4h16saq_ima.fits  G102      0      1        7    59683.783958795  98.81391249597073  6.767660602927208    1 9.662994  2459684.283231446
ie4h16sbq_ima.fits  G102      0      1        8 59683.784629910006  99.78042103350163  7.734169140458107    0 9.662994 2459684.2839026325
ie4h16scq_ima.fits  G102      0      1        9     59683.78530139 100.74745528399944  8.701203390955925    1 9.662994  2459684.284574184
ie4h16sdq_ima.fits  G102      0      1       10  59683.78597250499 101.71396315097809   9.66771125793457    0 9.662994   2459684.28524537
ie4h16seq_ima.fits  G102      0      1       11 59683.786643985004 102.68099673092365 10.634744837880135    1 9.662994  2459684.285916921
ie4h16sfq_ima.fits  G102      0      1       12    59683.787315095   103.647495880723 11.601243987679482    0 9.662994  2459684.286588101
ie4h16sgq_ima.fits  G102      0      1       13    59683.787986575 104.61452879011631 12.568276897072792    1 9.662994  2459684.287259652
ie4h16shq_ima.fits  G102      0      1       14    59683.788657685  105.5810272693634 13.534775376319885    0 9.662994 2459684.2879308313
ie4h16siq_ima.fits  G102      0      1       15 59683.789329164996 106.54805950820446 14.501807615160942    1 9.662994 2459684.2886023815
ie4h16sjq_ima.fits  G102      0      1       16     59683.79000028 107.51456402242184 15.468312129378319    0 9.662994  2459684.289273565
ie4h16skq_ima.fits  G102      0      1       17 59683.790671765004 108.48160095512867  16.43534906208515    1 9.662994 2459684.2899451186
ie4h16slq_ima.fits  G102      0      1       18    59683.791342875 109.44809809327126 17.401846200227737    0 9.662994  2459684.290616297
ie4h16smq_ima.fits  G102      0      1       19    59683.792014355 110.41512630879879 18.368874415755272    1 9.662994 2459684.2912878445
ie4h16snq_ima.fits  G102      0      1       20    59683.792685465 111.38162143528461 19.335369542241096    0 9.662994 2459684.2919590217
ie4h16soq_ima.fits  G102      0      1       21 59683.793356944996 112.34864830970764 20.302396416664124    1 9.662994  2459684.292630568
ie4h16spq_ima.fits  G102      0      1       22 59683.794028054996 113.31514209508896  21.26889020204544    0 9.662994 2459684.2933017444
ie4h16sqq_ima.fits  G102      0      1       23  59683.79469953501 114.28216762840748  22.23591573536396    1 9.662994   2459684.29397329
ie4h16srq_ima.fits  G102      0      1       24     59683.79537065 115.24866744875908  23.20241555571556    0 9.662994 2459684.2946444703
ie4h16ssq_ima.fits  G102      0      1       25    59683.796042135 116.21569901704788 24.169447124004364    1 9.662994   2459684.29531602
ie4h16stq_ima.fits  G102      0      1       26    59683.796713245 117.18218944966793 25.135937556624413    0 9.662994  2459684.295987194
ie4h16suq_ima.fits  G102      0      1       27 59683.797384724996 118.14921163022518 26.102959737181664    1 9.662994  2459684.296658737
ie4h16svq_ima.fits  G102      0      1       28 59683.798055834995 119.11570072174072 27.069448828697205    0 9.662994   2459684.29732991
ie4h16swq_ima.fits  G102      0      1       29  59683.79872731501 120.08272156119347 28.036469668149948    1 9.662994 2459684.2980014523
ie4h16sxq_ima.fits  G102      0      1       30 59683.799398425006  121.0492093116045  29.00295741856098    0 9.662994 2459684.2986726244
ie4h16syq_ima.fits  G102      0      1       31     59683.80006991 122.01623551547527 29.969983622431755    1 9.662994 2459684.2993441704
ie4h16szq_ima.fits  G102      0      1       32     59683.80074102 122.98272125422955 30.936469361186028    0 9.662994  2459684.300015341
ie4h16t0q_ima.fits  G102      0      1       33 59683.801412504996 123.94974678754807 31.903494894504547    1 9.662994 2459684.3006868865
ie4h16t1q_ima.fits  G102      0      1       34 59683.802083614995 124.91623118519783  32.86997929215431    0 9.662994 2459684.3013580563
ie4h16t2q_ima.fits  G102      0      1       35  59683.80275509501  125.8832473307848  33.83699543774128    1 9.662994 2459684.3020295952
ie4h16t3q_ima.fits  G102      0      1       36 59683.803426205006 126.84973038733006  34.80347849428654    0 9.662994  2459684.302700764
ie4h16t4q_ima.fits  G102      0      1       37    59683.804097685 127.81674519181252    35.770493298769    1 9.662994  2459684.303372302
ie4h16t5q_ima.fits  G102      0      1       38    59683.804768795 128.78322690725327  36.73697501420975    0 9.662994   2459684.30404347
ie4h16t6q_ima.fits  G102      0      1       39 59683.805440280004   129.750247746706  37.70399585366249    1 9.662994  2459684.304715012
ie4h17t8q_ima.fits  G102      0      2        0    59683.845463245 187.38860875368118                0.0    0 9.662994  2459684.344741652
ie4h17t9q_ima.fits  G102      0      2        1    59683.846134725 188.35564367473125 0.9670349210500717    1 9.662994  2459684.345413204
ie4h17taq_ima.fits  G102      0      2        2    59683.846805835 189.32214617729187 1.9335374236106873    0 9.662994  2459684.346084386
ie4h17tbq_ima.fits  G102      0      2        3 59683.847477314994 190.28918109834194  2.900572344660759    1 9.662994  2459684.346755938
ie4h17tcq_ima.fits  G102      0      2        4  59683.84814842499 191.25568360090256 3.8670748472213745    0 9.662994 2459684.3474271204
ie4h17tdq_ima.fits  G102      0      2        5 59683.848819909996 192.22272589802742  4.834117144346237    1 9.662994 2459684.3480986776
ie4h17teq_ima.fits  G102      0      2        6 59683.849491019995 193.18922773003578  5.800618976354599    0 9.662994 2459684.3487698594
ie4h17tfq_ima.fits  G102      0      2        7    59683.850162505 194.15627002716064  6.767661273479462    1 9.662994 2459684.3494414166
ie4h17tgq_ima.fits  G102      0      2        8    59683.850833615  195.1227705180645  7.734161764383316    0 9.662994 2459684.3501125975
ie4h17thq_ima.fits  G102      0      2        9  59683.85150509499 196.08980543911457  8.701196685433388    1 9.662994 2459684.3507841495
ie4h17tiq_ima.fits  G102      0      2       10  59683.85217620499 197.05630593001842  9.667697176337242    0 9.662994 2459684.3514553304
ie4h17tjq_ima.fits  G102      0      2       11 59683.852847685004   198.023339509964 10.634730756282806    1 9.662994 2459684.3521268815
ie4h17tkq_ima.fits  G102      0      2       12 59683.853518795004  198.9898393303156 11.601230576634407    0 9.662994  2459684.352798062
ie4h17tlq_ima.fits  G102      0      2       13     59683.85419028 199.95687894523144 12.568270191550255    1 9.662994  2459684.353469617
ie4h17tmq_ima.fits  G102      0      2       14 59683.854861390006 200.92337742447853 13.534768670797348    0 9.662994 2459684.3541407967
ie4h17tnq_ima.fits  G102      0      2       15  59683.85553287499 201.89041569828987 14.501806944608688    1 9.662994  2459684.354812351
ie4h17toq_ima.fits  G102      0      2       16  59683.85620398499 202.85691417753696 15.468305423855782    0 9.662994 2459684.3554835306
ie4h17tpq_ima.fits  G102      0      2       17 59683.856875465004   203.823943734169 16.435334980487823    1 9.662994  2459684.356155079
ie4h17tqq_ima.fits  G102      0      2       18 59683.857546575004  204.7904408723116  17.40183211863041    0 9.662994 2459684.3568262574
ie4h17trq_ima.fits  G102      0      2       19    59683.858218055 205.75746975839138 18.368861004710197    1 9.662994 2459684.3574978053
ie4h17tsq_ima.fits  G102      0      2       20    59683.858889165 206.72396421432495  19.33535546064377    0 9.662994  2459684.358168982
ie4h17ttq_ima.fits  G102      0      2       21     59683.85956065 207.69099846482277 20.302389711141586    1 9.662994 2459684.3588405335
ie4h17tuq_ima.fits  G102      0      2       22  59683.86023176499 208.65750029683113 21.268891543149948    0 9.662994 2459684.3595117154
ie4h17tvq_ima.fits  G102      0      2       23 59683.860903245004 209.62452583014965 22.235917076468468    1 9.662994  2459684.360183261
ie4h17twq_ima.fits  G102      0      2       24    59683.861574355  210.5910176038742 23.202408850193024    0 9.662994 2459684.3608544357
ie4h17txq_ima.fits  G102      0      2       25    59683.862245835 211.55804179608822 24.169433042407036    1 9.662994 2459684.3615259803
ie4h17tyq_ima.fits  G102      0      2       26    59683.862916945 212.52453222870827 25.135923475027084    0 9.662994  2459684.362197154
ie4h17tzq_ima.fits  G102      0      2       27 59683.863588424996 213.49155507981777  26.10294632613659    1 9.662994  2459684.362868698
ie4h17u0q_ima.fits  G102      0      2       28 59683.864259534996  214.4580441713333  27.06943541765213    0 9.662994  2459684.363539871
ie4h17u1q_ima.fits  G102      0      2       29     59683.86493102  215.4250717163086  28.03646296262741    1 9.662994 2459684.3642114177
ie4h17u2q_ima.fits  G102      0      2       30    59683.865602135 216.39156684279442 29.002958089113235    0 9.662994  2459684.364882595
ie4h17u3q_ima.fits  G102      0      2       31    59683.866273615 217.35858634114265  29.96997758746147    1 9.662994  2459684.365554136
ie4h17u4q_ima.fits  G102      0      2       32    59683.866944725 218.32507207989693 30.936463326215744    0 9.662994  2459684.366225307
ie4h17u5q_ima.fits  G102      0      2       33 59683.867616204996  219.2920895665884  31.90348081290722    1 9.662994  2459684.366896847
ie4h17u6q_ima.fits  G102      0      2       34 59683.868287314996 220.25857463479042  32.86996588110924    0 9.662994  2459684.367568017
ie4h17u7q_ima.fits  G102      0      2       35  59683.86895879501  221.2255907803774 33.836982026696205    1 9.662994  2459684.368239556
ie4h17u8q_ima.fits  G102      0      2       36     59683.86962991 222.19208121299744 34.803472459316254    0 9.662994   2459684.36891073
ie4h17u9q_ima.fits  G102      0      2       37 59683.870301389994  223.1590960174799 35.770487263798714    1 9.662994  2459684.369582268
ie4h17uaq_ima.fits  G102      0      2       38    59683.870972505 224.12558443844318    36.736975684762    0 9.662994 2459684.3702534405
ie4h17ubq_ima.fits  G102      0      2       39 59683.871643984996 225.09259924292564  37.70399048924446    1 9.662994 2459684.3709249785
ie4h18udq_ima.fits  G102      0      3        0 59683.911655464995  282.7144204080105                0.0    0 9.662994  2459684.410940132
ie4h18ueq_ima.fits  G102      0      3        1 59683.912326574995 283.68092224001884 0.9665018320083618    1 9.662994  2459684.411611314
ie4h18ufq_ima.fits  G102      0      3        2 59683.912998055006 284.64795783162117 1.9335374236106873    0 9.662994 2459684.4122828664
ie4h18ugq_ima.fits  G102      0      3        3 59683.913669165006  285.6144603341818  2.900039926171303    1 9.662994 2459684.4129540487
ie4h18uhq_ima.fits  G102      0      3        4     59683.91434065 286.58150263130665 3.8670822232961655    0 9.662994  2459684.413625606
ie4h18uiq_ima.fits  G102      0      3        5    59683.915011765  287.5480118393898  4.833591431379318    1 9.662994  2459684.414296793
ie4h18ujq_ima.fits  G102      0      3        6 59683.915683244995  288.5150460898876  5.800625681877136    0 9.662994 2459684.4149683444
ie4h18ukq_ima.fits  G102      0      3        7 59683.916354354995 289.48154859244823  6.767128184437752    1 9.662994 2459684.4156395267
ie4h18ulq_ima.fits  G102      0      3        8 59683.917025835006  290.4485821723938  7.734161764383316    0 9.662994  2459684.416311078
ie4h18umq_ima.fits  G102      0      3        9 59683.917696945005 291.41508400440216  8.700663596391678    1 9.662994 2459684.4169822596
ie4h18unq_ima.fits  G102      0      3       10    59683.918368425     292.3821182549  9.667697846889496    0 9.662994  2459684.417653811
ie4h18uoq_ima.fits  G102      0      3       11    59683.919039535  293.3486180752516 10.634197667241096    1 9.662994 2459684.4183249916
ie4h18upq_ima.fits  G102      0      3       12 59683.919711020004  294.3156576901674 11.601237282156944    0 9.662994  2459684.418996547
ie4h18uqq_ima.fits  G102      0      3       13 59683.920382134995  295.2821648865938 12.567744478583336    1 9.662994 2459684.4196677324
ie4h18urq_ima.fits  G102      0      3       14 59683.921053615006  296.2491964548826 13.534776046872139    0 9.662994  2459684.420339282
ie4h18usq_ima.fits  G102      0      3       15 59683.921724725005 297.21569560468197 14.501275196671486    1 9.662994  2459684.421010462
ie4h18utq_ima.fits  G102      0      3       16    59683.922396205 298.18272583186626 15.468305423855782    0 9.662994  2459684.421682011
ie4h18uuq_ima.fits  G102      0      3       17    59683.923067315 299.14922297000885 16.434802561998367    1 9.662994 2459684.4223531894
ie4h18uvq_ima.fits  G102      0      3       18    59683.923738795  300.1162525266409  17.40183211863041    0 9.662994 2459684.4230247377
ie4h18uwq_ima.fits  G102      0      3       19     59683.92440991 301.08275569975376  18.36833529174328    1 9.662994 2459684.4236959205
ie4h18uxq_ima.fits  G102      0      3       20     59683.92508139  302.0497839152813 19.335363507270813    0 9.662994  2459684.424367468
ie4h18uyq_ima.fits  G102      0      3       21 59683.925752505005 303.01628574728966 20.301865339279175    1 9.662994 2459684.4250386497
ie4h18uzq_ima.fits  G102      0      3       22    59683.926423985 303.98331195116043 21.268891543149948    0 9.662994 2459684.4257101957
ie4h18v0q_ima.fits  G102      0      3       23    59683.927095095  304.9498050659895  22.23538465797901    1 9.662994 2459684.4263813714
ie4h18v1q_ima.fits  G102      0      3       24    59683.927766575 305.91682992875576 23.202409520745277    0 9.662994 2459684.4270529165
ie4h18v2q_ima.fits  G102      0      3       25    59683.928437685  306.8833217024803 24.168901294469833    1 9.662994 2459684.4277240913
ie4h18v3q_ima.fits  G102      0      3       26 59683.929109164994  307.8503445535898 25.135924145579338    0 9.662994  2459684.428395635
ie4h18v4q_ima.fits  G102      0      3       27     59683.92978028  308.8168416917324 26.102421283721924    1 9.662994 2459684.4290668136
ie4h18v5q_ima.fits  G102      0      3       28    59683.930451765 309.78387124836445 27.069450840353966    0 9.662994  2459684.429738362
ie4h18v6q_ima.fits  G102      0      3       29    59683.931122875 310.75035832822323 28.035937920212746    1 9.662994 2459684.4304095334
ie4h18v7q_ima.fits  G102      0      3       30    59683.931794355   311.717379167676  29.00295875966549    0 9.662994 2459684.4310810757
ie4h18v8q_ima.fits  G102      0      3       31    59683.932465465  312.6838655769825 29.969445168972015    1 9.662994  2459684.431752247
ie4h18v9q_ima.fits  G102      0      3       32 59683.933136944994  313.6508844047785 30.936463996767998    0 9.662994 2459684.4324237877
ie4h18vaq_ima.fits  G102      0      3       33  59683.93380805499  314.6173694729805 31.902949064970016    1 9.662994  2459684.433094958
ie4h18vbq_ima.fits  G102      0      3       34 59683.934479535004   315.584386959672  32.86996655166149    0 9.662994 2459684.4337664978
ie4h18vcq_ima.fits  G102      0      3       35 59683.935150649995   316.550877392292  33.83645698428154    1 9.662994 2459684.4344376717
ie4h18vdq_ima.fits  G102      0      3       36    59683.935822135  317.5179002434015 34.803479835391045    0 9.662994 2459684.4351092153
ie4h18veq_ima.fits  G102      0      3       37    59683.936493245  318.4843832999468   35.7699628919363    1 9.662994  2459684.435780384
ie4h18vfq_ima.fits  G102      0      3       38  59683.93716472499   319.451397433877  36.73697702586651    0 9.662994 2459684.4364519217
ie4h18vgq_ima.fits  G102      0      3       39  59683.93783583499  320.4178784787655 37.703458070755005    1 9.662994  2459684.437123089
ie4h19viq_ima.fits  G102      0      4        0    59683.978298795  378.6899019777775                0.0    0 9.662994  2459684.477589772
ie4h19vjq_ima.fits  G102      0      4        1 59683.978970280004 379.65694427490234 0.9670422971248627    1 9.662994 2459684.4782613292
ie4h19vkq_ima.fits  G102      0      4        2 59683.979641390004 380.62344677746296 1.9335447996854782    0 9.662994 2459684.4789325115
ie4h19vlq_ima.fits  G102      0      4        3 59683.980312875006  381.5904890745878  2.900587096810341    1 9.662994 2459684.4796040687
ie4h19vmq_ima.fits  G102      0      4        4 59683.980983985006 382.55699157714844 3.8670895993709564    0 9.662994  2459684.480275251
ie4h19vnq_ima.fits  G102      0      4        5    59683.981655465  383.5240264981985  4.834124520421028    1 9.662994  2459684.480946803
ie4h19voq_ima.fits  G102      0      4        6    59683.982326575 384.49052833020687   5.80062635242939    0 9.662994  2459684.481617985
ie4h19vpq_ima.fits  G102      0      4        7    59683.982998055  385.4575625807047  6.767660602927208    1 9.662994 2459684.4822895364
ie4h19vqq_ima.fits  G102      0      4        8    59683.983669165  386.4240637421608  7.734161764383316    0 9.662994 2459684.4829607178
ie4h19vrq_ima.fits  G102      0      4        9     59683.98434065  387.3911053687334  8.701203390955925    1 9.662994 2459684.4836322744
ie4h19vsq_ima.fits  G102      0      4       10 59683.985011765006  388.3576125651598  9.667710587382317    0 9.662994   2459684.48430346
ie4h19vtq_ima.fits  G102      0      4       11    59683.985683245 389.32464614510536  10.63474416732788    1 9.662994  2459684.484975011
ie4h19vuq_ima.fits  G102      0      4       12    59683.986354355  390.2911452949047 11.601243317127228    0 9.662994  2459684.485646191
ie4h19vvq_ima.fits  G102      0      4       13    59683.987025835 391.25817753374577 12.568275555968285    1 9.662994  2459684.486317741
ie4h19vwq_ima.fits  G102      0      4       14    59683.987696945  392.2246766835451 13.534774705767632    0 9.662994  2459684.486988921
ie4h19vxq_ima.fits  G102      0      4       15 59683.988368424994 393.19170758128166 14.501805603504181    1 9.662994 2459684.4876604704
ie4h19vyq_ima.fits  G102      0      4       16 59683.989039534994 394.15820471942425 15.468302741646767    0 9.662994  2459684.488331649
ie4h19vzq_ima.fits  G102      0      4       17 59683.989711019996  395.1252416521311   16.4353396743536    1 9.662994 2459684.4890032024
ie4h19w0q_ima.fits  G102      0      4       18    59683.990382135 396.09174482524395  17.40184284746647    0 9.662994  2459684.489674385
ie4h19w1q_ima.fits  G102      0      4       19    59683.991053615  397.0587730407715 18.368871062994003    1 9.662994 2459684.4903459325
ie4h19w2q_ima.fits  G102      0      4       20    59683.991724725 398.02526749670506 19.335365518927574    0 9.662994 2459684.4910171092
ie4h19w3q_ima.fits  G102      0      4       21 59683.992396204994 398.99229504168034 20.302393063902855    1 9.662994  2459684.491688656
ie4h19w4q_ima.fits  G102      0      4       22 59683.993067314994 399.95878748595715 21.268885508179665    0 9.662994 2459684.4923598315
ie4h19w5q_ima.fits  G102      0      4       23 59683.993738795005  400.9258136898279 22.235911712050438    1 9.662994 2459684.4930313774
ie4h19w6q_ima.fits  G102      0      4       24 59683.994409909996   401.892312169075  23.20241019129753    0 9.662994  2459684.493702557
ie4h19w7q_ima.fits  G102      0      4       25     59683.99508139 402.85933569073677  24.16943371295929    1 9.662994  2459684.494374101
ie4h19w8q_ima.fits  G102      0      4       26    59683.995752505  403.8258334994316  25.13593152165413    0 9.662994   2459684.49504528
ie4h19w9q_ima.fits  G102      0      4       27 59683.996423984994  404.7928550094366 26.102953031659126    1 9.662994  2459684.495716823
ie4h19waq_ima.fits  G102      0      4       28 59683.997095094994 405.75934410095215 27.069442123174667    0 9.662994  2459684.496387996
ie4h19wbq_ima.fits  G102      0      4       29 59683.997766575005 406.72636426985264 28.036462292075157    1 9.662994 2459684.4970595376
ie4h19wcq_ima.fits  G102      0      4       30 59683.998437685004  407.6928513497114 29.002949371933937    0 9.662994  2459684.497730709
ie4h19wdq_ima.fits  G102      0      4       31    59683.999109165  408.6598701775074  29.96996819972992    1 9.662994   2459684.49840225
ie4h19weq_ima.fits  G102      0      4       32     59683.99978028 409.62636329233646 30.936461314558983    0 9.662994  2459684.499073426
ie4h19wiq_ima.fits  G102      0      4       33 59684.000451764994  410.5933874845505 31.903485506772995    1 9.662994 2459684.4997449704
ie4h19wjq_ima.fits  G102      0      4       34  59684.00112287499 411.55987188220024  32.86996990442276    0 9.662994   2459684.50041614
ie4h19wkq_ima.fits  G102      0      4       35 59684.001794355005  412.5268880277872  33.83698605000973    1 9.662994  2459684.501087679
ie4h19wlq_ima.fits  G102      0      4       36 59684.002465465004  413.4933704137802  34.80346843600273    0 9.662994 2459684.5017588474
ie4h19wmq_ima.fits  G102      0      4       37    59684.003136945  414.4603852182627  35.77048324048519    1 9.662994 2459684.5024303854
ie4h19wnq_ima.fits  G102      0      4       38    59684.003808055  415.4268669337034  36.73696495592594    0 9.662994 2459684.5031015533
ie4h19woq_ima.fits  G102      0      4       39    59684.004479535  416.3938803970814 37.703978419303894    1 9.662994 2459684.5037730904
ie4h20x1q_ima.fits  G102      0      5        0 59684.047233984995  477.9660187661648                0.0    0 9.662994   2459684.54653152
ie4h20x2q_ima.fits  G102      0      5        1 59684.047905465006  478.9330543577671 0.9670355916023254    1 9.662994 2459684.5472030723
ie4h20x3q_ima.fits  G102      0      5        2 59684.048576575005  479.8995555192232 1.9335367530584335    0 9.662994 2459684.5478742537
ie4h20x4q_ima.fits  G102      0      5        3    59684.049248055  480.8665904402733 2.9005716741085052    1 9.662994 2459684.5485458057
ie4h20x5q_ima.fits  G102      0      5        4    59684.049919165  481.8330916017294 3.8670728355646133    0 9.662994  2459684.549216987
ie4h20x6q_ima.fits  G102      0      5        5 59684.050590650004 482.80013255774975  4.834113791584969    1 9.662994 2459684.5498885433
ie4h20x7q_ima.fits  G102      0      5        6 59684.051261764995  483.7666404247284  5.800621658563614    0 9.662994 2459684.5505597293
ie4h20x8q_ima.fits  G102      0      5        7 59684.051933245006  484.7336733341217  6.767654567956924    1 9.662994   2459684.55123128
ie4h20x9q_ima.fits  G102      0      5        8 59684.052604355005  485.7001731544733  7.734154388308525    0 9.662994 2459684.5519024604
ie4h20xaq_ima.fits  G102      0      5        9    59684.053275835  486.6672047227621  8.701185956597328    1 9.662994   2459684.55257401
ie4h20xbq_ima.fits  G102      0      5       10    59684.053946945 487.63370387256145  9.667685106396675    0 9.662994   2459684.55324519
ie4h20xcq_ima.fits  G102      0      5       11    59684.054618425   488.600734770298 10.634716004133224    1 9.662994 2459684.5539167393
ie4h20xdq_ima.fits  G102      0      5       12    59684.055289535  489.5672319084406  11.60121314227581    0 9.662994  2459684.554587918
ie4h20xeq_ima.fits  G102      0      5       13     59684.05596102  490.5342688411474 12.568250074982643    1 9.662994 2459684.5552594713
ie4h20xfq_ima.fits  G102      0      5       14 59684.056632135005 491.50077268481255 13.534753918647766    0 9.662994 2459684.5559306545
ie4h20xgq_ima.fits  G102      0      5       15    59684.057303615  492.4678002297878 14.501781463623047    1 9.662994 2459684.5566022014
ie4h20xhq_ima.fits  G102      0      5       16    59684.057974725 493.43429535627365 15.468276590108871    0 9.662994 2459684.5572733786
ie4h20xiq_ima.fits  G102      0      5       17    59684.058646205  494.4013222306967   16.4353034645319    1 9.662994  2459684.557944925
ie4h20xjq_ima.fits  G102      0      5       18    59684.059317315 495.36781534552574 17.401796579360962    0 9.662994  2459684.558616101
ie4h20xkq_ima.fits  G102      0      5       19 59684.059988794994   496.334840208292 18.368821442127228    1 9.662994  2459684.559287646
ie4h20xmq_ima.fits  G102      0      5       20     59684.06065991 497.30133935809135 19.335320591926575    0 9.662994  2459684.559958826
ie4h20xnq_ima.fits  G102      0      5       21 59684.061331389996  498.2683628797531 20.302344113588333    1 9.662994   2459684.56063037
ie4h20xoq_ima.fits  G102      0      5       22    59684.062002505 499.23486068844795 21.268841922283173    0 9.662994  2459684.561301549
ie4h20xpq_ima.fits  G102      0      5       23    59684.062673985  500.2018828690052 22.235864102840424    1 9.662994  2459684.561973092
ie4h20xqq_ima.fits  G102      0      5       24    59684.063345095  501.1683712899685  23.20235252380371    0 9.662994 2459684.5626442647
ie4h20xrq_ima.fits  G102      0      5       25 59684.064016574994   502.135391458869   24.1693726927042    1 9.662994 2459684.5633158064
ie4h20xwq_ima.fits  G102      0      5       26  59684.06468768499 503.10187853872776  25.13585977256298    0 9.662994  2459684.563986978
ie4h20xxq_ima.fits  G102      0      5       27 59684.065359165004 504.06889736652374 26.102878600358963    1 9.662994  2459684.564658519
ie4h20xyq_ima.fits  G102      0      5       28 59684.066030279995  505.0353904813528 27.069371715188026    0 9.662994 2459684.5653296947
ie4h20xzq_ima.fits  G102      0      5       29    59684.066701765  506.0024146735668  28.03639590740204    1 9.662994  2459684.566001239
ie4h20y0q_ima.fits  G102      0      5       30    59684.067372875 506.96889840066433  29.00287963449955    0 9.662994 2459684.5666724085
ie4h20y1q_ima.fits  G102      0      5       31  59684.06804435499 507.93591521680355  29.96989645063877    1 9.662994  2459684.567343948
ie4h20y2q_ima.fits  G102      0      5       32  59684.06871546499  508.9023969322443  30.93637816607952    0 9.662994  2459684.568015116
ie4h20y3q_ima.fits  G102      0      5       33 59684.069386945004   509.869412407279 31.903393641114235    1 9.662994 2459684.5686866543
ie4h20y4q_ima.fits  G102      0      5       34 59684.070058055004 510.83589412271976 32.869875356554985    0 9.662994  2459684.569357822
ie4h20y5q_ima.fits  G102      0      5       35    59684.070729535  511.8029075860977  33.83688881993294    1 9.662994 2459684.5700293593
ie4h20y6q_ima.fits  G102      0      5       36 59684.071400650006  512.7693946659565  34.80337589979172    0 9.662994  2459684.570700531
ie4h20y7q_ima.fits  G102      0      5       37  59684.07207213499  513.7364141643047 35.770395398139954    1 9.662994  2459684.571372072
ie4h20y8q_ima.fits  G102      0      5       38  59684.07274324499  514.7028938680887  36.73687510192394    0 9.662994 2459684.5720432387
ie4h20y9q_ima.fits  G102      0      5       39 59684.073414725004  515.6699053198099 37.703886553645134    1 9.662994 2459684.5727147744
ie4h21yzq_ima.fits  G102      0      6        0     59684.11544028  576.1924148350954                0.0    0 9.662994  2459684.614744295
ie4h21z0q_ima.fits  G102      0      6        1     59684.11611139  577.1589159965515 0.9665011614561081    1 9.662994 2459684.6154154763
ie4h21z1q_ima.fits  G102      0      6        2 59684.116782875004  578.1259569525719 1.9335421174764633    0 9.662994 2459684.6160870325
ie4h21z2q_ima.fits  G102      0      6        3    59684.117453985  579.0924574434757 2.9000426083803177    1 9.662994 2459684.6167582134
ie4h21z3q_ima.fits  G102      0      6        4    59684.118125465   580.059490352869 3.8670755177736282    0 9.662994  2459684.617429764
ie4h21z4q_ima.fits  G102      0      6        5    59684.118796575  581.0259901732206  4.833575338125229    1 9.662994 2459684.6181009444
ie4h21z5q_ima.fits  G102      0      6        6 59684.119468054996   581.993023082614  5.800608247518539    0 9.662994  2459684.618772495
ie4h21z6q_ima.fits  G102      0      6        7 59684.120139164996  582.9595208913088  6.767106056213379    1 9.662994  2459684.619443674
ie4h21z7q_ima.fits  G102      0      6        8     59684.12081065  583.9265591651201  7.734144330024719    0 9.662994 2459684.6201152285
ie4h21z8q_ima.fits  G102      0      6        9    59684.121481765  584.8930643498898   8.70064951479435    1 9.662994 2459684.6207864126
ie4h21z9q_ima.fits  G102      0      6       10    59684.122153245  585.8600939065218  9.667679071426392    0 9.662994  2459684.621457961
ie4h21zaq_ima.fits  G102      0      6       11    59684.122824355  586.8265897035599  10.63417486846447    1 9.662994 2459684.6221291386
ie4h21zbq_ima.fits  G102      0      6       12 59684.123495834996  587.7936179190874 11.601203083992004    0 9.662994  2459684.622800686
ie4h21zcq_ima.fits  G102      0      6       13 59684.124166944996  588.7601130455732 12.567698210477829    1 9.662994  2459684.623471863
ie4h21zdq_ima.fits  G102      0      6       14  59684.12483842501  589.7271399199963 13.534725084900856    0 9.662994 2459684.6241434095
ie4h21zeq_ima.fits  G102      0      6       15 59684.125509535006  590.6936330348253  14.50121819972992    1 9.662994 2459684.6248145853
ie4h21zfq_ima.fits  G102      0      6       16 59684.126181019994  591.6606652736664 15.468250438570976    0 9.662994 2459684.6254861355
ie4h21zgq_ima.fits  G102      0      6       17    59684.126852135   592.627165094018 16.434750258922577    1 9.662994  2459684.626157316
ie4h21zhq_ima.fits  G102      0      6       18 59684.127523614996  593.5941886156797 17.401773780584335    0 9.662994   2459684.62682886
ie4h21ziq_ima.fits  G102      0      6       19 59684.128194724995  594.5606783777475  18.36826354265213    1 9.662994 2459684.6275000335
ie4h21zkq_ima.fits  G102      0      6       20  59684.12886620501  595.5277005583048  19.33528572320938    0 9.662994 2459684.6281715767
ie4h21zlq_ima.fits  G102      0      6       21 59684.129537315006  596.4941889792681  20.30177414417267    1 9.662994  2459684.628842749
ie4h21zmq_ima.fits  G102      0      6       22    59684.130208795  597.4612098187208 21.268794983625412    0 9.662994 2459684.6295142914
ie4h21znq_ima.fits  G102      0      6       23     59684.13087991  598.4277042746544 22.235289439558983    1 9.662994  2459684.630185468
ie4h21zoq_ima.fits  G102      0      6       24 59684.131551390004  599.3947231024504 23.202308267354965    0 9.662994  2459684.630857009
ie4h21zpq_ima.fits  G102      0      6       25 59684.132222504995  600.3612155467272 24.168800711631775    1 9.662994 2459684.6315281843
ie4h21zqq_ima.fits  G102      0      6       26  59684.13289398501  601.3282330334187  25.13581819832325    0 9.662994  2459684.632199724
ie4h21zrq_ima.fits  G102      0      6       27 59684.133565095006  602.2947167605162  26.10230192542076    1 9.662994 2459684.6328708935
ie4h21zsq_ima.fits  G102      0      6       28    59684.134236575  603.2617335766554 27.069318741559982    0 9.662994  2459684.633542433
ie4h21ztq_ima.fits  G102      0      6       29    59684.134907685  604.2282159626484 28.035801127552986    1 9.662994 2459684.6342136012
ie4h21zuq_ima.fits  G102      0      6       30    59684.135579165  605.1952307671309 29.002815932035446    0 9.662994 2459684.6348851393
ie4h21zvq_ima.fits  G102      0      6       31 59684.136250280004  606.1617191880941 29.969304352998734    1 9.662994  2459684.635556312
ie4h21zwq_ima.fits  G102      0      6       32 59684.136921765006  607.1287400275469 30.936325192451477    0 9.662994  2459684.636227854
ie4h21zxq_ima.fits  G102      0      6       33 59684.137592875006  608.0952204018831  31.90280556678772    1 9.662994  2459684.636899021
ie4h21zyq_ima.fits  G102      0      6       34    59684.138264355  609.0622331947088  32.86981835961342    0 9.662994 2459684.6375705577
ie4h21zzq_ima.fits  G102      0      6       35    59684.138935465  610.0287128984928  33.83629806339741    1 9.662994  2459684.638241724
ie4h21a1q_ima.fits  G102      0      6       36    59684.139606945  610.9957250207663  34.80331018567085    0 9.662994 2459684.6389132603
ie4h21a2q_ima.fits  G102      0      6       37    59684.140278055  611.9622027128935  35.76978787779808    1 9.662994 2459684.6395844254
ie4h21a3q_ima.fits  G102      0      6       38 59684.140949534994  612.9292148351669 36.736800000071526    0 9.662994 2459684.6402559616
ie4h21a4q_ima.fits  G102      0      6       39     59684.14162065  613.8956992328167  37.70328439772129    1 9.662994 2459684.6409271313
ie4h22a8q_ima.fits  G102      0      7        0    59684.182523615  672.8015763312578                0.0    0 9.662994 2459684.6818339904
ie4h22a9q_ima.fits  G102      0      7        1    59684.183194725  673.7680768221617 0.9665004909038544    1 9.662994 2459684.6825051713
ie4h22aaq_ima.fits  G102      0      7        2    59684.183866205  674.7351110726595 1.9335347414016724    0 9.662994  2459684.683176723
ie4h22abq_ima.fits  G102      0      7        3    59684.184537315  675.7016102224588 2.9000338912010193    1 9.662994  2459684.683847903
ie4h22acq_ima.fits  G102      0      7        4 59684.185208794996  676.6686431318521   3.86706680059433    0 9.662994 2459684.6845194534
ie4h22adq_ima.fits  G102      0      7        5     59684.18587991   677.635148987174  4.833572655916214    1 9.662994  2459684.685190638
ie4h22aeq_ima.fits  G102      0      7        6     59684.18655139  678.6021812260151  5.800604894757271    0 9.662994  2459684.685862188
ie4h22afq_ima.fits  G102      0      7        7    59684.187222505  679.5686857402325 6.7671094089746475    1 9.662994  2459684.686533372
ie4h22agq_ima.fits  G102      0      7        8    59684.187893985  680.5357159674168  7.734139636158943    0 9.662994 2459684.6872049207
ie4h22ahq_ima.fits  G102      0      7        9    59684.188565095  681.5022124350071  8.700636103749275    1 9.662994  2459684.687876099
ie4h22aiq_ima.fits  G102      0      7       10 59684.189236574995  682.4692413210869  9.667664989829063    0 9.662994 2459684.6885476466
ie4h22ajq_ima.fits  G102      0      7       11 59684.189907684995  683.4357364475727 10.634160116314888    1 9.662994  2459684.689218824
ie4h22akq_ima.fits  G102      0      7       12 59684.190579165006   684.402763992548 11.601187661290169    0 9.662994 2459684.6898903707
ie4h22alq_ima.fits  G102      0      7       13     59684.19125028  685.3692651540041 12.567688822746277    1 9.662994  2459684.690561552
ie4h22amq_ima.fits  G102      0      7       14    59684.191921765  686.3362980633974 13.534721732139587    0 9.662994 2459684.6912331027
ie4h22anq_ima.fits  G102      0      7       15    59684.192592875  687.3027905076742 14.501214176416397    1 9.662994  2459684.691904278
ie4h22aoq_ima.fits  G102      0      7       16 59684.193264354995  688.2698146998882  15.46823836863041    0 9.662994 2459684.6925758226
ie4h22apq_ima.fits  G102      0      7       17 59684.193935464995  689.2363058030605  16.43472947180271    1 9.662994  2459684.693246997
ie4h22aqq_ima.fits  G102      0      7       18 59684.194606945006  690.2033279836178 17.401751652359962    0 9.662994   2459684.69391854
ie4h22arq_ima.fits  G102      0      7       19 59684.195278055005  691.1698170751333 18.368240743875504    1 9.662994  2459684.694589713
ie4h22asq_ima.fits  G102      0      7       20    59684.195949535  692.1368385851383   19.3352622538805    0 9.662994  2459684.695261256
ie4h22atq_ima.fits  G102      0      7       21     59684.19662065  693.1033337116241 20.301757380366325    1 9.662994  2459684.695932433
ie4h22auq_ima.fits  G102      0      7       22 59684.197292134995  694.0703599154949   21.2687835842371    0 9.662994  2459684.696603979
ie4h22avq_ima.fits  G102      0      7       23 59684.197963244995  695.0368463248014 22.235269993543625    1 9.662994   2459684.69727515
ie4h22awq_ima.fits  G102      0      7       24 59684.198634725006  696.0038644820452 23.202288150787354    0 9.662994 2459684.6979466905
ie4h22axq_ima.fits  G102      0      7       25 59684.199305835005  696.9703488796949  24.16877254843712    1 9.662994   2459684.69861786
ie4h22ayq_ima.fits  G102      0      7       26    59684.199977315  697.9373650252819 25.135788694024086    0 9.662994  2459684.699289399
ie4h22azq_ima.fits  G102      0      7       27    59684.200648425  698.9038487523794 26.102272421121597    1 9.662994 2459684.6999605685
ie4h22b0q_ima.fits  G102      0      7       28 59684.201319910004  699.8708709329367  27.06929460167885    0 9.662994 2459684.7006321116
ie4h22b1q_ima.fits  G102      0      7       29     59684.20199102  700.8373526483774   28.0357763171196    1 9.662994 2459684.7013032795
ie4h22b2q_ima.fits  G102      0      7       30 59684.202662505006  701.8043748289347  29.00279849767685    0 9.662994 2459684.7019748227
ie4h22b3q_ima.fits  G102      0      7       31 59684.203333615005  702.7708545327187  29.96927820146084    1 9.662994  2459684.702645989
ie4h22b4q_ima.fits  G102      0      7       32    59684.204005095  703.7378679960966  30.93629166483879    0 9.662994 2459684.7033175263
ie4h22b5q_ima.fits  G102      0      7       33    59684.204676205  704.7043476998806  31.90277136862278    1 9.662994 2459684.7039886927
ie4h22b6q_ima.fits  G102      0      7       34    59684.205347685   705.671359822154 32.869783490896225    0 9.662994  2459684.704660229
ie4h22b7q_ima.fits  G102      0      7       35    59684.206018795  706.6378381848335  33.83626185357571    1 9.662994 2459684.7053313944
ie4h22b8q_ima.fits  G102      0      7       36     59684.20669028  707.6048570126295  34.80328068137169    0 9.662994 2459684.7060029353
ie4h22b9q_ima.fits  G102      0      7       37     59684.20736139   708.571335375309  35.76975904405117    1 9.662994  2459684.706674101
ie4h22baq_ima.fits  G102      0      7       38    59684.208032875  709.5383535325527   36.7367772012949    0 9.662994  2459684.707345641
ie4h22bbq_ima.fits  G102      0      7       39    59684.208703985    710.50483122468  37.70325489342213    1 9.662994 2459684.7080168063
================== ===== ====== ====== ======== ================== ================== ================== ==== ======== ==================
