# %ECSV 1.0
# ---
# datatype:
# - {name: t_mjd, datatype: float64}
# - {name: t_bjd, datatype: float64}
# - {name: t_visit, datatype: float64}
# - {name: t_orbit, datatype: float64}
# - {name: ivisit, datatype: float64}
# - {name: iorbit, datatype: float64}
# - {name: scan, datatype: float64}
# - {name: spec_opt, datatype: float64}
# - {name: var_opt, datatype: float64}
# - {name: wave, datatype: float64}
# schema: astropy-2.0
t_mjd t_bjd t_visit t_orbit ivisit iorbit scan spec_opt var_opt wave
59683.716215465 2459684.2154816925 1.2542673200368881 1.2542673200368881 0.0 0.0 0.0 3629850.7228329973 314064.9408388004 0.9118181818181817
59683.716886944996 2459684.2161532445 2.22130224108696 2.22130224108696 0.0 0.0 1.0 3702531.559989304 320297.3594182235 0.9118181818181817
59683.717558054996 2459684.2168244263 3.1878040730953217 3.1878040730953217 0.0 0.0 0.0 3655256.963424563 316215.1512124777 0.9118181818181817
59683.71822953501 2459684.217495978 4.15483832359314 4.15483832359314 0.0 0.0 1.0 3715144.412522684 321372.11193084205 0.9118181818181817
59683.71890065 2459684.218167164 5.121346190571785 5.121346190571785 0.0 0.0 0.0 3664792.1146607324 317021.82389094844 0.9118181818181817
59683.719572135 2459684.21883872 6.08838714659214 6.08838714659214 0.0 0.0 1.0 3723189.7344819647 322050.75079775037 0.9118181818181817
59683.720243245 2459684.219509901 7.054887637495995 7.054887637495995 0.0 0.0 0.0 3671715.36824418 317607.4056724168 0.9118181818181817
59683.720914724996 2459684.220181452 8.021921217441559 8.021921217441559 0.0 0.0 1.0 3726901.835179382 322350.8594687386 0.9118181818181817
59683.721585834995 2459684.220852632 8.988420367240906 8.988420367240906 0.0 0.0 0.0 3675619.381183968 317937.7939355212 0.9118181818181817
59683.72225731501 2459684.2215241822 9.955452606081963 9.955452606081963 0.0 0.0 1.0 3729247.431337312 322551.3312580259 0.9118181818181817
59683.722928425006 2459684.2221953617 10.921951085329056 10.921951085329056 0.0 0.0 0.0 3677056.079562865 318051.02932108997 0.9118181818181817
59683.72359991 2459684.2228669156 11.888988688588142 11.888988688588142 0.0 0.0 1.0 3730084.6372630284 322618.4985600756 0.9118181818181817
59683.72427102 2459684.2235380947 12.855486497282982 12.855486497282982 0.0 0.0 0.0 3678877.660205205 318210.1342259954 0.9118181818181817
59683.724942504996 2459684.224209648 13.822523429989815 13.822523429989815 0.0 0.0 1.0 3730993.2631976716 322692.7686864874 0.9118181818181817
59683.725613614995 2459684.2248808257 14.789019227027893 14.789019227027893 0.0 0.0 0.0 3679273.5999866994 318244.8700769402 0.9118181818181817
59683.72628509501 2459684.225552373 15.756047442555428 15.756047442555428 0.0 0.0 1.0 3731976.0837073727 322790.5282962437 0.9118181818181817
59683.726956205006 2459684.22622355 16.722541898489 16.722541898489 0.0 0.0 0.0 3680159.75716446 318309.4177455804 0.9118181818181817
59683.727627685 2459684.2268950962 17.689568772912025 17.689568772912025 0.0 0.0 1.0 3731849.843168925 322755.7463876997 0.9118181818181817
59683.728298795 2459684.227566272 18.65606188774109 18.65606188774109 0.0 0.0 0.0 3681518.36666267 318431.74683664215 0.9118181818181817
59683.728970280004 2459684.228237822 19.623094126582146 19.623094126582146 0.0 0.0 1.0 3733627.5741564035 322918.05549256655 0.9118181818181817
59683.729641390004 2459684.228908997 20.5895859003067 20.5895859003067 0.0 0.0 0.0 3681604.2540807724 318447.05340117746 0.9118181818181817
59683.730312875006 2459684.229580546 21.556616127490997 21.556616127490997 0.0 0.0 1.0 3733851.8479216727 322926.65296455636 0.9118181818181817
59683.730983985006 2459684.2302517197 22.523106560111046 22.523106560111046 0.0 0.0 0.0 3681028.145417421 318387.56505176646 0.9118181818181817
59683.731655465 2459684.2309232624 23.490128070116043 23.490128070116043 0.0 0.0 1.0 3733246.5324075646 322880.8957732631 0.9118181818181817
59683.732326575 2459684.231594435 24.45661649107933 24.45661649107933 0.0 0.0 0.0 3681510.043565137 318427.2383410003 0.9118181818181817
59683.732998055 2459684.2322659767 25.42363665997982 25.42363665997982 0.0 0.0 1.0 3734181.894905958 322978.47184725344 0.9118181818181817
59683.733669165 2459684.2329371483 26.3901237398386 26.3901237398386 0.0 0.0 0.0 3681822.113380615 318457.02313739184 0.9118181818181817
59683.73434065 2459684.2336086943 27.357149943709373 27.357149943709373 0.0 0.0 1.0 3732886.2957060346 322855.15668690135 0.9118181818181817
59683.735011765006 2459684.234279869 28.32364171743393 28.32364171743393 0.0 0.0 0.0 3681770.5775173903 318459.3716584918 0.9118181818181817
59683.735683245 2459684.2349514095 29.290659874677658 29.290659874677658 0.0 0.0 1.0 3734650.4026998016 323012.3890850024 0.9118181818181817
59683.736354355 2459684.2356225783 30.257142931222916 30.257142931222916 0.0 0.0 0.0 3681592.3245231286 318451.91529775166 0.9118181818181817
59683.737025835 2459684.2362941173 31.224159076809883 31.224159076809883 0.0 0.0 1.0 3732389.166858488 322803.6104327208 0.9118181818181817
59683.737696945 2459684.2369652856 32.19064146280289 32.19064146280289 0.0 0.0 0.0 3681870.831586987 318454.96465668257 0.9118181818181817
59683.738368424994 2459684.2376368237 33.15765626728535 33.15765626728535 0.0 0.0 1.0 3733244.7825116017 322895.3875260102 0.9118181818181817
59683.739039534994 2459684.238307991 34.12413731217384 34.12413731217384 0.0 0.0 0.0 3681387.2375178463 318428.5041720101 0.9118181818181817
59683.739711019996 2459684.2389795333 35.09115815162659 35.09115815162659 0.0 0.0 1.0 3733104.6310380027 322870.0967256795 0.9118181818181817
59683.740382135 2459684.239650705 36.05764523148537 36.05764523148537 0.0 0.0 0.0 3681218.5422237646 318398.4000285871 0.9118181818181817
59683.741053615 2459684.240322241 37.02465735375881 37.02465735375881 0.0 0.0 1.0 3733697.463972635 322915.4179326597 0.9118181818181817
59683.741724725 2459684.240993407 37.99113638699055 37.99113638699055 0.0 0.0 0.0 3681729.961388683 318446.5833349393 0.9118181818181817
59683.742396204994 2459684.2416649433 38.95814850926399 38.95814850926399 0.0 0.0 1.0 3733437.4420146574 322894.0183753351 0.9118181818181817
59683.779259535004 2459684.2785316817 92.04625189304352 0.0 0.0 1.0 0.0 3673210.0781395882 317726.2187039477 0.9118181818181817
59683.77993102 2459684.279203239 93.01329419016838 0.9670422971248627 0.0 1.0 1.0 3728849.989161837 322471.94515174767 0.9118181818181817
59683.780602135 2459684.279874426 93.97980339825153 1.9335515052080154 0.0 1.0 0.0 3676070.811063281 317961.3342755826 0.9118181818181817
59683.78127361499 2459684.2805459783 94.94683898985386 2.900587096810341 0.0 1.0 1.0 3729874.515813464 322589.6219640491 0.9118181818181817
59683.78194472499 2459684.28121716 95.91334082186222 3.8670889288187027 0.0 1.0 0.0 3677061.185092925 318046.9083062771 0.9118181818181817
59683.782616205004 2459684.281888712 96.88037574291229 4.834123849868774 0.0 1.0 1.0 3729611.269231896 322545.9980557447 0.9118181818181817
59683.783287315004 2459684.2825598945 97.84687824547291 5.80062635242939 0.0 1.0 0.0 3676647.7754071993 318021.2723455779 0.9118181818181817
59683.783958795 2459684.283231446 98.81391249597073 6.767660602927208 0.0 1.0 1.0 3732312.4387435764 322773.8330235056 0.9118181818181817
59683.784629910006 2459684.2839026325 99.78042103350163 7.734169140458107 0.0 1.0 0.0 3678810.5593902976 318198.67680204875 0.9118181818181817
59683.78530139 2459684.284574184 100.74745528399944 8.701203390955925 0.0 1.0 1.0 3731010.978535014 322665.2593419556 0.9118181818181817
59683.78597250499 2459684.28524537 101.71396315097809 9.66771125793457 0.0 1.0 0.0 3677820.2089558654 318108.64263008145 0.9118181818181817
59683.786643985004 2459684.285916921 102.68099673092365 10.634744837880135 0.0 1.0 1.0 3730868.6091748723 322646.03128878144 0.9118181818181817
59683.787315095 2459684.286588101 103.647495880723 11.601243987679482 0.0 1.0 0.0 3677148.1705038734 318050.4314566835 0.9118181818181817
59683.787986575 2459684.287259652 104.61452879011631 12.568276897072792 0.0 1.0 1.0 3730792.6505550924 322657.1264421704 0.9118181818181817
59683.788657685 2459684.2879308313 105.5810272693634 13.534775376319885 0.0 1.0 0.0 3677654.987205114 318093.4166352693 0.9118181818181817
59683.789329164996 2459684.2886023815 106.54805950820446 14.501807615160942 0.0 1.0 1.0 3731363.5453215907 322681.19109133765 0.9118181818181817
59683.79000028 2459684.289273565 107.51456402242184 15.468312129378319 0.0 1.0 0.0 3678089.4461995717 318115.63621445844 0.9118181818181817
59683.790671765004 2459684.2899451186 108.48160095512867 16.43534906208515 0.0 1.0 1.0 3730365.5691321627 322606.5662429956 0.9118181818181817
59683.791342875 2459684.290616297 109.44809809327126 17.401846200227737 0.0 1.0 0.0 3676814.225679472 318020.9517988034 0.9118181818181817
59683.792014355 2459684.2912878445 110.41512630879879 18.368874415755272 0.0 1.0 1.0 3731416.979547489 322705.9226956989 0.9118181818181817
59683.792685465 2459684.2919590217 111.38162143528461 19.335369542241096 0.0 1.0 0.0 3678570.579206632 318177.17446308077 0.9118181818181817
59683.793356944996 2459684.292630568 112.34864830970764 20.302396416664124 0.0 1.0 1.0 3730249.7644406282 322604.6342374728 0.9118181818181817
59683.794028054996 2459684.2933017444 113.31514209508896 21.26889020204544 0.0 1.0 0.0 3677569.944579898 318095.95815977786 0.9118181818181817
59683.79469953501 2459684.29397329 114.28216762840748 22.23591573536396 0.0 1.0 1.0 3730623.212038177 322635.33243836457 0.9118181818181817
59683.79537065 2459684.2946444703 115.24866744875908 23.20241555571556 0.0 1.0 0.0 3677754.5676674694 318109.91837248125 0.9118181818181817
59683.796042135 2459684.29531602 116.21569901704788 24.169447124004364 0.0 1.0 1.0 3729458.776047709 322536.3981674602 0.9118181818181817
59683.796713245 2459684.295987194 117.18218944966793 25.135937556624413 0.0 1.0 0.0 3677127.245826854 318066.5105386379 0.9118181818181817
59683.797384724996 2459684.296658737 118.14921163022518 26.102959737181664 0.0 1.0 1.0 3728504.4562212247 322449.3105486186 0.9118181818181817
59683.798055834995 2459684.29732991 119.11570072174072 27.069448828697205 0.0 1.0 0.0 3677012.107773684 318034.72565496905 0.9118181818181817
59683.79872731501 2459684.2980014523 120.08272156119347 28.036469668149948 0.0 1.0 1.0 3727922.7896834733 322419.3998629981 0.9118181818181817
59683.799398425006 2459684.2986726244 121.0492093116045 29.00295741856098 0.0 1.0 0.0 3677029.272520407 318049.4046059055 0.9118181818181817
59683.80006991 2459684.2993441704 122.01623551547527 29.969983622431755 0.0 1.0 1.0 3728976.56174477 322502.6741643683 0.9118181818181817
59683.80074102 2459684.300015341 122.98272125422955 30.936469361186028 0.0 1.0 0.0 3676223.2721185545 317975.31630777614 0.9118181818181817
59683.801412504996 2459684.3006868865 123.94974678754807 31.903494894504547 0.0 1.0 1.0 3729580.2715422404 322544.4820083319 0.9118181818181817
59683.802083614995 2459684.3013580563 124.91623118519783 32.86997929215431 0.0 1.0 0.0 3676095.5984000983 317968.004833945 0.9118181818181817
59683.80275509501 2459684.3020295952 125.8832473307848 33.83699543774128 0.0 1.0 1.0 3729453.302154017 322539.89523306466 0.9118181818181817
59683.803426205006 2459684.302700764 126.84973038733006 34.80347849428654 0.0 1.0 0.0 3676725.838062252 318016.17909014306 0.9118181818181817
59683.804097685 2459684.303372302 127.81674519181252 35.770493298769 0.0 1.0 1.0 3728470.732381901 322452.8220360654 0.9118181818181817
59683.804768795 2459684.30404347 128.78322690725327 36.73697501420975 0.0 1.0 0.0 3676159.1508360733 317974.77379097254 0.9118181818181817
59683.805440280004 2459684.304715012 129.750247746706 37.70399585366249 0.0 1.0 1.0 3728514.961767665 322464.1211618279 0.9118181818181817
59683.845463245 2459684.344741652 187.38860875368118 0.0 0.0 2.0 0.0 3667699.1484886007 317252.87693933217 0.9118181818181817
59683.846134725 2459684.345413204 188.35564367473125 0.9670349210500717 0.0 2.0 1.0 3723772.528701271 322059.5772586204 0.9118181818181817
59683.846805835 2459684.346084386 189.32214617729187 1.9335374236106873 0.0 2.0 0.0 3671387.110342864 317573.8337320172 0.9118181818181817
59683.847477314994 2459684.346755938 190.28918109834194 2.900572344660759 0.0 2.0 1.0 3725355.3797399746 322199.23990650254 0.9118181818181817
59683.84814842499 2459684.3474271204 191.25568360090256 3.8670748472213745 0.0 2.0 0.0 3671904.136852765 317602.8689838341 0.9118181818181817
59683.848819909996 2459684.3480986776 192.22272589802742 4.834117144346237 0.0 2.0 1.0 3724494.442222397 322102.5047303382 0.9118181818181817
59683.849491019995 2459684.3487698594 193.18922773003578 5.800618976354599 0.0 2.0 0.0 3672060.465700891 317630.1387706251 0.9118181818181817
59683.850162505 2459684.3494414166 194.15627002716064 6.767661273479462 0.0 2.0 1.0 3723963.458818042 322076.69013212516 0.9118181818181817
59683.850833615 2459684.3501125975 195.1227705180645 7.734161764383316 0.0 2.0 0.0 3671587.768392045 317570.9623509624 0.9118181818181817
59683.85150509499 2459684.3507841495 196.08980543911457 8.701196685433388 0.0 2.0 1.0 3726152.416015547 322270.03229237953 0.9118181818181817
59683.85217620499 2459684.3514553304 197.05630593001842 9.667697176337242 0.0 2.0 0.0 3675394.383335684 317904.27134647116 0.9118181818181817
59683.852847685004 2459684.3521268815 198.023339509964 10.634730756282806 0.0 2.0 1.0 3725730.7848336925 322221.5724906494 0.9118181818181817
59683.853518795004 2459684.352798062 198.9898393303156 11.601230576634407 0.0 2.0 0.0 3673986.255749672 317788.5386410055 0.9118181818181817
59683.85419028 2459684.353469617 199.95687894523144 12.568270191550255 0.0 2.0 1.0 3726355.124236113 322280.73195051483 0.9118181818181817
59683.854861390006 2459684.3541407967 200.92337742447853 13.534768670797348 0.0 2.0 0.0 3674284.8536157454 317813.0056691703 0.9118181818181817
59683.85553287499 2459684.354812351 201.89041569828987 14.501806944608688 0.0 2.0 1.0 3725727.161240566 322205.6755904925 0.9118181818181817
59683.85620398499 2459684.3554835306 202.85691417753696 15.468305423855782 0.0 2.0 0.0 3672650.675476511 317657.3500194223 0.9118181818181817
59683.856875465004 2459684.356155079 203.823943734169 16.435334980487823 0.0 2.0 1.0 3726672.564183451 322308.33672554826 0.9118181818181817
59683.857546575004 2459684.3568262574 204.7904408723116 17.40183211863041 0.0 2.0 0.0 3672310.0876882393 317640.5158170518 0.9118181818181817
59683.858218055 2459684.3574978053 205.75746975839138 18.368861004710197 0.0 2.0 1.0 3726052.9279750832 322244.0046976821 0.9118181818181817
59683.858889165 2459684.358168982 206.72396421432495 19.33535546064377 0.0 2.0 0.0 3672597.520405541 317661.66648897436 0.9118181818181817
59683.85956065 2459684.3588405335 207.69099846482277 20.302389711141586 0.0 2.0 1.0 3724885.909497418 322160.6652154918 0.9118181818181817
59683.86023176499 2459684.3595117154 208.65750029683113 21.268891543149948 0.0 2.0 0.0 3672412.636974263 317657.2951657776 0.9118181818181817
59683.860903245004 2459684.360183261 209.62452583014965 22.235917076468468 0.0 2.0 1.0 3724251.282327202 322088.3040709378 0.9118181818181817
59683.861574355 2459684.3608544357 210.5910176038742 23.202408850193024 0.0 2.0 0.0 3671578.556240016 317585.07055816834 0.9118181818181817
59683.862245835 2459684.3615259803 211.55804179608822 24.169433042407036 0.0 2.0 1.0 3724281.03314108 322097.5558360528 0.9118181818181817
59683.862916945 2459684.362197154 212.52453222870827 25.135923475027084 0.0 2.0 0.0 3672149.3587345956 317634.61998006434 0.9118181818181817
59683.863588424996 2459684.362868698 213.49155507981777 26.10294632613659 0.0 2.0 1.0 3724369.9646738945 322111.1234199957 0.9118181818181817
59683.864259534996 2459684.363539871 214.4580441713333 27.06943541765213 0.0 2.0 0.0 3671370.904693093 317561.74966876535 0.9118181818181817
59683.86493102 2459684.3642114177 215.4250717163086 28.03646296262741 0.0 2.0 1.0 3723908.8563258355 322068.6586201328 0.9118181818181817
59683.865602135 2459684.364882595 216.39156684279442 29.002958089113235 0.0 2.0 0.0 3671285.1258772365 317565.9487387926 0.9118181818181817
59683.866273615 2459684.365554136 217.35858634114265 29.96997758746147 0.0 2.0 1.0 3723465.5870301784 322022.71104721335 0.9118181818181817
59683.866944725 2459684.366225307 218.32507207989693 30.936463326215744 0.0 2.0 0.0 3671611.961400799 317583.7020203751 0.9118181818181817
59683.867616204996 2459684.366896847 219.2920895665884 31.90348081290722 0.0 2.0 1.0 3723692.685614193 322048.4459653375 0.9118181818181817
59683.868287314996 2459684.367568017 220.25857463479042 32.86996588110924 0.0 2.0 0.0 3670184.1129601044 317464.88615075615 0.9118181818181817
59683.86895879501 2459684.368239556 221.2255907803774 33.836982026696205 0.0 2.0 1.0 3724056.2234309292 322093.5154303611 0.9118181818181817
59683.86962991 2459684.36891073 222.19208121299744 34.803472459316254 0.0 2.0 0.0 3670827.053755093 317518.0503880616 0.9118181818181817
59683.870301389994 2459684.369582268 223.1590960174799 35.770487263798714 0.0 2.0 1.0 3724698.528078548 322131.0612858209 0.9118181818181817
59683.870972505 2459684.3702534405 224.12558443844318 36.736975684762 0.0 2.0 0.0 3670655.507519156 317514.726757797 0.9118181818181817
59683.871643984996 2459684.3709249785 225.09259924292564 37.70399048924446 0.0 2.0 1.0 3723760.097562541 322060.7866896363 0.9118181818181817
59683.911655464995 2459684.410940132 282.7144204080105 0.0 0.0 3.0 0.0 3659120.1489171176 316532.9810955408 0.9118181818181817
59683.912326574995 2459684.411611314 283.68092224001884 0.9665018320083618 0.0 3.0 1.0 3714152.712462361 321234.3014854532 0.9118181818181817
59683.912998055006 2459684.4122828664 284.64795783162117 1.9335374236106873 0.0 3.0 0.0 3662198.542630313 316788.7731169283 0.9118181818181817
59683.913669165006 2459684.4129540487 285.6144603341818 2.900039926171303 0.0 3.0 1.0 3716166.2301836945 321408.0193308056 0.9118181818181817
59683.91434065 2459684.413625606 286.58150263130665 3.8670822232961655 0.0 3.0 0.0 3663644.872181155 316919.2312076757 0.9118181818181817
59683.915011765 2459684.414296793 287.5480118393898 4.833591431379318 0.0 3.0 1.0 3715955.16871401 321382.66662913933 0.9118181818181817
59683.915683244995 2459684.4149683444 288.5150460898876 5.800625681877136 0.0 3.0 0.0 3662220.7951174984 316789.067500897 0.9118181818181817
59683.916354354995 2459684.4156395267 289.48154859244823 6.767128184437752 0.0 3.0 1.0 3717055.658347972 321484.6927303788 0.9118181818181817
59683.917025835006 2459684.416311078 290.4485821723938 7.734161764383316 0.0 3.0 0.0 3663451.7845119713 316891.7712825348 0.9118181818181817
59683.917696945005 2459684.4169822596 291.41508400440216 8.700663596391678 0.0 3.0 1.0 3716497.0836363044 321419.0044974613 0.9118181818181817
59683.918368425 2459684.417653811 292.3821182549 9.667697846889496 0.0 3.0 0.0 3663193.2872070437 316867.5277353124 0.9118181818181817
59683.919039535 2459684.4183249916 293.3486180752516 10.634197667241096 0.0 3.0 1.0 3716582.2554128086 321438.45069641876 0.9118181818181817
59683.919711020004 2459684.418996547 294.3156576901674 11.601237282156944 0.0 3.0 0.0 3663741.7495279997 316918.2354849457 0.9118181818181817
59683.920382134995 2459684.4196677324 295.2821648865938 12.567744478583336 0.0 3.0 1.0 3716724.3140330953 321453.36346573965 0.9118181818181817
59683.921053615006 2459684.420339282 296.2491964548826 13.534776046872139 0.0 3.0 0.0 3664081.8358553913 316940.0367507828 0.9118181818181817
59683.921724725005 2459684.421010462 297.21569560468197 14.501275196671486 0.0 3.0 1.0 3717102.3601112016 321468.30184487125 0.9118181818181817
59683.922396205 2459684.421682011 298.18272583186626 15.468305423855782 0.0 3.0 0.0 3663857.3601606893 316920.53421697847 0.9118181818181817
59683.923067315 2459684.4223531894 299.14922297000885 16.434802561998367 0.0 3.0 1.0 3716935.1299871793 321466.85056269926 0.9118181818181817
59683.923738795 2459684.4230247377 300.1162525266409 17.40183211863041 0.0 3.0 0.0 3663476.53738423 316903.1777964477 0.9118181818181817
59683.92440991 2459684.4236959205 301.08275569975376 18.36833529174328 0.0 3.0 1.0 3716598.705416003 321436.2922882272 0.9118181818181817
59683.92508139 2459684.424367468 302.0497839152813 19.335363507270813 0.0 3.0 0.0 3663446.627963602 316900.0045613345 0.9118181818181817
59683.925752505005 2459684.4250386497 303.01628574728966 20.301865339279175 0.0 3.0 1.0 3716245.0399927683 321411.3595635929 0.9118181818181817
59683.926423985 2459684.4257101957 303.98331195116043 21.268891543149948 0.0 3.0 0.0 3662632.497917492 316832.2241461401 0.9118181818181817
59683.927095095 2459684.4263813714 304.9498050659895 22.23538465797901 0.0 3.0 1.0 3714614.4753613244 321265.3359658231 0.9118181818181817
59683.927766575 2459684.4270529165 305.91682992875576 23.202409520745277 0.0 3.0 0.0 3659346.44161344 316551.4672793067 0.9118181818181817
59683.928437685 2459684.4277240913 306.8833217024803 24.168901294469833 0.0 3.0 1.0 3712244.1320247483 321072.62191298755 0.9118181818181817
59683.929109164994 2459684.428395635 307.8503445535898 25.135924145579338 0.0 3.0 0.0 3658814.443739506 316508.5699930853 0.9118181818181817
59683.92978028 2459684.4290668136 308.8168416917324 26.102421283721924 0.0 3.0 1.0 3710925.556493332 320963.6859347548 0.9118181818181817
59683.930451765 2459684.429738362 309.78387124836445 27.069450840353966 0.0 3.0 0.0 3656207.854058915 316283.3665520018 0.9118181818181817
59683.931122875 2459684.4304095334 310.75035832822323 28.035937920212746 0.0 3.0 1.0 3710309.545815688 320913.3929268101 0.9118181818181817
59683.931794355 2459684.4310810757 311.717379167676 29.00295875966549 0.0 3.0 0.0 3656568.766538312 316312.86046737584 0.9118181818181817
59683.932465465 2459684.431752247 312.6838655769825 29.969445168972015 0.0 3.0 1.0 3707081.511718172 320650.0279300846 0.9118181818181817
59683.933136944994 2459684.4324237877 313.6508844047785 30.936463996767998 0.0 3.0 0.0 3654417.386836972 316136.9681030096 0.9118181818181817
59683.93380805499 2459684.433094958 314.6173694729805 31.902949064970016 0.0 3.0 1.0 3706967.5234231823 320642.67197509564 0.9118181818181817
59683.934479535004 2459684.4337664978 315.584386959672 32.86996655166149 0.0 3.0 0.0 3653581.951285407 316065.2648265532 0.9118181818181817
59683.935150649995 2459684.4344376717 316.550877392292 33.83645698428154 0.0 3.0 1.0 3707074.5776855694 320644.9710436298 0.9118181818181817
59683.935822135 2459684.4351092153 317.5179002434015 34.803479835391045 0.0 3.0 0.0 3654131.1903438023 316107.50244577596 0.9118181818181817
59683.936493245 2459684.435780384 318.4843832999468 35.7699628919363 0.0 3.0 1.0 3706975.7542164745 320649.4319433369 0.9118181818181817
59683.93716472499 2459684.4364519217 319.451397433877 36.73697702586651 0.0 3.0 0.0 3653575.01354029 316065.5510638218 0.9118181818181817
59683.93783583499 2459684.437123089 320.4178784787655 37.703458070755005 0.0 3.0 1.0 3706102.6833389094 320575.82740613556 0.9118181818181817
59683.978298795 2459684.477589772 378.6899019777775 0.0 0.0 4.0 0.0 3641833.184915211 315061.83720193856 0.9118181818181817
59683.978970280004 2459684.4782613292 379.65694427490234 0.9670422971248627 0.0 4.0 1.0 3695933.2162703685 319701.2332628307 0.9118181818181817
59683.979641390004 2459684.4789325115 380.62344677746296 1.9335447996854782 0.0 4.0 0.0 3644691.942257601 315314.81041244866 0.9118181818181817
59683.980312875006 2459684.4796040687 381.5904890745878 2.900587096810341 0.0 4.0 1.0 3698111.8832422597 319880.14258532505 0.9118181818181817
59683.980983985006 2459684.480275251 382.55699157714844 3.8670895993709564 0.0 4.0 0.0 3645363.961186629 315371.46946556313 0.9118181818181817
59683.981655465 2459684.480946803 383.5240264981985 4.834124520421028 0.0 4.0 1.0 3697224.8721228885 319807.92236902466 0.9118181818181817
59683.982326575 2459684.481617985 384.49052833020687 5.80062635242939 0.0 4.0 0.0 3644649.3811688074 315307.5794511352 0.9118181818181817
59683.982998055 2459684.4822895364 385.4575625807047 6.767660602927208 0.0 4.0 1.0 3697876.237292539 319867.7428461401 0.9118181818181817
59683.983669165 2459684.4829607178 386.4240637421608 7.734161764383316 0.0 4.0 0.0 3645757.8049464324 315399.0283797374 0.9118181818181817
59683.98434065 2459684.4836322744 387.3911053687334 8.701203390955925 0.0 4.0 1.0 3698007.88121222 319868.7437913237 0.9118181818181817
59683.985011765006 2459684.48430346 388.3576125651598 9.667710587382317 0.0 4.0 0.0 3645797.2179751676 315399.69431200373 0.9118181818181817
59683.985683245 2459684.484975011 389.32464614510536 10.63474416732788 0.0 4.0 1.0 3696721.515061475 319765.7871542359 0.9118181818181817
59683.986354355 2459684.485646191 390.2911452949047 11.601243317127228 0.0 4.0 0.0 3644803.0776325804 315300.8223212942 0.9118181818181817
59683.987025835 2459684.486317741 391.25817753374577 12.568275555968285 0.0 4.0 1.0 3697235.110130892 319813.4546377195 0.9118181818181817
59683.987696945 2459684.486988921 392.2246766835451 13.534774705767632 0.0 4.0 0.0 3644958.5412517046 315319.30215730774 0.9118181818181817
59683.988368424994 2459684.4876604704 393.19170758128166 14.501805603504181 0.0 4.0 1.0 3696270.3250029366 319718.6050317159 0.9118181818181817
59683.989039534994 2459684.488331649 394.15820471942425 15.468302741646767 0.0 4.0 0.0 3644701.3888519276 315308.5102776688 0.9118181818181817
59683.989711019996 2459684.4890032024 395.1252416521311 16.4353396743536 0.0 4.0 1.0 3696266.214876403 319727.966575559 0.9118181818181817
59683.990382135 2459684.489674385 396.09174482524395 17.40184284746647 0.0 4.0 0.0 3643935.9935275745 315235.85009102954 0.9118181818181817
59683.991053615 2459684.4903459325 397.0587730407715 18.368871062994003 0.0 4.0 1.0 3695866.723816196 319703.6092737182 0.9118181818181817
59683.991724725 2459684.4910171092 398.02526749670506 19.335365518927574 0.0 4.0 0.0 3644153.363252484 315265.9608519265 0.9118181818181817
59683.992396204994 2459684.491688656 398.99229504168034 20.302393063902855 0.0 4.0 1.0 3696500.1407558373 319741.0049979031 0.9118181818181817
59683.993067314994 2459684.4923598315 399.95878748595715 21.268885508179665 0.0 4.0 0.0 3644776.2651812145 315330.1672909781 0.9118181818181817
59683.993738795005 2459684.4930313774 400.9258136898279 22.235911712050438 0.0 4.0 1.0 3697012.9483373635 319785.5277195659 0.9118181818181817
59683.994409909996 2459684.493702557 401.892312169075 23.20241019129753 0.0 4.0 0.0 3642423.9314007545 315111.53599075094 0.9118181818181817
59683.99508139 2459684.494374101 402.85933569073677 24.16943371295929 0.0 4.0 1.0 3695959.551236445 319711.2797308593 0.9118181818181817
59683.995752505 2459684.49504528 403.8258334994316 25.13593152165413 0.0 4.0 0.0 3642333.5900388113 315108.46379882056 0.9118181818181817
59683.996423984994 2459684.495716823 404.7928550094366 26.102953031659126 0.0 4.0 1.0 3695480.4517361736 319669.07573721994 0.9118181818181817
59683.997095094994 2459684.496387996 405.75934410095215 27.069442123174667 0.0 4.0 0.0 3645092.5874253213 315342.365915478 0.9118181818181817
59683.997766575005 2459684.4970595376 406.72636426985264 28.036462292075157 0.0 4.0 1.0 3695960.551211241 319699.43735808943 0.9118181818181817
59683.998437685004 2459684.497730709 407.6928513497114 29.002949371933937 0.0 4.0 0.0 3644162.5714487084 315264.0309400589 0.9118181818181817
59683.999109165 2459684.49840225 408.6598701775074 29.96996819972992 0.0 4.0 1.0 3696705.829752261 319780.5533217904 0.9118181818181817
59683.99978028 2459684.499073426 409.62636329233646 30.936461314558983 0.0 4.0 0.0 3643171.1856274814 315189.06764732837 0.9118181818181817
59684.000451764994 2459684.4997449704 410.5933874845505 31.903485506772995 0.0 4.0 1.0 3696103.0113944113 319714.20831351215 0.9118181818181817
59684.00112287499 2459684.50041614 411.55987188220024 32.86996990442276 0.0 4.0 0.0 3643358.8258253946 315192.2963346037 0.9118181818181817
59684.001794355005 2459684.501087679 412.5268880277872 33.83698605000973 0.0 4.0 1.0 3695637.4509804244 319675.58469197154 0.9118181818181817
59684.002465465004 2459684.5017588474 413.4933704137802 34.80346843600273 0.0 4.0 0.0 3644077.4400173845 315254.6061158163 0.9118181818181817
59684.003136945 2459684.5024303854 414.4603852182627 35.77048324048519 0.0 4.0 1.0 3695260.450371651 319649.161022104 0.9118181818181817
59684.003808055 2459684.5031015533 415.4268669337034 36.73696495592594 0.0 4.0 0.0 3643335.2152814954 315183.41161094984 0.9118181818181817
59684.004479535 2459684.5037730904 416.3938803970814 37.703978419303894 0.0 4.0 1.0 3693974.739486885 319556.34430068306 0.9118181818181817
59684.047233984995 2459684.54653152 477.9660187661648 0.0 0.0 5.0 0.0 3630038.2711312445 314040.71951408056 0.9118181818181817
59684.047905465006 2459684.5472030723 478.9330543577671 0.9670355916023254 0.0 5.0 1.0 3685323.478752823 318800.7179209668 0.9118181818181817
59684.048576575005 2459684.5478742537 479.8995555192232 1.9335367530584335 0.0 5.0 0.0 3633613.8371227123 314359.18653944746 0.9118181818181817
59684.049248055 2459684.5485458057 480.8665904402733 2.9005716741085052 0.0 5.0 1.0 3687605.015302318 318988.91218698147 0.9118181818181817
59684.049919165 2459684.549216987 481.8330916017294 3.8670728355646133 0.0 5.0 0.0 3635939.7294634404 314567.98306101345 0.9118181818181817
59684.050590650004 2459684.5498885433 482.80013255774975 4.834113791584969 0.0 5.0 1.0 3687933.474681132 319013.28395768575 0.9118181818181817
59684.051261764995 2459684.5505597293 483.7666404247284 5.800621658563614 0.0 5.0 0.0 3637720.6427331707 314717.61252916843 0.9118181818181817
59684.051933245006 2459684.55123128 484.7336733341217 6.767654567956924 0.0 5.0 1.0 3688828.039348336 319102.8843139825 0.9118181818181817
59684.052604355005 2459684.5519024604 485.7001731544733 7.734154388308525 0.0 5.0 0.0 3636321.7270250274 314591.33495560696 0.9118181818181817
59684.053275835 2459684.55257401 486.6672047227621 8.701185956597328 0.0 5.0 1.0 3688823.1546760397 319115.19345351285 0.9118181818181817
59684.053946945 2459684.55324519 487.63370387256145 9.667685106396675 0.0 5.0 0.0 3637373.9038376007 314692.98528971244 0.9118181818181817
59684.054618425 2459684.5539167393 488.600734770298 10.634716004133224 0.0 5.0 1.0 3688581.4355775914 319077.01459286554 0.9118181818181817
59684.055289535 2459684.554587918 489.5672319084406 11.60121314227581 0.0 5.0 0.0 3637396.0862990795 314691.5709356328 0.9118181818181817
59684.05596102 2459684.5552594713 490.5342688411474 12.568250074982643 0.0 5.0 1.0 3688932.7878706506 319120.11471422686 0.9118181818181817
59684.056632135005 2459684.5559306545 491.50077268481255 13.534753918647766 0.0 5.0 0.0 3635743.70041985 314534.4395815055 0.9118181818181817
59684.057303615 2459684.5566022014 492.4678002297878 14.501781463623047 0.0 5.0 1.0 3687631.401625884 319000.7631907648 0.9118181818181817
59684.057974725 2459684.5572733786 493.43429535627365 15.468276590108871 0.0 5.0 0.0 3636549.8503891644 314619.5095192372 0.9118181818181817
59684.058646205 2459684.557944925 494.4013222306967 16.4353034645319 0.0 5.0 1.0 3688393.3007643637 319080.78638755047 0.9118181818181817
59684.059317315 2459684.558616101 495.36781534552574 17.401796579360962 0.0 5.0 0.0 3635380.5540442374 314531.3107225939 0.9118181818181817
59684.059988794994 2459684.559287646 496.334840208292 18.368821442127228 0.0 5.0 1.0 3686862.3524693456 318943.99504250125 0.9118181818181817
59684.06065991 2459684.559958826 497.30133935809135 19.335320591926575 0.0 5.0 0.0 3635592.9977009995 314548.19694781717 0.9118181818181817
59684.061331389996 2459684.56063037 498.2683628797531 20.302344113588333 0.0 5.0 1.0 3687437.0909121577 318985.47237468004 0.9118181818181817
59684.062002505 2459684.561301549 499.23486068844795 21.268841922283173 0.0 5.0 0.0 3635566.310975982 314538.0131119156 0.9118181818181817
59684.062673985 2459684.561973092 500.2018828690052 22.235864102840424 0.0 5.0 1.0 3688272.958876469 319062.7002724196 0.9118181818181817
59684.063345095 2459684.5626442647 501.1683712899685 23.20235252380371 0.0 5.0 0.0 3637632.577456038 314714.3426726184 0.9118181818181817
59684.064016574994 2459684.5633158064 502.135391458869 24.1693726927042 0.0 5.0 1.0 3688122.838029919 319033.6736176799 0.9118181818181817
59684.06468768499 2459684.563986978 503.10187853872776 25.13585977256298 0.0 5.0 0.0 3637817.756324052 314720.0918915473 0.9118181818181817
59684.065359165004 2459684.564658519 504.06889736652374 26.102878600358963 0.0 5.0 1.0 3689885.7635346246 319191.5778431185 0.9118181818181817
59684.066030279995 2459684.5653296947 505.0353904813528 27.069371715188026 0.0 5.0 0.0 3639228.907359665 314849.26014969544 0.9118181818181817
59684.066701765 2459684.566001239 506.0024146735668 28.03639590740204 0.0 5.0 1.0 3692382.341825229 319415.0429988279 0.9118181818181817
59684.067372875 2459684.5666724085 506.96889840066433 29.00287963449955 0.0 5.0 0.0 3642029.270478007 315095.47743867245 0.9118181818181817
59684.06804435499 2459684.567343948 507.93591521680355 29.96989645063877 0.0 5.0 1.0 3693911.038093415 319540.02859926526 0.9118181818181817
59684.06871546499 2459684.568015116 508.9023969322443 30.93637816607952 0.0 5.0 0.0 3642502.5548314718 315125.9931325559 0.9118181818181817
59684.069386945004 2459684.5686866543 509.869412407279 31.903393641114235 0.0 5.0 1.0 3693870.401473127 319521.08410496067 0.9118181818181817
59684.070058055004 2459684.569357822 510.83589412271976 32.869875356554985 0.0 5.0 0.0 3641257.0993990395 315019.3448288655 0.9118181818181817
59684.070729535 2459684.5700293593 511.8029075860977 33.83688881993294 0.0 5.0 1.0 3693895.1467830376 319520.7027705643 0.9118181818181817
59684.071400650006 2459684.570700531 512.7693946659565 34.80337589979172 0.0 5.0 0.0 3641724.1998199383 315048.02968438365 0.9118181818181817
59684.07207213499 2459684.571372072 513.7364141643047 35.770395398139954 0.0 5.0 1.0 3693187.7599214874 319465.56719874864 0.9118181818181817
59684.07274324499 2459684.5720432387 514.7028938680887 36.73687510192394 0.0 5.0 0.0 3642673.379628851 315159.82497042825 0.9118181818181817
59684.073414725004 2459684.5727147744 515.6699053198099 37.703886553645134 0.0 5.0 1.0 3692720.508673473 319434.1541965555 0.9118181818181817
59684.11544028 2459684.614744295 576.1924148350954 0.0 0.0 6.0 0.0 3629927.664498813 314070.2364018796 0.9118181818181817
59684.11611139 2459684.6154154763 577.1589159965515 0.9665011614561081 0.0 6.0 1.0 3681765.619765127 318516.5083572622 0.9118181818181817
59684.116782875004 2459684.6160870325 578.1259569525719 1.9335421174764633 0.0 6.0 0.0 3631442.0860312353 314186.3999422414 0.9118181818181817
59684.117453985 2459684.6167582134 579.0924574434757 2.9000426083803177 0.0 6.0 1.0 3683593.5945515498 318658.05857393873 0.9118181818181817
59684.118125465 2459684.617429764 580.059490352869 3.8670755177736282 0.0 6.0 0.0 3632625.6322107743 314286.75798761187 0.9118181818181817
59684.118796575 2459684.6181009444 581.0259901732206 4.833575338125229 0.0 6.0 1.0 3683496.417140103 318637.1951183223 0.9118181818181817
59684.119468054996 2459684.618772495 581.993023082614 5.800608247518539 0.0 6.0 0.0 3632593.077920628 314280.4127568236 0.9118181818181817
59684.120139164996 2459684.619443674 582.9595208913088 6.767106056213379 0.0 6.0 1.0 3684554.118771331 318735.03393977025 0.9118181818181817
59684.12081065 2459684.6201152285 583.9265591651201 7.734144330024719 0.0 6.0 0.0 3632599.567769659 314283.52150554146 0.9118181818181817
59684.121481765 2459684.6207864126 584.8930643498898 8.70064951479435 0.0 6.0 1.0 3685430.7149894363 318818.4038058016 0.9118181818181817
59684.122153245 2459684.621457961 585.8600939065218 9.667679071426392 0.0 6.0 0.0 3633019.2523953943 314312.0182010258 0.9118181818181817
59684.122824355 2459684.6221291386 586.8265897035599 10.63417486846447 0.0 6.0 1.0 3683889.2596015246 318681.0591161612 0.9118181818181817
59684.123495834996 2459684.622800686 587.7936179190874 11.601203083992004 0.0 6.0 0.0 3633083.342258117 314338.04210160027 0.9118181818181817
59684.124166944996 2459684.623471863 588.7601130455732 12.567698210477829 0.0 6.0 1.0 3684332.3623426487 318728.5793403834 0.9118181818181817
59684.12483842501 2459684.6241434095 589.7271399199963 13.534725084900856 0.0 6.0 0.0 3633515.868900247 314380.12594775704 0.9118181818181817
59684.125509535006 2459684.6248145853 590.6936330348253 14.50121819972992 0.0 6.0 1.0 3685415.527040466 318831.92642927676 0.9118181818181817
59684.126181019994 2459684.6254861355 591.6606652736664 15.468250438570976 0.0 6.0 0.0 3632428.4646913884 314281.929501922 0.9118181818181817
59684.126852135 2459684.626157316 592.627165094018 16.434750258922577 0.0 6.0 1.0 3684206.2251183502 318725.83624292375 0.9118181818181817
59684.127523614996 2459684.62682886 593.5941886156797 17.401773780584335 0.0 6.0 0.0 3631148.8501207507 314161.44409871043 0.9118181818181817
59684.128194724995 2459684.6275000335 594.5606783777475 18.36826354265213 0.0 6.0 1.0 3684324.391530396 318733.7535036851 0.9118181818181817
59684.12886620501 2459684.6281715767 595.5277005583048 19.33528572320938 0.0 6.0 0.0 3632784.6103097848 314318.3392881025 0.9118181818181817
59684.129537315006 2459684.628842749 596.4941889792681 20.30177414417267 0.0 6.0 1.0 3684494.335591344 318734.0936340715 0.9118181818181817
59684.130208795 2459684.6295142914 597.4612098187208 21.268794983625412 0.0 6.0 0.0 3632563.9495108705 314294.0445531356 0.9118181818181817
59684.13087991 2459684.630185468 598.4277042746544 22.235289439558983 0.0 6.0 1.0 3683708.3860083423 318696.4220049409 0.9118181818181817
59684.131551390004 2459684.630857009 599.3947231024504 23.202308267354965 0.0 6.0 0.0 3632429.665428602 314279.7385664074 0.9118181818181817
59684.132222504995 2459684.6315281843 600.3612155467272 24.168800711631775 0.0 6.0 1.0 3684089.440813745 318722.74686204945 0.9118181818181817
59684.13289398501 2459684.632199724 601.3282330334187 25.13581819832325 0.0 6.0 0.0 3631154.39607785 314160.6185486483 0.9118181818181817
59684.133565095006 2459684.6328708935 602.2947167605162 26.10230192542076 0.0 6.0 1.0 3681916.8505004244 318511.1805879752 0.9118181818181817
59684.134236575 2459684.633542433 603.2617335766554 27.069318741559982 0.0 6.0 0.0 3631960.3759885905 314225.3475992545 0.9118181818181817
59684.134907685 2459684.6342136012 604.2282159626484 28.035801127552986 0.0 6.0 1.0 3683459.1279156194 318655.1630200626 0.9118181818181817
59684.135579165 2459684.6348851393 605.1952307671309 29.002815932035446 0.0 6.0 0.0 3631729.446620314 314211.5524007756 0.9118181818181817
59684.136250280004 2459684.635556312 606.1617191880941 29.969304352998734 0.0 6.0 1.0 3683212.472147694 318634.81920177245 0.9118181818181817
59684.136921765006 2459684.636227854 607.1287400275469 30.936325192451477 0.0 6.0 0.0 3631475.7046583984 314195.32459821185 0.9118181818181817
59684.137592875006 2459684.636899021 608.0952204018831 31.90280556678772 0.0 6.0 1.0 3683502.8465835718 318648.52100063645 0.9118181818181817
59684.138264355 2459684.6375705577 609.0622331947088 32.86981835961342 0.0 6.0 0.0 3630697.1015027678 314137.8563930807 0.9118181818181817
59684.138935465 2459684.638241724 610.0287128984928 33.83629806339741 0.0 6.0 1.0 3681777.714484092 318506.2071420904 0.9118181818181817
59684.139606945 2459684.6389132603 610.9957250207663 34.80331018567085 0.0 6.0 0.0 3630844.8866648427 314146.63745418825 0.9118181818181817
59684.140278055 2459684.6395844254 611.9622027128935 35.76978787779808 0.0 6.0 1.0 3681755.024504869 318507.1015962642 0.9118181818181817
59684.140949534994 2459684.6402559616 612.9292148351669 36.736800000071526 0.0 6.0 0.0 3630530.425175373 314112.99659909774 0.9118181818181817
59684.14162065 2459684.6409271313 613.8956992328167 37.70328439772129 0.0 6.0 1.0 3682701.2143204883 318596.3646898732 0.9118181818181817
59684.182523615 2459684.6818339904 672.8015763312578 0.0 0.0 7.0 0.0 3617831.3752047685 313037.7191538881 0.9118181818181817
59684.183194725 2459684.6825051713 673.7680768221617 0.9665004909038544 0.0 7.0 1.0 3671557.0353453737 317628.8562049514 0.9118181818181817
59684.183866205 2459684.683176723 674.7351110726595 1.9335347414016724 0.0 7.0 0.0 3621315.334726749 313337.62486252136 0.9118181818181817
59684.184537315 2459684.683847903 675.7016102224588 2.9000338912010193 0.0 7.0 1.0 3671849.2130300715 317672.98129765695 0.9118181818181817
59684.185208794996 2459684.6845194534 676.6686431318521 3.86706680059433 0.0 7.0 0.0 3620461.6311274837 313251.947541443 0.9118181818181817
59684.18587991 2459684.685190638 677.635148987174 4.833572655916214 0.0 7.0 1.0 3673913.070455578 317820.4262809491 0.9118181818181817
59684.18655139 2459684.685862188 678.6021812260151 5.800604894757271 0.0 7.0 0.0 3623096.054562654 313482.27209062583 0.9118181818181817
59684.187222505 2459684.686533372 679.5686857402325 6.7671094089746475 0.0 7.0 1.0 3674493.9345355467 317897.76091071544 0.9118181818181817
59684.187893985 2459684.6872049207 680.5357159674168 7.734139636158943 0.0 7.0 0.0 3622350.0315086218 313420.0638149732 0.9118181818181817
59684.188565095 2459684.687876099 681.5022124350071 8.700636103749275 0.0 7.0 1.0 3673752.2429589545 317822.72880895104 0.9118181818181817
59684.189236574995 2459684.6885476466 682.4692413210869 9.667664989829063 0.0 7.0 0.0 3622426.47478017 313411.5533646878 0.9118181818181817
59684.189907684995 2459684.689218824 683.4357364475727 10.634160116314888 0.0 7.0 1.0 3671694.9385088505 317658.6790868956 0.9118181818181817
59684.190579165006 2459684.6898903707 684.402763992548 11.601187661290169 0.0 7.0 0.0 3621692.287643498 313358.0867663158 0.9118181818181817
59684.19125028 2459684.690561552 685.3692651540041 12.567688822746277 0.0 7.0 1.0 3673635.392891305 317829.84748450166 0.9118181818181817
59684.191921765 2459684.6912331027 686.3362980633974 13.534721732139587 0.0 7.0 0.0 3622523.8628241983 313432.3660804104 0.9118181818181817
59684.192592875 2459684.691904278 687.3027905076742 14.501214176416397 0.0 7.0 1.0 3675673.7208236298 317996.388416465 0.9118181818181817
59684.193264354995 2459684.6925758226 688.2698146998882 15.46823836863041 0.0 7.0 0.0 3622355.1590964054 313424.76951273635 0.9118181818181817
59684.193935464995 2459684.693246997 689.2363058030605 16.43472947180271 0.0 7.0 1.0 3674028.5926775145 317847.1611487156 0.9118181818181817
59684.194606945006 2459684.69391854 690.2033279836178 17.401751652359962 0.0 7.0 0.0 3621909.606501564 313383.8905630563 0.9118181818181817
59684.195278055005 2459684.694589713 691.1698170751333 18.368240743875504 0.0 7.0 1.0 3673648.990247376 317831.80728830263 0.9118181818181817
59684.195949535 2459684.695261256 692.1368385851383 19.3352622538805 0.0 7.0 0.0 3622261.2386552365 313402.5380627855 0.9118181818181817
59684.19662065 2459684.695932433 693.1033337116241 20.301757380366325 0.0 7.0 1.0 3674395.234374558 317881.3944871011 0.9118181818181817
59684.197292134995 2459684.696603979 694.0703599154949 21.2687835842371 0.0 7.0 0.0 3622822.3050215463 313456.3649977962 0.9118181818181817
59684.197963244995 2459684.69727515 695.0368463248014 22.235269993543625 0.0 7.0 1.0 3674748.544891132 317916.355580079 0.9118181818181817
59684.198634725006 2459684.6979466905 696.0038644820452 23.202288150787354 0.0 7.0 0.0 3623905.5910673384 313548.33381069766 0.9118181818181817
59684.199305835005 2459684.69861786 696.9703488796949 24.16877254843712 0.0 7.0 1.0 3675602.5841609794 317999.90794345975 0.9118181818181817
59684.199977315 2459684.699289399 697.9373650252819 25.135788694024086 0.0 7.0 0.0 3623984.523034859 313560.14604325313 0.9118181818181817
59684.200648425 2459684.6999605685 698.9038487523794 26.102272421121597 0.0 7.0 1.0 3674214.428996225 317872.7911552187 0.9118181818181817
59684.201319910004 2459684.7006321116 699.8708709329367 27.06929460167885 0.0 7.0 0.0 3624583.179933195 313612.08358310896 0.9118181818181817
59684.20199102 2459684.7013032795 700.8373526483774 28.0357763171196 0.0 7.0 1.0 3675997.168431793 318012.9234589689 0.9118181818181817
59684.202662505006 2459684.7019748227 701.8043748289347 29.00279849767685 0.0 7.0 0.0 3623277.238138018 313490.1651222188 0.9118181818181817
59684.203333615005 2459684.702645989 702.7708545327187 29.96927820146084 0.0 7.0 1.0 3675269.3802684154 317954.54539685696 0.9118181818181817
59684.204005095 2459684.7033175263 703.7378679960966 30.93629166483879 0.0 7.0 0.0 3622763.0531791286 313457.3267668183 0.9118181818181817
59684.204676205 2459684.7039886927 704.7043476998806 31.90277136862278 0.0 7.0 1.0 3674785.2202188284 317918.2803415953 0.9118181818181817
59684.205347685 2459684.704660229 705.671359822154 32.869783490896225 0.0 7.0 0.0 3622492.8567147898 313427.11574470554 0.9118181818181817
59684.206018795 2459684.7053313944 706.6378381848335 33.83626185357571 0.0 7.0 1.0 3673264.600781567 317784.8423709711 0.9118181818181817
59684.20669028 2459684.7060029353 707.6048570126295 34.80328068137169 0.0 7.0 0.0 3623514.6590821613 313518.55342071725 0.9118181818181817
59684.20736139 2459684.706674101 708.571335375309 35.76975904405117 0.0 7.0 1.0 3674760.4140397827 317928.9519217147 0.9118181818181817
59684.208032875 2459684.707345641 709.5383535325527 36.7367772012949 0.0 7.0 0.0 3623147.264467831 313493.5583088126 0.9118181818181817
59684.208703985 2459684.7080168063 710.50483122468 37.70325489342213 0.0 7.0 1.0 3672940.841007294 317767.19362795225 0.9118181818181817
