# %ECSV 1.0
# ---
# datatype:
# - {name: t_mjd, datatype: float64}
# - {name: t_bjd, datatype: float64}
# - {name: t_visit, datatype: float64}
# - {name: t_orbit, datatype: float64}
# - {name: ivisit, datatype: float64}
# - {name: iorbit, datatype: float64}
# - {name: scan, datatype: float64}
# - {name: spec_opt, datatype: float64}
# - {name: var_opt, datatype: float64}
# - {name: wave, datatype: float64}
# schema: astropy-2.0
t_mjd t_bjd t_visit t_orbit ivisit iorbit scan spec_opt var_opt wave
59683.716215465 2459684.2154816925 1.2542673200368881 1.2542673200368881 0.0 0.0 0.0 5533335.11924941 474948.55038669246 1.0863636363636364
59683.716886944996 2459684.2161532445 2.22130224108696 2.22130224108696 0.0 0.0 1.0 5642891.133256787 484324.0998743786 1.0863636363636364
59683.717558054996 2459684.2168244263 3.1878040730953217 3.1878040730953217 0.0 0.0 0.0 5571168.595471206 478145.66788323224 1.0863636363636364
59683.71822953501 2459684.217495978 4.15483832359314 4.15483832359314 0.0 0.0 1.0 5663858.794374155 486097.9252638907 1.0863636363636364
59683.71890065 2459684.218167164 5.121346190571785 5.121346190571785 0.0 0.0 0.0 5586146.8844355475 479398.30384561984 1.0863636363636364
59683.719572135 2459684.21883872 6.08838714659214 6.08838714659214 0.0 0.0 1.0 5671675.604986601 486738.8897982283 1.0863636363636364
59683.720243245 2459684.219509901 7.054887637495995 7.054887637495995 0.0 0.0 0.0 5593798.22584157 480047.5116075171 1.0863636363636364
59683.720914724996 2459684.220181452 8.021921217441559 8.021921217441559 0.0 0.0 1.0 5677002.531777308 487183.79372765584 1.0863636363636364
59683.721585834995 2459684.220852632 8.988420367240906 8.988420367240906 0.0 0.0 0.0 5597840.6993462555 480388.4862813776 1.0863636363636364
59683.72225731501 2459684.2215241822 9.955452606081963 9.955452606081963 0.0 0.0 1.0 5678814.92343941 487338.6397830105 1.0863636363636364
59683.722928425006 2459684.2221953617 10.921951085329056 10.921951085329056 0.0 0.0 0.0 5600345.931883493 480599.3257032587 1.0863636363636364
59683.72359991 2459684.2228669156 11.888988688588142 11.888988688588142 0.0 0.0 1.0 5682044.721959322 487606.9153659791 1.0863636363636364
59683.72427102 2459684.2235380947 12.855486497282982 12.855486497282982 0.0 0.0 0.0 5603232.72001244 480847.4037301736 1.0863636363636364
59683.724942504996 2459684.224209648 13.822523429989815 13.822523429989815 0.0 0.0 1.0 5684019.707741037 487771.97428875515 1.0863636363636364
59683.725613614995 2459684.2248808257 14.789019227027893 14.789019227027893 0.0 0.0 0.0 5603750.412114889 480883.32225421263 1.0863636363636364
59683.72628509501 2459684.225552373 15.756047442555428 15.756047442555428 0.0 0.0 1.0 5683480.327531806 487736.49185315997 1.0863636363636364
59683.726956205006 2459684.22622355 16.722541898489 16.722541898489 0.0 0.0 0.0 5605600.4752144115 481036.1746181091 1.0863636363636364
59683.727627685 2459684.2268950962 17.689568772912025 17.689568772912025 0.0 0.0 1.0 5684282.7027281495 487776.76501804544 1.0863636363636364
59683.728298795 2459684.227566272 18.65606188774109 18.65606188774109 0.0 0.0 0.0 5606630.988776664 481124.9412100249 1.0863636363636364
59683.728970280004 2459684.228237822 19.623094126582146 19.623094126582146 0.0 0.0 1.0 5684660.58028564 487815.6027194625 1.0863636363636364
59683.729641390004 2459684.228908997 20.5895859003067 20.5895859003067 0.0 0.0 0.0 5605183.057764127 481000.15179291606 1.0863636363636364
59683.730312875006 2459684.229580546 21.556616127490997 21.556616127490997 0.0 0.0 1.0 5685381.6707376 487880.9820492587 1.0863636363636364
59683.730983985006 2459684.2302517197 22.523106560111046 22.523106560111046 0.0 0.0 0.0 5606077.483512642 481074.7301185306 1.0863636363636364
59683.731655465 2459684.2309232624 23.490128070116043 23.490128070116043 0.0 0.0 1.0 5685102.453266017 487870.85939172405 1.0863636363636364
59683.732326575 2459684.231594435 24.45661649107933 24.45661649107933 0.0 0.0 0.0 5606222.774886069 481089.50875243626 1.0863636363636364
59683.732998055 2459684.2322659767 25.42363665997982 25.42363665997982 0.0 0.0 1.0 5684932.52571408 487860.26355724863 1.0863636363636364
59683.733669165 2459684.2329371483 26.3901237398386 26.3901237398386 0.0 0.0 0.0 5605747.438104796 481047.2274879462 1.0863636363636364
59683.73434065 2459684.2336086943 27.357149943709373 27.357149943709373 0.0 0.0 1.0 5685140.931359168 487872.08478866844 1.0863636363636364
59683.735011765006 2459684.234279869 28.32364171743393 28.32364171743393 0.0 0.0 0.0 5607616.185691769 481207.2737760064 1.0863636363636364
59683.735683245 2459684.2349514095 29.290659874677658 29.290659874677658 0.0 0.0 1.0 5683894.367417405 487763.4470870662 1.0863636363636364
59683.736354355 2459684.2356225783 30.257142931222916 30.257142931222916 0.0 0.0 0.0 5606778.691023678 481150.71605179925 1.0863636363636364
59683.737025835 2459684.2362941173 31.224159076809883 31.224159076809883 0.0 0.0 1.0 5685409.90802154 487895.52390085487 1.0863636363636364
59683.737696945 2459684.2369652856 32.19064146280289 32.19064146280289 0.0 0.0 0.0 5604806.389109418 480971.3262691528 1.0863636363636364
59683.738368424994 2459684.2376368237 33.15765626728535 33.15765626728535 0.0 0.0 1.0 5686301.836634758 487976.1901451276 1.0863636363636364
59683.739039534994 2459684.238307991 34.12413731217384 34.12413731217384 0.0 0.0 0.0 5606299.45808371 481105.9114147377 1.0863636363636364
59683.739711019996 2459684.2389795333 35.09115815162659 35.09115815162659 0.0 0.0 1.0 5684734.458787849 487839.8726133454 1.0863636363636364
59683.740382135 2459684.239650705 36.05764523148537 36.05764523148537 0.0 0.0 0.0 5604500.975151931 480940.7074017533 1.0863636363636364
59683.741053615 2459684.240322241 37.02465735375881 37.02465735375881 0.0 0.0 1.0 5685533.034513964 487907.51241145824 1.0863636363636364
59683.741724725 2459684.240993407 37.99113638699055 37.99113638699055 0.0 0.0 0.0 5605805.991348076 481055.1982957564 1.0863636363636364
59683.742396204994 2459684.2416649433 38.95814850926399 38.95814850926399 0.0 0.0 1.0 5686175.913501137 487955.8175751551 1.0863636363636364
59683.779259535004 2459684.2785316817 92.04625189304352 0.0 0.0 1.0 0.0 5592927.046516536 479959.6714875131 1.0863636363636364
59683.77993102 2459684.279203239 93.01329419016838 0.9670422971248627 0.0 1.0 1.0 5676872.158768191 487122.40215473226 1.0863636363636364
59683.780602135 2459684.279874426 93.97980339825153 1.9335515052080154 0.0 1.0 0.0 5595759.349760958 480197.45609376143 1.0863636363636364
59683.78127361499 2459684.2805459783 94.94683898985386 2.900587096810341 0.0 1.0 1.0 5677040.499669755 487157.302872931 1.0863636363636364
59683.78194472499 2459684.28121716 95.91334082186222 3.8670889288187027 0.0 1.0 0.0 5597568.725280069 480355.0498081875 1.0863636363636364
59683.782616205004 2459684.281888712 96.88037574291229 4.834123849868774 0.0 1.0 1.0 5678914.643139015 487312.03574208403 1.0863636363636364
59683.783287315004 2459684.2825598945 97.84687824547291 5.80062635242939 0.0 1.0 0.0 5598582.993086098 480444.33254411403 1.0863636363636364
59683.783958795 2459684.283231446 98.81391249597073 6.767660602927208 0.0 1.0 1.0 5681146.646992439 487496.6245905051 1.0863636363636364
59683.784629910006 2459684.2839026325 99.78042103350163 7.734169140458107 0.0 1.0 0.0 5599304.618404077 480495.51782743266 1.0863636363636364
59683.78530139 2459684.284574184 100.74745528399944 8.701203390955925 0.0 1.0 1.0 5679649.567928848 487366.4275714659 1.0863636363636364
59683.78597250499 2459684.28524537 101.71396315097809 9.66771125793457 0.0 1.0 0.0 5600537.571792267 480604.4425243263 1.0863636363636364
59683.786643985004 2459684.285916921 102.68099673092365 10.634744837880135 0.0 1.0 1.0 5680406.255496292 487419.4821779839 1.0863636363636364
59683.787315095 2459684.286588101 103.647495880723 11.601243987679482 0.0 1.0 0.0 5600061.405117948 480553.2247600806 1.0863636363636364
59683.787986575 2459684.287259652 104.61452879011631 12.568276897072792 0.0 1.0 1.0 5680788.226535242 487468.8494742003 1.0863636363636364
59683.788657685 2459684.2879308313 105.5810272693634 13.534775376319885 0.0 1.0 0.0 5599731.575320993 480524.6801126763 1.0863636363636364
59683.789329164996 2459684.2886023815 106.54805950820446 14.501807615160942 0.0 1.0 1.0 5682144.92999953 487576.12831384805 1.0863636363636364
59683.79000028 2459684.289273565 107.51456402242184 15.468312129378319 0.0 1.0 0.0 5601081.753961557 480645.0520163689 1.0863636363636364
59683.790671765004 2459684.2899451186 108.48160095512867 16.43534906208515 0.0 1.0 1.0 5681449.221080959 487524.5180941135 1.0863636363636364
59683.791342875 2459684.290616297 109.44809809327126 17.401846200227737 0.0 1.0 0.0 5599857.919930914 480537.5118357958 1.0863636363636364
59683.792014355 2459684.2912878445 110.41512630879879 18.368874415755272 0.0 1.0 1.0 5681416.9844579 487529.97598756367 1.0863636363636364
59683.792685465 2459684.2919590217 111.38162143528461 19.335369542241096 0.0 1.0 0.0 5600424.16677983 480590.409597585 1.0863636363636364
59683.793356944996 2459684.292630568 112.34864830970764 20.302396416664124 0.0 1.0 1.0 5679561.4287252035 487366.3689253637 1.0863636363636364
59683.794028054996 2459684.2933017444 113.31514209508896 21.26889020204544 0.0 1.0 0.0 5600012.189391106 480556.795396221 1.0863636363636364
59683.79469953501 2459684.29397329 114.28216762840748 22.23591573536396 0.0 1.0 1.0 5681846.074794377 487566.42757091444 1.0863636363636364
59683.79537065 2459684.2946444703 115.24866744875908 23.20241555571556 0.0 1.0 0.0 5601169.677196368 480660.6845020663 1.0863636363636364
59683.796042135 2459684.29531602 116.21569901704788 24.169447124004364 0.0 1.0 1.0 5681160.848131728 487502.1366853467 1.0863636363636364
59683.796713245 2459684.295987194 117.18218944966793 25.135937556624413 0.0 1.0 0.0 5599407.4495286355 480513.82310219057 1.0863636363636364
59683.797384724996 2459684.296658737 118.14921163022518 26.102959737181664 0.0 1.0 1.0 5681334.438542476 487513.1952170397 1.0863636363636364
59683.798055834995 2459684.29732991 119.11570072174072 27.069448828697205 0.0 1.0 0.0 5600318.926957054 480570.7991665609 1.0863636363636364
59683.79872731501 2459684.2980014523 120.08272156119347 28.036469668149948 0.0 1.0 1.0 5681108.932002534 487496.53095849295 1.0863636363636364
59683.799398425006 2459684.2986726244 121.0492093116045 29.00295741856098 0.0 1.0 0.0 5600442.4826190155 480594.4837638445 1.0863636363636364
59683.80006991 2459684.2993441704 122.01623551547527 29.969983622431755 0.0 1.0 1.0 5681503.669205497 487537.38069712993 1.0863636363636364
59683.80074102 2459684.300015341 122.98272125422955 30.936469361186028 0.0 1.0 0.0 5600451.489798399 480591.64867941354 1.0863636363636364
59683.801412504996 2459684.3006868865 123.94974678754807 31.903494894504547 0.0 1.0 1.0 5683070.214790022 487662.5778881912 1.0863636363636364
59683.802083614995 2459684.3013580563 124.91623118519783 32.86997929215431 0.0 1.0 0.0 5601221.676486076 480657.624162738 1.0863636363636364
59683.80275509501 2459684.3020295952 125.8832473307848 33.83699543774128 0.0 1.0 1.0 5680655.395897662 487461.8533929445 1.0863636363636364
59683.803426205006 2459684.302700764 126.84973038733006 34.80347849428654 0.0 1.0 0.0 5599531.833300227 480516.8722205957 1.0863636363636364
59683.804097685 2459684.303372302 127.81674519181252 35.770493298769 0.0 1.0 1.0 5679708.819223685 487375.1403628682 1.0863636363636364
59683.804768795 2459684.30404347 128.78322690725327 36.73697501420975 0.0 1.0 0.0 5601357.737819161 480674.4282291394 1.0863636363636364
59683.805440280004 2459684.304715012 129.750247746706 37.70399585366249 0.0 1.0 1.0 5681013.942054204 487494.1039159559 1.0863636363636364
59683.845463245 2459684.344741652 187.38860875368118 0.0 0.0 2.0 0.0 5590956.76205554 479791.15277604025 1.0863636363636364
59683.846134725 2459684.345413204 188.35564367473125 0.9670349210500717 0.0 2.0 1.0 5674073.51440988 486900.28756732616 1.0863636363636364
59683.846805835 2459684.346084386 189.32214617729187 1.9335374236106873 0.0 2.0 0.0 5594398.364001024 480082.58911549166 1.0863636363636364
59683.847477314994 2459684.346755938 190.28918109834194 2.900572344660759 0.0 2.0 1.0 5676296.53742253 487091.1446330899 1.0863636363636364
59683.84814842499 2459684.3474271204 191.25568360090256 3.8670748472213745 0.0 2.0 0.0 5595168.398785781 480131.92737867887 1.0863636363636364
59683.848819909996 2459684.3480986776 192.22272589802742 4.834117144346237 0.0 2.0 1.0 5674800.408018348 486953.3386718209 1.0863636363636364
59683.849491019995 2459684.3487698594 193.18922773003578 5.800618976354599 0.0 2.0 0.0 5595124.464702873 480146.61447456677 1.0863636363636364
59683.850162505 2459684.3494414166 194.15627002716064 6.767661273479462 0.0 2.0 1.0 5674348.729805771 486922.9434332819 1.0863636363636364
59683.850833615 2459684.3501125975 195.1227705180645 7.734161764383316 0.0 2.0 0.0 5593260.696672721 479979.6556423231 1.0863636363636364
59683.85150509499 2459684.3507841495 196.08980543911457 8.701196685433388 0.0 2.0 1.0 5677513.745034706 487193.8521195124 1.0863636363636364
59683.85217620499 2459684.3514553304 197.05630593001842 9.667697176337242 0.0 2.0 0.0 5600342.121063289 480584.43156214367 1.0863636363636364
59683.852847685004 2459684.3521268815 198.023339509964 10.634730756282806 0.0 2.0 1.0 5680485.977877387 487438.4840405868 1.0863636363636364
59683.853518795004 2459684.352798062 198.9898393303156 11.601230576634407 0.0 2.0 0.0 5598022.676584038 480387.19941733073 1.0863636363636364
59683.85419028 2459684.353469617 199.95687894523144 12.568270191550255 0.0 2.0 1.0 5679097.763654817 487326.8375119517 1.0863636363636364
59683.854861390006 2459684.3541407967 200.92337742447853 13.534768670797348 0.0 2.0 0.0 5597609.123410598 480352.82926185447 1.0863636363636364
59683.85553287499 2459684.354812351 201.89041569828987 14.501806944608688 0.0 2.0 1.0 5678969.731802129 487314.56937277986 1.0863636363636364
59683.85620398499 2459684.3554835306 202.85691417753696 15.468305423855782 0.0 2.0 0.0 5596452.325797514 480255.8646215819 1.0863636363636364
59683.856875465004 2459684.356155079 203.823943734169 16.435334980487823 0.0 2.0 1.0 5678497.381766462 487273.48725508334 1.0863636363636364
59683.857546575004 2459684.3568262574 204.7904408723116 17.40183211863041 0.0 2.0 0.0 5597404.5909019895 480336.2886489062 1.0863636363636364
59683.858218055 2459684.3574978053 205.75746975839138 18.368861004710197 0.0 2.0 1.0 5675783.030092707 487049.55579398875 1.0863636363636364
59683.858889165 2459684.358168982 206.72396421432495 19.33535546064377 0.0 2.0 0.0 5597844.160359328 480371.08560998586 1.0863636363636364
59683.85956065 2459684.3588405335 207.69099846482277 20.302389711141586 0.0 2.0 1.0 5676025.346646731 487072.2623373595 1.0863636363636364
59683.86023176499 2459684.3595117154 208.65750029683113 21.268891543149948 0.0 2.0 0.0 5597994.885762954 480390.4793274848 1.0863636363636364
59683.860903245004 2459684.360183261 209.62452583014965 22.235917076468468 0.0 2.0 1.0 5677510.127689212 487192.98696521885 1.0863636363636364
59683.861574355 2459684.3608544357 210.5910176038742 23.202408850193024 0.0 2.0 0.0 5597219.62492331 480324.2600284376 1.0863636363636364
59683.862245835 2459684.3615259803 211.55804179608822 24.169433042407036 0.0 2.0 1.0 5675812.949943934 487051.39556032856 1.0863636363636364
59683.862916945 2459684.362197154 212.52453222870827 25.135923475027084 0.0 2.0 0.0 5595531.33196875 480178.19006636564 1.0863636363636364
59683.863588424996 2459684.362868698 213.49155507981777 26.10294632613659 0.0 2.0 1.0 5677156.068564015 487166.8617916824 1.0863636363636364
59683.864259534996 2459684.363539871 214.4580441713333 27.06943541765213 0.0 2.0 0.0 5595261.954972316 480154.53226319485 1.0863636363636364
59683.86493102 2459684.3642114177 215.4250717163086 28.03646296262741 0.0 2.0 1.0 5675354.297282775 487008.2239902156 1.0863636363636364
59683.865602135 2459684.364882595 216.39156684279442 29.002958089113235 0.0 2.0 0.0 5594442.478144761 480095.5758979182 1.0863636363636364
59683.866273615 2459684.365554136 217.35858634114265 29.96997758746147 0.0 2.0 1.0 5675111.689540359 486990.0779007384 1.0863636363636364
59683.866944725 2459684.366225307 218.32507207989693 30.936463326215744 0.0 2.0 0.0 5596347.229845139 480239.83841279976 1.0863636363636364
59683.867616204996 2459684.366896847 219.2920895665884 31.90348081290722 0.0 2.0 1.0 5677208.24006544 487171.1789641071 1.0863636363636364
59683.868287314996 2459684.367568017 220.25857463479042 32.86996588110924 0.0 2.0 0.0 5595761.785763249 480198.9406479775 1.0863636363636364
59683.86895879501 2459684.368239556 221.2255907803774 33.836982026696205 0.0 2.0 1.0 5676064.647665113 487071.5989560198 1.0863636363636364
59683.86962991 2459684.36891073 222.19208121299744 34.803472459316254 0.0 2.0 0.0 5595325.971332113 480162.81139264733 1.0863636363636364
59683.870301389994 2459684.369582268 223.1590960174799 35.770487263798714 0.0 2.0 1.0 5677087.577140967 487161.58305644477 1.0863636363636364
59683.870972505 2459684.3702534405 224.12558443844318 36.736975684762 0.0 2.0 0.0 5596952.853554873 480305.15994427865 1.0863636363636364
59683.871643984996 2459684.3709249785 225.09259924292564 37.70399048924446 0.0 2.0 1.0 5675315.761605999 487019.05192169774 1.0863636363636364
59683.911655464995 2459684.410940132 282.7144204080105 0.0 0.0 3.0 0.0 5578203.675788618 478712.7538823302 1.0863636363636364
59683.912326574995 2459684.411611314 283.68092224001884 0.9665018320083618 0.0 3.0 1.0 5661143.174467199 485783.1989549696 1.0863636363636364
59683.912998055006 2459684.4122828664 284.64795783162117 1.9335374236106873 0.0 3.0 0.0 5580823.630751318 478927.2199769388 1.0863636363636364
59683.913669165006 2459684.4129540487 285.6144603341818 2.900039926171303 0.0 3.0 1.0 5663867.70101152 486024.0055457719 1.0863636363636364
59683.91434065 2459684.413625606 286.58150263130665 3.8670822232961655 0.0 3.0 0.0 5582971.598987324 479119.90454779717 1.0863636363636364
59683.915011765 2459684.414296793 287.5480118393898 4.833591431379318 0.0 3.0 1.0 5665469.541813548 486157.95255979226 1.0863636363636364
59683.915683244995 2459684.4149683444 288.5150460898876 5.800625681877136 0.0 3.0 0.0 5584737.658368208 479266.22748872126 1.0863636363636364
59683.916354354995 2459684.4156395267 289.48154859244823 6.767128184437752 0.0 3.0 1.0 5664854.593546772 486116.73629680875 1.0863636363636364
59683.917025835006 2459684.416311078 290.4485821723938 7.734161764383316 0.0 3.0 0.0 5584795.301851536 479266.02020641015 1.0863636363636364
59683.917696945005 2459684.4169822596 291.41508400440216 8.700663596391678 0.0 3.0 1.0 5665819.840300696 486178.20484298986 1.0863636363636364
59683.918368425 2459684.417653811 292.3821182549 9.667697846889496 0.0 3.0 0.0 5584842.238705728 479274.0725729857 1.0863636363636364
59683.919039535 2459684.4183249916 293.3486180752516 10.634197667241096 0.0 3.0 1.0 5665025.924353519 486129.79440307 1.0863636363636364
59683.919711020004 2459684.418996547 294.3156576901674 11.601237282156944 0.0 3.0 0.0 5584498.284244224 479245.8825863999 1.0863636363636364
59683.920382134995 2459684.4196677324 295.2821648865938 12.567744478583336 0.0 3.0 1.0 5666358.466135432 486241.09209839295 1.0863636363636364
59683.921053615006 2459684.420339282 296.2491964548826 13.534776046872139 0.0 3.0 0.0 5586806.8043928705 479432.63238860294 1.0863636363636364
59683.921724725005 2459684.421010462 297.21569560468197 14.501275196671486 0.0 3.0 1.0 5666578.40470042 486240.8822783619 1.0863636363636364
59683.922396205 2459684.421682011 298.18272583186626 15.468305423855782 0.0 3.0 0.0 5585434.963388711 479318.41189865285 1.0863636363636364
59683.923067315 2459684.4223531894 299.14922297000885 16.434802561998367 0.0 3.0 1.0 5665432.686040906 486154.58515831485 1.0863636363636364
59683.923738795 2459684.4230247377 300.1162525266409 17.40183211863041 0.0 3.0 0.0 5585432.890526947 479328.71811779414 1.0863636363636364
59683.92440991 2459684.4236959205 301.08275569975376 18.36833529174328 0.0 3.0 1.0 5665356.245771062 486150.39362006617 1.0863636363636364
59683.92508139 2459684.424367468 302.0497839152813 19.335363507270813 0.0 3.0 0.0 5584583.440765888 479259.6199695749 1.0863636363636364
59683.925752505005 2459684.4250386497 303.01628574728966 20.301865339279175 0.0 3.0 1.0 5665930.504832511 486188.2854646201 1.0863636363636364
59683.926423985 2459684.4257101957 303.98331195116043 21.268891543149948 0.0 3.0 0.0 5583091.182479182 479131.9389154831 1.0863636363636364
59683.927095095 2459684.4263813714 304.9498050659895 22.23538465797901 0.0 3.0 1.0 5661074.674471484 485786.50611446094 1.0863636363636364
59683.927766575 2459684.4270529165 305.91682992875576 23.202409520745277 0.0 3.0 0.0 5581358.702131701 478984.9447427944 1.0863636363636364
59683.928437685 2459684.4277240913 306.8833217024803 24.168901294469833 0.0 3.0 1.0 5659555.938464931 485670.213375863 1.0863636363636364
59683.929109164994 2459684.428395635 307.8503445535898 25.135924145579338 0.0 3.0 0.0 5577949.036324508 478703.4037023047 1.0863636363636364
59683.92978028 2459684.4290668136 308.8168416917324 26.102421283721924 0.0 3.0 1.0 5656022.485568212 485363.58259029104 1.0863636363636364
59683.930451765 2459684.429738362 309.78387124836445 27.069450840353966 0.0 3.0 0.0 5575486.2797194095 478485.26534801396 1.0863636363636364
59683.931122875 2459684.4304095334 310.75035832822323 28.035937920212746 0.0 3.0 1.0 5654674.891361841 485262.8176720454 1.0863636363636364
59683.931794355 2459684.4310810757 311.717379167676 29.00295875966549 0.0 3.0 0.0 5573324.845677996 478306.53699900303 1.0863636363636364
59683.932465465 2459684.431752247 312.6838655769825 29.969445168972015 0.0 3.0 1.0 5654400.533570524 485231.0511691851 1.0863636363636364
59683.933136944994 2459684.4324237877 313.6508844047785 30.936463996767998 0.0 3.0 0.0 5572724.617563002 478254.31596001284 1.0863636363636364
59683.93380805499 2459684.433094958 314.6173694729805 31.902949064970016 0.0 3.0 1.0 5653075.818315969 485129.89196582057 1.0863636363636364
59683.934479535004 2459684.4337664978 315.584386959672 32.86996655166149 0.0 3.0 0.0 5571816.19294822 478182.675263015 1.0863636363636364
59683.935150649995 2459684.4344376717 316.550877392292 33.83645698428154 0.0 3.0 1.0 5651664.416253636 485011.1118059521 1.0863636363636364
59683.935822135 2459684.4351092153 317.5179002434015 34.803479835391045 0.0 3.0 0.0 5571906.726230903 478188.4704626563 1.0863636363636364
59683.936493245 2459684.435780384 318.4843832999468 35.7699628919363 0.0 3.0 1.0 5652340.66035415 485086.5787694753 1.0863636363636364
59683.93716472499 2459684.4364519217 319.451397433877 36.73697702586651 0.0 3.0 0.0 5570404.867722363 478064.3909937068 1.0863636363636364
59683.93783583499 2459684.437123089 320.4178784787655 37.703458070755005 0.0 3.0 1.0 5651790.436187635 485041.14687350125 1.0863636363636364
59683.978298795 2459684.477589772 378.6899019777775 0.0 0.0 4.0 0.0 5552727.76915861 476558.6203726716 1.0863636363636364
59683.978970280004 2459684.4782613292 379.65694427490234 0.9670422971248627 0.0 4.0 1.0 5635144.356854744 483609.17799500754 1.0863636363636364
59683.979641390004 2459684.4789325115 380.62344677746296 1.9335447996854782 0.0 4.0 0.0 5557021.894916415 476927.519325746 1.0863636363636364
59683.980312875006 2459684.4796040687 381.5904890745878 2.900587096810341 0.0 4.0 1.0 5639014.195827306 483935.4382075148 1.0863636363636364
59683.980983985006 2459684.480275251 382.55699157714844 3.8670895993709564 0.0 4.0 0.0 5557649.904117206 476980.2739077586 1.0863636363636364
59683.981655465 2459684.480946803 383.5240264981985 4.834124520421028 0.0 4.0 1.0 5638286.044163178 483872.7600935345 1.0863636363636364
59683.982326575 2459684.481617985 384.49052833020687 5.80062635242939 0.0 4.0 0.0 5559488.8207021365 477137.19974368665 1.0863636363636364
59683.982998055 2459684.4822895364 385.4575625807047 6.767660602927208 0.0 4.0 1.0 5637813.375084579 483835.75625919236 1.0863636363636364
59683.983669165 2459684.4829607178 386.4240637421608 7.734161764383316 0.0 4.0 0.0 5559291.908101986 477125.1693314883 1.0863636363636364
59683.98434065 2459684.4836322744 387.3911053687334 8.701203390955925 0.0 4.0 1.0 5640604.341011314 484074.3901436431 1.0863636363636364
59683.985011765006 2459684.48430346 388.3576125651598 9.667710587382317 0.0 4.0 0.0 5558365.282403173 477036.1134551818 1.0863636363636364
59683.985683245 2459684.484975011 389.32464614510536 10.63474416732788 0.0 4.0 1.0 5636307.60522536 483711.92789430835 1.0863636363636364
59683.986354355 2459684.485646191 390.2911452949047 11.601243317127228 0.0 4.0 0.0 5557425.999149664 476944.013019115 1.0863636363636364
59683.987025835 2459684.486317741 391.25817753374577 12.568275555968285 0.0 4.0 1.0 5638146.397992227 483869.13875592436 1.0863636363636364
59683.987696945 2459684.486988921 392.2246766835451 13.534774705767632 0.0 4.0 0.0 5557435.110097813 476944.3747893098 1.0863636363636364
59683.988368424994 2459684.4876604704 393.19170758128166 14.501805603504181 0.0 4.0 1.0 5639477.666172258 483972.79684796726 1.0863636363636364
59683.989039534994 2459684.488331649 394.15820471942425 15.468302741646767 0.0 4.0 0.0 5557425.27397444 476961.63056479703 1.0863636363636364
59683.989711019996 2459684.4890032024 395.1252416521311 16.4353396743536 0.0 4.0 1.0 5637309.132867962 483792.3556805326 1.0863636363636364
59683.990382135 2459684.489674385 396.09174482524395 17.40184284746647 0.0 4.0 0.0 5557704.868469245 476978.52716462454 1.0863636363636364
59683.991053615 2459684.4903459325 397.0587730407715 18.368871062994003 0.0 4.0 1.0 5637640.075934448 483831.74284404446 1.0863636363636364
59683.991724725 2459684.4910171092 398.02526749670506 19.335365518927574 0.0 4.0 0.0 5559025.225179562 477094.9970945012 1.0863636363636364
59683.992396204994 2459684.491688656 398.99229504168034 20.302393063902855 0.0 4.0 1.0 5637542.1889600875 483819.77395727625 1.0863636363636364
59683.993067314994 2459684.4923598315 399.95878748595715 21.268885508179665 0.0 4.0 0.0 5558475.727273294 477060.79050620965 1.0863636363636364
59683.993738795005 2459684.4930313774 400.9258136898279 22.235911712050438 0.0 4.0 1.0 5637412.154232553 483802.86468183255 1.0863636363636364
59683.994409909996 2459684.493702557 401.892312169075 23.20241019129753 0.0 4.0 0.0 5556551.537217401 476877.72749492404 1.0863636363636364
59683.99508139 2459684.494374101 402.85933569073677 24.16943371295929 0.0 4.0 1.0 5639023.283231844 483945.8094997217 1.0863636363636364
59683.995752505 2459684.49504528 403.8258334994316 25.13593152165413 0.0 4.0 0.0 5558573.876283908 477051.52752414806 1.0863636363636364
59683.996423984994 2459684.495716823 404.7928550094366 26.102953031659126 0.0 4.0 1.0 5637465.810810043 483807.81928400055 1.0863636363636364
59683.997095094994 2459684.496387996 405.75934410095215 27.069442123174667 0.0 4.0 0.0 5558642.573835712 477062.7978503477 1.0863636363636364
59683.997766575005 2459684.4970595376 406.72636426985264 28.036462292075157 0.0 4.0 1.0 5637253.457014447 483783.8975318703 1.0863636363636364
59683.998437685004 2459684.497730709 407.6928513497114 29.002949371933937 0.0 4.0 0.0 5557407.827656264 476960.26104986464 1.0863636363636364
59683.999109165 2459684.49840225 408.6598701775074 29.96996819972992 0.0 4.0 1.0 5636591.198035666 483739.15265735425 1.0863636363636364
59683.99978028 2459684.499073426 409.62636329233646 30.936461314558983 0.0 4.0 0.0 5558961.36970141 477100.36636867345 1.0863636363636364
59684.000451764994 2459684.4997449704 410.5933874845505 31.903485506772995 0.0 4.0 1.0 5638541.324557554 483895.00533391384 1.0863636363636364
59684.00112287499 2459684.50041614 411.55987188220024 32.86996990442276 0.0 4.0 0.0 5558145.5171435075 477017.8878328279 1.0863636363636364
59684.001794355005 2459684.501087679 412.5268880277872 33.83698605000973 0.0 4.0 1.0 5638011.409884909 483862.17100843595 1.0863636363636364
59684.002465465004 2459684.5017588474 413.4933704137802 34.80346843600273 0.0 4.0 0.0 5556494.399561822 476877.1956159423 1.0863636363636364
59684.003136945 2459684.5024303854 414.4603852182627 35.77048324048519 0.0 4.0 1.0 5636838.227260505 483762.95529693086 1.0863636363636364
59684.003808055 2459684.5031015533 415.4268669337034 36.73696495592594 0.0 4.0 0.0 5557881.042083569 476996.24196279945 1.0863636363636364
59684.004479535 2459684.5037730904 416.3938803970814 37.703978419303894 0.0 4.0 1.0 5637125.509722647 483790.4259804378 1.0863636363636364
59684.047233984995 2459684.54653152 477.9660187661648 0.0 0.0 5.0 0.0 5537416.18650179 475247.19598061335 1.0863636363636364
59684.047905465006 2459684.5472030723 478.9330543577671 0.9670355916023254 0.0 5.0 1.0 5621377.791055298 482451.06750835566 1.0863636363636364
59684.048576575005 2459684.5478742537 479.8995555192232 1.9335367530584335 0.0 5.0 0.0 5542084.485435943 475649.6235659139 1.0863636363636364
59684.049248055 2459684.5485458057 480.8665904402733 2.9005716741085052 0.0 5.0 1.0 5622783.143547785 482571.25513437914 1.0863636363636364
59684.049919165 2459684.549216987 481.8330916017294 3.8670728355646133 0.0 5.0 0.0 5544473.795989042 475862.5816414327 1.0863636363636364
59684.050590650004 2459684.5498885433 482.80013255774975 4.834113791584969 0.0 5.0 1.0 5624150.780451067 482670.72104700713 1.0863636363636364
59684.051261764995 2459684.5505597293 483.7666404247284 5.800621658563614 0.0 5.0 0.0 5545887.976670162 475983.29793134227 1.0863636363636364
59684.051933245006 2459684.55123128 484.7336733341217 6.767654567956924 0.0 5.0 1.0 5626919.409257221 482920.513755226 1.0863636363636364
59684.052604355005 2459684.5519024604 485.7001731544733 7.734154388308525 0.0 5.0 0.0 5547597.77470209 476114.25167142315 1.0863636363636364
59684.053275835 2459684.55257401 486.6672047227621 8.701185956597328 0.0 5.0 1.0 5626912.925357565 482925.7285423713 1.0863636363636364
59684.053946945 2459684.55324519 487.63370387256145 9.667685106396675 0.0 5.0 0.0 5547394.530485242 476116.41641229327 1.0863636363636364
59684.054618425 2459684.5539167393 488.600734770298 10.634716004133224 0.0 5.0 1.0 5625940.984228498 482841.3237146622 1.0863636363636364
59684.055289535 2459684.554587918 489.5672319084406 11.60121314227581 0.0 5.0 0.0 5545724.728100056 475971.23064151395 1.0863636363636364
59684.05596102 2459684.5552594713 490.5342688411474 12.568250074982643 0.0 5.0 1.0 5623492.884240079 482633.8182442574 1.0863636363636364
59684.056632135005 2459684.5559306545 491.50077268481255 13.534753918647766 0.0 5.0 0.0 5545681.416953666 475956.7098484378 1.0863636363636364
59684.057303615 2459684.5566022014 492.4678002297878 14.501781463623047 0.0 5.0 1.0 5625964.820633783 482837.30843009346 1.0863636363636364
59684.057974725 2459684.5572733786 493.43429535627365 15.468276590108871 0.0 5.0 0.0 5545826.807666925 475976.38066047616 1.0863636363636364
59684.058646205 2459684.557944925 494.4013222306967 16.4353034645319 0.0 5.0 1.0 5623393.960512498 482631.51635081746 1.0863636363636364
59684.059317315 2459684.558616101 495.36781534552574 17.401796579360962 0.0 5.0 0.0 5546028.287305951 476010.2583990449 1.0863636363636364
59684.059988794994 2459684.559287646 496.334840208292 18.368821442127228 0.0 5.0 1.0 5625034.614665722 482760.6537345307 1.0863636363636364
59684.06065991 2459684.559958826 497.30133935809135 19.335320591926575 0.0 5.0 0.0 5546493.308057465 476043.9933744232 1.0863636363636364
59684.061331389996 2459684.56063037 498.2683628797531 20.302344113588333 0.0 5.0 1.0 5624980.259958251 482763.3352505987 1.0863636363636364
59684.062002505 2459684.561301549 499.23486068844795 21.268841922283173 0.0 5.0 0.0 5547329.666464688 476115.44334389037 1.0863636363636364
59684.062673985 2459684.561973092 500.2018828690052 22.235864102840424 0.0 5.0 1.0 5625421.564584433 482807.0208695047 1.0863636363636364
59684.063345095 2459684.5626442647 501.1683712899685 23.20235252380371 0.0 5.0 0.0 5548276.702072125 476194.5115569074 1.0863636363636364
59684.064016574994 2459684.5633158064 502.135391458869 24.1693726927042 0.0 5.0 1.0 5626006.066088637 482848.8765898516 1.0863636363636364
59684.06468768499 2459684.563986978 503.10187853872776 25.13585977256298 0.0 5.0 0.0 5548797.608796626 476223.1771644148 1.0863636363636364
59684.065359165004 2459684.564658519 504.06889736652374 26.102878600358963 0.0 5.0 1.0 5630719.675110078 483237.6524179972 1.0863636363636364
59684.066030279995 2459684.5653296947 505.0353904813528 27.069371715188026 0.0 5.0 0.0 5551083.405464902 476430.4706723309 1.0863636363636364
59684.066701765 2459684.566001239 506.0024146735668 28.03639590740204 0.0 5.0 1.0 5632491.924367143 483391.1903159429 1.0863636363636364
59684.067372875 2459684.5666724085 506.96889840066433 29.00287963449955 0.0 5.0 0.0 5552992.254138169 476595.47410077177 1.0863636363636364
59684.06804435499 2459684.567343948 507.93591521680355 29.96989645063877 0.0 5.0 1.0 5632749.497076765 483415.14765652135 1.0863636363636364
59684.06871546499 2459684.568015116 508.9023969322443 30.93637816607952 0.0 5.0 0.0 5556436.299213796 476877.3863217119 1.0863636363636364
59684.069386945004 2459684.5686866543 509.869412407279 31.903393641114235 0.0 5.0 1.0 5635280.483787256 483622.3561488911 1.0863636363636364
59684.070058055004 2459684.569357822 510.83589412271976 32.869875356554985 0.0 5.0 0.0 5555716.459646897 476812.8098340287 1.0863636363636364
59684.070729535 2459684.5700293593 511.8029075860977 33.83688881993294 0.0 5.0 1.0 5635137.080042756 483606.72972812364 1.0863636363636364
59684.071400650006 2459684.570700531 512.7693946659565 34.80337589979172 0.0 5.0 0.0 5556069.076368705 476841.92651048326 1.0863636363636364
59684.07207213499 2459684.571372072 513.7364141643047 35.770395398139954 0.0 5.0 1.0 5634223.661759773 483545.3719713542 1.0863636363636364
59684.07274324499 2459684.5720432387 514.7028938680887 36.73687510192394 0.0 5.0 0.0 5555190.646972198 476789.64049140655 1.0863636363636364
59684.073414725004 2459684.5727147744 515.6699053198099 37.703886553645134 0.0 5.0 1.0 5633370.481370055 483480.59293339035 1.0863636363636364
59684.11544028 2459684.614744295 576.1924148350954 0.0 0.0 6.0 0.0 5535866.4308105735 475146.3302583319 1.0863636363636364
59684.11611139 2459684.6154154763 577.1589159965515 0.9665011614561081 0.0 6.0 1.0 5619765.783116084 482322.5207203918 1.0863636363636364
59684.116782875004 2459684.6160870325 578.1259569525719 1.9335421174764633 0.0 6.0 0.0 5540411.423067831 475509.75267043954 1.0863636363636364
59684.117453985 2459684.6167582134 579.0924574434757 2.9000426083803177 0.0 6.0 1.0 5619293.573896018 482278.3265222425 1.0863636363636364
59684.118125465 2459684.617429764 580.059490352869 3.8670755177736282 0.0 6.0 0.0 5541491.925600795 475615.0245243332 1.0863636363636364
59684.118796575 2459684.6181009444 581.0259901732206 4.833575338125229 0.0 6.0 1.0 5621401.673204516 482444.0217681174 1.0863636363636364
59684.119468054996 2459684.618772495 581.993023082614 5.800608247518539 0.0 6.0 0.0 5541779.559676996 475629.2655649417 1.0863636363636364
59684.120139164996 2459684.619443674 582.9595208913088 6.767106056213379 0.0 6.0 1.0 5620876.976059566 482411.9577445763 1.0863636363636364
59684.12081065 2459684.6201152285 583.9265591651201 7.734144330024719 0.0 6.0 0.0 5542633.499139941 475711.0207258516 1.0863636363636364
59684.121481765 2459684.6207864126 584.8930643498898 8.70064951479435 0.0 6.0 1.0 5621402.053202372 482453.7581114558 1.0863636363636364
59684.122153245 2459684.621457961 585.8600939065218 9.667679071426392 0.0 6.0 0.0 5542973.165583036 475740.35856990155 1.0863636363636364
59684.122824355 2459684.6221291386 586.8265897035599 10.63417486846447 0.0 6.0 1.0 5621993.392028495 482503.6618558184 1.0863636363636364
59684.123495834996 2459684.622800686 587.7936179190874 11.601203083992004 0.0 6.0 0.0 5544791.274084961 475904.70774812653 1.0863636363636364
59684.124166944996 2459684.623471863 588.7601130455732 12.567698210477829 0.0 6.0 1.0 5621789.722160596 482497.13917792425 1.0863636363636364
59684.12483842501 2459684.6241434095 589.7271399199963 13.534725084900856 0.0 6.0 0.0 5543294.729524623 475774.4919154828 1.0863636363636364
59684.125509535006 2459684.6248145853 590.6936330348253 14.50121819972992 0.0 6.0 1.0 5621187.768862307 482452.1841346467 1.0863636363636364
59684.126181019994 2459684.6254861355 591.6606652736664 15.468250438570976 0.0 6.0 0.0 5542787.172100199 475733.6370981083 1.0863636363636364
59684.126852135 2459684.626157316 592.627165094018 16.434750258922577 0.0 6.0 1.0 5622577.924301719 482574.0887266605 1.0863636363636364
59684.127523614996 2459684.62682886 593.5941886156797 17.401773780584335 0.0 6.0 0.0 5543918.3326204205 475823.6933069359 1.0863636363636364
59684.128194724995 2459684.6275000335 594.5606783777475 18.36826354265213 0.0 6.0 1.0 5620952.969240946 482425.9256121891 1.0863636363636364
59684.12886620501 2459684.6281715767 595.5277005583048 19.33528572320938 0.0 6.0 0.0 5542372.308096829 475705.27190530644 1.0863636363636364
59684.129537315006 2459684.628842749 596.4941889792681 20.30177414417267 0.0 6.0 1.0 5622077.251225635 482516.69746421697 1.0863636363636364
59684.130208795 2459684.6295142914 597.4612098187208 21.268794983625412 0.0 6.0 0.0 5543253.180831587 475772.22260701197 1.0863636363636364
59684.13087991 2459684.630185468 598.4277042746544 22.235289439558983 0.0 6.0 1.0 5622669.080557005 482582.3563497002 1.0863636363636364
59684.131551390004 2459684.630857009 599.3947231024504 23.202308267354965 0.0 6.0 0.0 5543598.205359107 475796.02564938564 1.0863636363636364
59684.132222504995 2459684.6315281843 600.3612155467272 24.168800711631775 0.0 6.0 1.0 5620802.663655268 482425.2598632704 1.0863636363636364
59684.13289398501 2459684.632199724 601.3282330334187 25.13581819832325 0.0 6.0 0.0 5542269.491277058 475676.5095060043 1.0863636363636364
59684.133565095006 2459684.6328708935 602.2947167605162 26.10230192542076 0.0 6.0 1.0 5620915.599803268 482415.2805819295 1.0863636363636364
59684.134236575 2459684.633542433 603.2617335766554 27.069318741559982 0.0 6.0 0.0 5542709.277965923 475711.4038842696 1.0863636363636364
59684.134907685 2459684.6342136012 604.2282159626484 28.035801127552986 0.0 6.0 1.0 5620881.902267824 482416.27123675705 1.0863636363636364
59684.135579165 2459684.6348851393 605.1952307671309 29.002815932035446 0.0 6.0 0.0 5542595.726567817 475706.89129262685 1.0863636363636364
59684.136250280004 2459684.635556312 606.1617191880941 29.969304352998734 0.0 6.0 1.0 5620866.282297645 482417.9621124826 1.0863636363636364
59684.136921765006 2459684.636227854 607.1287400275469 30.936325192451477 0.0 6.0 0.0 5541616.255895881 475620.0301396516 1.0863636363636364
59684.137592875006 2459684.636899021 608.0952204018831 31.90280556678772 0.0 6.0 1.0 5620030.568573166 482349.9849305682 1.0863636363636364
59684.138264355 2459684.6375705577 609.0622331947088 32.86981835961342 0.0 6.0 0.0 5542108.191402292 475679.1916173313 1.0863636363636364
59684.138935465 2459684.638241724 610.0287128984928 33.83629806339741 0.0 6.0 1.0 5620770.4730083225 482405.7716167289 1.0863636363636364
59684.139606945 2459684.6389132603 610.9957250207663 34.80331018567085 0.0 6.0 0.0 5540335.160150412 475528.9653092983 1.0863636363636364
59684.140278055 2459684.6395844254 611.9622027128935 35.76978787779808 0.0 6.0 1.0 5620106.714294934 482354.2824390185 1.0863636363636364
59684.140949534994 2459684.6402559616 612.9292148351669 36.736800000071526 0.0 6.0 0.0 5541525.419265372 475614.5245711332 1.0863636363636364
59684.14162065 2459684.6409271313 613.8956992328167 37.70328439772129 0.0 6.0 1.0 5620193.506442893 482358.475339517 1.0863636363636364
59684.182523615 2459684.6818339904 672.8015763312578 0.0 0.0 7.0 0.0 5523176.957362089 474057.9419466683 1.0863636363636364
59684.183194725 2459684.6825051713 673.7680768221617 0.9665004909038544 0.0 7.0 1.0 5604425.923243973 481006.8957641368 1.0863636363636364
59684.183866205 2459684.683176723 674.7351110726595 1.9335347414016724 0.0 7.0 0.0 5526979.816971638 474394.0200790019 1.0863636363636364
59684.184537315 2459684.683847903 675.7016102224588 2.9000338912010193 0.0 7.0 1.0 5606169.112898557 481165.2559247096 1.0863636363636364
59684.185208794996 2459684.6845194534 676.6686431318521 3.86706680059433 0.0 7.0 0.0 5527562.044315487 474428.2111996267 1.0863636363636364
59684.18587991 2459684.685190638 677.635148987174 4.833572655916214 0.0 7.0 1.0 5607603.228225285 481270.0819680277 1.0863636363636364
59684.18655139 2459684.685862188 678.6021812260151 5.800604894757271 0.0 7.0 0.0 5529189.007031855 474564.67191412434 1.0863636363636364
59684.187222505 2459684.686533372 679.5686857402325 6.7671094089746475 0.0 7.0 1.0 5609303.241739027 481432.57734361227 1.0863636363636364
59684.187893985 2459684.6872049207 680.5357159674168 7.734139636158943 0.0 7.0 0.0 5529293.47798239 474587.9093179515 1.0863636363636364
59684.188565095 2459684.687876099 681.5022124350071 8.700636103749275 0.0 7.0 1.0 5608344.869002754 481348.9579402291 1.0863636363636364
59684.189236574995 2459684.6885476466 682.4692413210869 9.667664989829063 0.0 7.0 0.0 5530857.627449283 474698.555347988 1.0863636363636364
59684.189907684995 2459684.689218824 683.4357364475727 10.634160116314888 0.0 7.0 1.0 5609301.027996053 481431.5786041847 1.0863636363636364
59684.190579165006 2459684.6898903707 684.402763992548 11.601187661290169 0.0 7.0 0.0 5531244.812737326 474751.3900325592 1.0863636363636364
59684.19125028 2459684.690561552 685.3692651540041 12.567688822746277 0.0 7.0 1.0 5608919.687853863 481405.75689564436 1.0863636363636364
59684.191921765 2459684.6912331027 686.3362980633974 13.534721732139587 0.0 7.0 0.0 5530750.076465907 474710.23985674686 1.0863636363636364
59684.192592875 2459684.691904278 687.3027905076742 14.501214176416397 0.0 7.0 1.0 5609414.523607131 481448.0391042255 1.0863636363636364
59684.193264354995 2459684.6925758226 688.2698146998882 15.46823836863041 0.0 7.0 0.0 5531058.883755255 474736.4030953479 1.0863636363636364
59684.193935464995 2459684.693246997 689.2363058030605 16.43472947180271 0.0 7.0 1.0 5610311.492586149 481528.1593510887 1.0863636363636364
59684.194606945006 2459684.69391854 690.2033279836178 17.401751652359962 0.0 7.0 0.0 5529901.7612478845 474630.6038628293 1.0863636363636364
59684.195278055005 2459684.694589713 691.1698170751333 18.368240743875504 0.0 7.0 1.0 5610879.06194652 481570.51757225784 1.0863636363636364
59684.195949535 2459684.695261256 692.1368385851383 19.3352622538805 0.0 7.0 0.0 5531051.338117788 474719.1378928797 1.0863636363636364
59684.19662065 2459684.695932433 693.1033337116241 20.301757380366325 0.0 7.0 1.0 5611809.021373038 481653.33994744683 1.0863636363636364
59684.197292134995 2459684.696603979 694.0703599154949 21.2687835842371 0.0 7.0 0.0 5533386.708449749 474925.84316919453 1.0863636363636364
59684.197963244995 2459684.69727515 695.0368463248014 22.235269993543625 0.0 7.0 1.0 5611785.920876931 481651.0748578407 1.0863636363636364
59684.198634725006 2459684.6979466905 696.0038644820452 23.202288150787354 0.0 7.0 0.0 5533239.224521812 474909.2918740353 1.0863636363636364
59684.199305835005 2459684.69861786 696.9703488796949 24.16877254843712 0.0 7.0 1.0 5614033.859808368 481843.5095521226 1.0863636363636364
59684.199977315 2459684.699289399 697.9373650252819 25.135788694024086 0.0 7.0 0.0 5532170.325820673 474823.38734654663 1.0863636363636364
59684.200648425 2459684.6999605685 698.9038487523794 26.102272421121597 0.0 7.0 1.0 5612082.004695478 481672.2107802582 1.0863636363636364
59684.201319910004 2459684.7006321116 699.8708709329367 27.06929460167885 0.0 7.0 0.0 5535023.180394321 475068.3062511013 1.0863636363636364
59684.20199102 2459684.7013032795 700.8373526483774 28.0357763171196 0.0 7.0 1.0 5614558.371470486 481879.8894809133 1.0863636363636364
59684.202662505006 2459684.7019748227 701.8043748289347 29.00279849767685 0.0 7.0 0.0 5534006.455364072 474971.00937798055 1.0863636363636364
59684.203333615005 2459684.702645989 702.7708545327187 29.96927820146084 0.0 7.0 1.0 5612902.553745358 481740.7166228043 1.0863636363636364
59684.204005095 2459684.7033175263 703.7378679960966 30.93629166483879 0.0 7.0 0.0 5534720.835302635 475039.23119701026 1.0863636363636364
59684.204676205 2459684.7039886927 704.7043476998806 31.90277136862278 0.0 7.0 1.0 5613614.775000874 481802.3443680835 1.0863636363636364
59684.205347685 2459684.704660229 705.671359822154 32.869783490896225 0.0 7.0 0.0 5535374.61084162 475090.62144885986 1.0863636363636364
59684.206018795 2459684.7053313944 706.6378381848335 33.83626185357571 0.0 7.0 1.0 5613297.2586068725 481763.22678621823 1.0863636363636364
59684.20669028 2459684.7060029353 707.6048570126295 34.80328068137169 0.0 7.0 0.0 5533993.211609183 474986.0571303121 1.0863636363636364
59684.20736139 2459684.706674101 708.571335375309 35.76975904405117 0.0 7.0 1.0 5613717.347911573 481812.9561921696 1.0863636363636364
59684.208032875 2459684.707345641 709.5383535325527 36.7367772012949 0.0 7.0 0.0 5531578.057027863 474779.87031516316 1.0863636363636364
59684.208703985 2459684.7080168063 710.50483122468 37.70325489342213 0.0 7.0 1.0 5611953.0635602325 481672.6425994553 1.0863636363636364
