# %ECSV 1.0
# ---
# datatype:
# - {name: t_mjd, datatype: float64}
# - {name: t_bjd, datatype: float64}
# - {name: t_visit, datatype: float64}
# - {name: t_orbit, datatype: float64}
# - {name: ivisit, datatype: float64}
# - {name: iorbit, datatype: float64}
# - {name: scan, datatype: float64}
# - {name: spec_opt, datatype: float64}
# - {name: var_opt, datatype: float64}
# - {name: wave, datatype: float64}
# schema: astropy-2.0
t_mjd t_bjd t_visit t_orbit ivisit iorbit scan spec_opt var_opt wave
59683.716215465 2459684.2154816925 1.2542673200368881 1.2542673200368881 0.0 0.0 0.0 2215427.592370956 194373.07129285592 0.8536363636363636
59683.716886944996 2459684.2161532445 2.22130224108696 2.22130224108696 0.0 0.0 1.0 2252640.4336960963 197619.24745434494 0.8536363636363636
59683.717558054996 2459684.2168244263 3.1878040730953217 3.1878040730953217 0.0 0.0 0.0 2229228.922299592 195542.96209187192 0.8536363636363636
59683.71822953501 2459684.217495978 4.15483832359314 4.15483832359314 0.0 0.0 1.0 2261943.4381887335 198418.92927163283 0.8536363636363636
59683.71890065 2459684.218167164 5.121346190571785 5.121346190571785 0.0 0.0 0.0 2236825.6778889378 196184.72751721743 0.8536363636363636
59683.719572135 2459684.21883872 6.08838714659214 6.08838714659214 0.0 0.0 1.0 2265804.312833899 198728.30400728804 0.8536363636363636
59683.720243245 2459684.219509901 7.054887637495995 7.054887637495995 0.0 0.0 0.0 2239553.0004188213 196410.18335396206 0.8536363636363636
59683.720914724996 2459684.220181452 8.021921217441559 8.021921217441559 0.0 0.0 1.0 2268874.114167617 198979.1320166745 0.8536363636363636
59683.721585834995 2459684.220852632 8.988420367240906 8.988420367240906 0.0 0.0 0.0 2242447.4652852444 196661.66895489846 0.8536363636363636
59683.72225731501 2459684.2215241822 9.955452606081963 9.955452606081963 0.0 0.0 1.0 2270241.6576279653 199105.40645908285 0.8536363636363636
59683.722928425006 2459684.2221953617 10.921951085329056 10.921951085329056 0.0 0.0 0.0 2243371.0259534083 196736.40579165381 0.8536363636363636
59683.72359991 2459684.2228669156 11.888988688588142 11.888988688588142 0.0 0.0 1.0 2271950.677665925 199258.00842823347 0.8536363636363636
59683.72427102 2459684.2235380947 12.855486497282982 12.855486497282982 0.0 0.0 0.0 2245522.751546112 196925.98401725356 0.8536363636363636
59683.724942504996 2459684.224209648 13.822523429989815 13.822523429989815 0.0 0.0 1.0 2273246.025791897 199354.72897491907 0.8536363636363636
59683.725613614995 2459684.2248808257 14.789019227027893 14.789019227027893 0.0 0.0 0.0 2246350.0140079395 196988.78984765869 0.8536363636363636
59683.72628509501 2459684.225552373 15.756047442555428 15.756047442555428 0.0 0.0 1.0 2274514.2386192125 199468.9842044933 0.8536363636363636
59683.726956205006 2459684.22622355 16.722541898489 16.722541898489 0.0 0.0 0.0 2247110.123348052 197051.67884264057 0.8536363636363636
59683.727627685 2459684.2268950962 17.689568772912025 17.689568772912025 0.0 0.0 1.0 2274522.178002189 199453.58508252984 0.8536363636363636
59683.728298795 2459684.227566272 18.65606188774109 18.65606188774109 0.0 0.0 0.0 2248082.0975385215 197142.1454524894 0.8536363636363636
59683.728970280004 2459684.228237822 19.623094126582146 19.623094126582146 0.0 0.0 1.0 2274661.944239662 199475.6706097198 0.8536363636363636
59683.729641390004 2459684.228908997 20.5895859003067 20.5895859003067 0.0 0.0 0.0 2248411.5575237917 197172.6537260007 0.8536363636363636
59683.730312875006 2459684.229580546 21.556616127490997 21.556616127490997 0.0 0.0 1.0 2275082.5335971382 199508.3246537207 0.8536363636363636
59683.730983985006 2459684.2302517197 22.523106560111046 22.523106560111046 0.0 0.0 0.0 2248563.521333129 197180.74311480892 0.8536363636363636
59683.731655465 2459684.2309232624 23.490128070116043 23.490128070116043 0.0 0.0 1.0 2274701.2862049257 199488.55073724722 0.8536363636363636
59683.732326575 2459684.231594435 24.45661649107933 24.45661649107933 0.0 0.0 0.0 2249025.349460331 197217.76301612446 0.8536363636363636
59683.732998055 2459684.2322659767 25.42363665997982 25.42363665997982 0.0 0.0 1.0 2274903.300119403 199506.65130901552 0.8536363636363636
59683.733669165 2459684.2329371483 26.3901237398386 26.3901237398386 0.0 0.0 0.0 2249758.5516078267 197277.27820831962 0.8536363636363636
59683.73434065 2459684.2336086943 27.357149943709373 27.357149943709373 0.0 0.0 1.0 2274772.420172966 199493.4859582566 0.8536363636363636
59683.735011765006 2459684.234279869 28.32364171743393 28.32364171743393 0.0 0.0 0.0 2249086.6019785027 197220.77999881163 0.8536363636363636
59683.735683245 2459684.2349514095 29.290659874677658 29.290659874677658 0.0 0.0 1.0 2275248.456610604 199529.27844058085 0.8536363636363636
59683.736354355 2459684.2356225783 30.257142931222916 30.257142931222916 0.0 0.0 0.0 2248763.0432009134 197211.0752723689 0.8536363636363636
59683.737025835 2459684.2362941173 31.224159076809883 31.224159076809883 0.0 0.0 1.0 2276104.9677805156 199602.8158135924 0.8536363636363636
59683.737696945 2459684.2369652856 32.19064146280289 32.19064146280289 0.0 0.0 0.0 2249762.517806205 197290.5276572362 0.8536363636363636
59683.738368424994 2459684.2376368237 33.15765626728535 33.15765626728535 0.0 0.0 1.0 2275455.3854216714 199559.42911324912 0.8536363636363636
59683.739039534994 2459684.238307991 34.12413731217384 34.12413731217384 0.0 0.0 0.0 2249654.5413540327 197287.11549418542 0.8536363636363636
59683.739711019996 2459684.2389795333 35.09115815162659 35.09115815162659 0.0 0.0 1.0 2275920.393268356 199594.66220035605 0.8536363636363636
59683.740382135 2459684.239650705 36.05764523148537 36.05764523148537 0.0 0.0 0.0 2249404.81253121 197249.36904553263 0.8536363636363636
59683.741053615 2459684.240322241 37.02465735375881 37.02465735375881 0.0 0.0 1.0 2275501.5138772316 199560.29812962 0.8536363636363636
59683.741724725 2459684.240993407 37.99113638699055 37.99113638699055 0.0 0.0 0.0 2248369.5070020347 197167.06311620443 0.8536363636363636
59683.742396204994 2459684.2416649433 38.95814850926399 38.95814850926399 0.0 0.0 1.0 2275865.072865217 199585.9054004316 0.8536363636363636
59683.779259535004 2459684.2785316817 92.04625189304352 0.0 0.0 1.0 0.0 2245123.201847887 196887.2451179451 0.8536363636363636
59683.77993102 2459684.279203239 93.01329419016838 0.9670422971248627 0.0 1.0 1.0 2273645.7684040037 199365.90205942633 0.8536363636363636
59683.780602135 2459684.279874426 93.97980339825153 1.9335515052080154 0.0 1.0 0.0 2247816.397682197 197114.66873454655 0.8536363636363636
59683.78127361499 2459684.2805459783 94.94683898985386 2.900587096810341 0.0 1.0 1.0 2274420.5007905522 199437.7563747129 0.8536363636363636
59683.78194472499 2459684.28121716 95.91334082186222 3.8670889288187027 0.0 1.0 0.0 2246762.166627296 197023.21453865452 0.8536363636363636
59683.782616205004 2459684.281888712 96.88037574291229 4.834123849868774 0.0 1.0 1.0 2275280.1458637854 199515.32736426243 0.8536363636363636
59683.783287315004 2459684.2825598945 97.84687824547291 5.80062635242939 0.0 1.0 0.0 2248165.6798911043 197146.91236731823 0.8536363636363636
59683.783958795 2459684.283231446 98.81391249597073 6.767660602927208 0.0 1.0 1.0 2275542.107181697 199534.08019036322 0.8536363636363636
59683.784629910006 2459684.2839026325 99.78042103350163 7.734169140458107 0.0 1.0 0.0 2247882.7816033694 197117.2136848794 0.8536363636363636
59683.78530139 2459684.284574184 100.74745528399944 8.701203390955925 0.0 1.0 1.0 2275562.9630082184 199530.14065814103 0.8536363636363636
59683.78597250499 2459684.28524537 101.71396315097809 9.66771125793457 0.0 1.0 0.0 2248102.681634809 197140.0456500007 0.8536363636363636
59683.786643985004 2459684.285916921 102.68099673092365 10.634744837880135 0.0 1.0 1.0 2276343.6531816986 199600.196961672 0.8536363636363636
59683.787315095 2459684.286588101 103.647495880723 11.601243987679482 0.0 1.0 0.0 2248541.417801013 197164.61428910447 0.8536363636363636
59683.787986575 2459684.287259652 104.61452879011631 12.568276897072792 0.0 1.0 1.0 2275041.5355530786 199486.07769119652 0.8536363636363636
59683.788657685 2459684.2879308313 105.5810272693634 13.534775376319885 0.0 1.0 0.0 2248546.1273139208 197166.36503951208 0.8536363636363636
59683.789329164996 2459684.2886023815 106.54805950820446 14.501807615160942 0.0 1.0 1.0 2275624.364900576 199533.31586193212 0.8536363636363636
59683.79000028 2459684.289273565 107.51456402242184 15.468312129378319 0.0 1.0 0.0 2249115.450150417 197225.80396568181 0.8536363636363636
59683.790671765004 2459684.2899451186 108.48160095512867 16.43534906208515 0.0 1.0 1.0 2276393.159799531 199604.26449541582 0.8536363636363636
59683.791342875 2459684.290616297 109.44809809327126 17.401846200227737 0.0 1.0 0.0 2248399.3969313987 197147.07444674705 0.8536363636363636
59683.792014355 2459684.2912878445 110.41512630879879 18.368874415755272 0.0 1.0 1.0 2276074.993268512 199588.66678480088 0.8536363636363636
59683.792685465 2459684.2919590217 111.38162143528461 19.335369542241096 0.0 1.0 0.0 2248277.810950705 197149.51235571946 0.8536363636363636
59683.793356944996 2459684.292630568 112.34864830970764 20.302396416664124 0.0 1.0 1.0 2275686.282213548 199549.20434443734 0.8536363636363636
59683.794028054996 2459684.2933017444 113.31514209508896 21.26889020204544 0.0 1.0 0.0 2247823.510783364 197117.144620649 0.8536363636363636
59683.79469953501 2459684.29397329 114.28216762840748 22.23591573536396 0.0 1.0 1.0 2276106.0251943283 199582.36514011223 0.8536363636363636
59683.79537065 2459684.2946444703 115.24866744875908 23.20241555571556 0.0 1.0 0.0 2248435.1913076704 197158.12529069898 0.8536363636363636
59683.796042135 2459684.29531602 116.21569901704788 24.169447124004364 0.0 1.0 1.0 2275214.1860328466 199504.28999776524 0.8536363636363636
59683.796713245 2459684.295987194 117.18218944966793 25.135937556624413 0.0 1.0 0.0 2248418.926205254 197171.8340338003 0.8536363636363636
59683.797384724996 2459684.296658737 118.14921163022518 26.102959737181664 0.0 1.0 1.0 2274918.0679289494 199470.9233118941 0.8536363636363636
59683.798055834995 2459684.29732991 119.11570072174072 27.069448828697205 0.0 1.0 0.0 2248409.481770577 197158.7920219203 0.8536363636363636
59683.79872731501 2459684.2980014523 120.08272156119347 28.036469668149948 0.0 1.0 1.0 2275095.5412992695 199502.07024737392 0.8536363636363636
59683.799398425006 2459684.2986726244 121.0492093116045 29.00295741856098 0.0 1.0 0.0 2247860.860956256 197115.64194006927 0.8536363636363636
59683.80006991 2459684.2993441704 122.01623551547527 29.969983622431755 0.0 1.0 1.0 2275650.05471293 199550.87583779276 0.8536363636363636
59683.80074102 2459684.300015341 122.98272125422955 30.936469361186028 0.0 1.0 0.0 2247518.6940372232 197082.493932408 0.8536363636363636
59683.801412504996 2459684.3006868865 123.94974678754807 31.903494894504547 0.0 1.0 1.0 2273813.6709922818 199389.4867140409 0.8536363636363636
59683.802083614995 2459684.3013580563 124.91623118519783 32.86997929215431 0.0 1.0 0.0 2247476.084781787 197072.51288995857 0.8536363636363636
59683.80275509501 2459684.3020295952 125.8832473307848 33.83699543774128 0.0 1.0 1.0 2274801.2291849377 199479.16737372315 0.8536363636363636
59683.803426205006 2459684.302700764 126.84973038733006 34.80347849428654 0.0 1.0 0.0 2247970.733675777 197121.65891238305 0.8536363636363636
59683.804097685 2459684.303372302 127.81674519181252 35.770493298769 0.0 1.0 1.0 2275126.1630412536 199503.79047581664 0.8536363636363636
59683.804768795 2459684.30404347 128.78322690725327 36.73697501420975 0.0 1.0 0.0 2247811.9336210266 197113.5815067693 0.8536363636363636
59683.805440280004 2459684.304715012 129.750247746706 37.70399585366249 0.0 1.0 1.0 2275185.879323738 199507.7567083459 0.8536363636363636
59683.845463245 2459684.344741652 187.38860875368118 0.0 0.0 2.0 0.0 2245167.8958802363 196890.39052112954 0.8536363636363636
59683.846134725 2459684.345413204 188.35564367473125 0.9670349210500717 0.0 2.0 1.0 2273207.537148905 199326.8495357261 0.8536363636363636
59683.846805835 2459684.346084386 189.32214617729187 1.9335374236106873 0.0 2.0 0.0 2244963.78037575 196869.67927508452 0.8536363636363636
59683.847477314994 2459684.346755938 190.28918109834194 2.900572344660759 0.0 2.0 1.0 2273581.1787692416 199363.65964508144 0.8536363636363636
59683.84814842499 2459684.3474271204 191.25568360090256 3.8670748472213745 0.0 2.0 0.0 2246280.3578412104 196963.4824026176 0.8536363636363636
59683.848819909996 2459684.3480986776 192.22272589802742 4.834117144346237 0.0 2.0 1.0 2273201.9931270224 199334.88767049133 0.8536363636363636
59683.849491019995 2459684.3487698594 193.18922773003578 5.800618976354599 0.0 2.0 0.0 2246841.8768979884 197035.86030591448 0.8536363636363636
59683.850162505 2459684.3494414166 194.15627002716064 6.767661273479462 0.0 2.0 1.0 2273111.7104140716 199330.43030339226 0.8536363636363636
59683.850833615 2459684.3501125975 195.1227705180645 7.734161764383316 0.0 2.0 0.0 2246427.5379938507 196977.07506981783 0.8536363636363636
59683.85150509499 2459684.3507841495 196.08980543911457 8.701196685433388 0.0 2.0 1.0 2274552.568144781 199446.4721154251 0.8536363636363636
59683.85217620499 2459684.3514553304 197.05630593001842 9.667697176337242 0.0 2.0 0.0 2248796.1877034702 197191.4705280184 0.8536363636363636
59683.852847685004 2459684.3521268815 198.023339509964 10.634730756282806 0.0 2.0 1.0 2275333.9342363332 199513.52365028742 0.8536363636363636
59683.853518795004 2459684.352798062 198.9898393303156 11.601230576634407 0.0 2.0 0.0 2246792.9941714043 197020.87914186443 0.8536363636363636
59683.85419028 2459684.353469617 199.95687894523144 12.568270191550255 0.0 2.0 1.0 2275045.125412143 199494.1239109443 0.8536363636363636
59683.854861390006 2459684.3541407967 200.92337742447853 13.534768670797348 0.0 2.0 0.0 2247633.2897364 197094.59044687313 0.8536363636363636
59683.85553287499 2459684.354812351 201.89041569828987 14.501806944608688 0.0 2.0 1.0 2274471.320936649 199433.1881089932 0.8536363636363636
59683.85620398499 2459684.3554835306 202.85691417753696 15.468305423855782 0.0 2.0 0.0 2246873.55530675 197020.8041420299 0.8536363636363636
59683.856875465004 2459684.356155079 203.823943734169 16.435334980487823 0.0 2.0 1.0 2274521.9773439746 199444.8731972691 0.8536363636363636
59683.857546575004 2459684.3568262574 204.7904408723116 17.40183211863041 0.0 2.0 0.0 2247525.540322262 197079.6910283734 0.8536363636363636
59683.858218055 2459684.3574978053 205.75746975839138 18.368861004710197 0.0 2.0 1.0 2274757.8087941017 199471.23158576345 0.8536363636363636
59683.858889165 2459684.358168982 206.72396421432495 19.33535546064377 0.0 2.0 0.0 2246958.4787072623 197029.7402954104 0.8536363636363636
59683.85956065 2459684.3588405335 207.69099846482277 20.302389711141586 0.0 2.0 1.0 2273462.0756445904 199361.36513425992 0.8536363636363636
59683.86023176499 2459684.3595117154 208.65750029683113 21.268891543149948 0.0 2.0 0.0 2246226.560064191 196981.74852567216 0.8536363636363636
59683.860903245004 2459684.360183261 209.62452583014965 22.235917076468468 0.0 2.0 1.0 2273492.874203713 199359.2491200937 0.8536363636363636
59683.861574355 2459684.3608544357 210.5910176038742 23.202408850193024 0.0 2.0 0.0 2245683.075288261 196932.80526728468 0.8536363636363636
59683.862245835 2459684.3615259803 211.55804179608822 24.169433042407036 0.0 2.0 1.0 2273306.8653743737 199338.43794352445 0.8536363636363636
59683.862916945 2459684.362197154 212.52453222870827 25.135923475027084 0.0 2.0 0.0 2245842.274971109 196942.65347048515 0.8536363636363636
59683.863588424996 2459684.362868698 213.49155507981777 26.10294632613659 0.0 2.0 1.0 2273004.1234403895 199320.8136168032 0.8536363636363636
59683.864259534996 2459684.363539871 214.4580441713333 27.06943541765213 0.0 2.0 0.0 2245677.4823726104 196930.58679378702 0.8536363636363636
59683.86493102 2459684.3642114177 215.4250717163086 28.03646296262741 0.0 2.0 1.0 2273509.8061214453 199368.46595231016 0.8536363636363636
59683.865602135 2459684.364882595 216.39156684279442 29.002958089113235 0.0 2.0 0.0 2245848.5882977108 196946.90873015858 0.8536363636363636
59683.866273615 2459684.365554136 217.35858634114265 29.96997758746147 0.0 2.0 1.0 2272299.4287928375 199259.0728695651 0.8536363636363636
59683.866944725 2459684.366225307 218.32507207989693 30.936463326215744 0.0 2.0 0.0 2245630.796651197 196924.45003772338 0.8536363636363636
59683.867616204996 2459684.366896847 219.2920895665884 31.90348081290722 0.0 2.0 1.0 2272934.1389828767 199307.8940484952 0.8536363636363636
59683.868287314996 2459684.367568017 220.25857463479042 32.86996588110924 0.0 2.0 0.0 2245750.6113798777 196930.1223364677 0.8536363636363636
59683.86895879501 2459684.368239556 221.2255907803774 33.836982026696205 0.0 2.0 1.0 2272920.804206715 199314.0965952153 0.8536363636363636
59683.86962991 2459684.36891073 222.19208121299744 34.803472459316254 0.0 2.0 0.0 2245065.3569047614 196879.45052879694 0.8536363636363636
59683.870301389994 2459684.369582268 223.1590960174799 35.770487263798714 0.0 2.0 1.0 2273702.4701007786 199380.8607224623 0.8536363636363636
59683.870972505 2459684.3702534405 224.12558443844318 36.736975684762 0.0 2.0 0.0 2246108.2770550535 196962.02986463072 0.8536363636363636
59683.871643984996 2459684.3709249785 225.09259924292564 37.70399048924446 0.0 2.0 1.0 2272857.510756381 199314.80343324933 0.8536363636363636
59683.911655464995 2459684.410940132 282.7144204080105 0.0 0.0 3.0 0.0 2237675.7261493662 196249.00620318754 0.8536363636363636
59683.912326574995 2459684.411611314 283.68092224001884 0.9665018320083618 0.0 3.0 1.0 2266301.1982569974 198739.12997429233 0.8536363636363636
59683.912998055006 2459684.4122828664 284.64795783162117 1.9335374236106873 0.0 3.0 0.0 2238822.8241459397 196339.57960699985 0.8536363636363636
59683.913669165006 2459684.4129540487 285.6144603341818 2.900039926171303 0.0 3.0 1.0 2267468.3085572654 198845.94596765478 0.8536363636363636
59683.91434065 2459684.413625606 286.58150263130665 3.8670822232961655 0.0 3.0 0.0 2239880.7578356788 196439.84034645956 0.8536363636363636
59683.915011765 2459684.414296793 287.5480118393898 4.833591431379318 0.0 3.0 1.0 2267718.6773897912 198859.27042806544 0.8536363636363636
59683.915683244995 2459684.4149683444 288.5150460898876 5.800625681877136 0.0 3.0 0.0 2240362.2812388088 196474.81027421652 0.8536363636363636
59683.916354354995 2459684.4156395267 289.48154859244823 6.767128184437752 0.0 3.0 1.0 2267513.3834902053 198843.38378741842 0.8536363636363636
59683.917025835006 2459684.416311078 290.4485821723938 7.734161764383316 0.0 3.0 0.0 2239443.3214512044 196391.11523561203 0.8536363636363636
59683.917696945005 2459684.4169822596 291.41508400440216 8.700663596391678 0.0 3.0 1.0 2267409.5577054443 198831.8933796584 0.8536363636363636
59683.918368425 2459684.417653811 292.3821182549 9.667697846889496 0.0 3.0 0.0 2241357.843853169 196562.53492948867 0.8536363636363636
59683.919039535 2459684.4183249916 293.3486180752516 10.634197667241096 0.0 3.0 1.0 2267709.0162554025 198863.55012721266 0.8536363636363636
59683.919711020004 2459684.418996547 294.3156576901674 11.601237282156944 0.0 3.0 0.0 2239972.797182039 196444.31953482897 0.8536363636363636
59683.920382134995 2459684.4196677324 295.2821648865938 12.567744478583336 0.0 3.0 1.0 2267448.432964497 198837.267909068 0.8536363636363636
59683.921053615006 2459684.420339282 296.2491964548826 13.534776046872139 0.0 3.0 0.0 2240684.2195699457 196496.65733272606 0.8536363636363636
59683.921724725005 2459684.421010462 297.21569560468197 14.501275196671486 0.0 3.0 1.0 2267793.1751451604 198856.8671094509 0.8536363636363636
59683.922396205 2459684.421682011 298.18272583186626 15.468305423855782 0.0 3.0 0.0 2240317.1820713556 196463.13760361355 0.8536363636363636
59683.923067315 2459684.4223531894 299.14922297000885 16.434802561998367 0.0 3.0 1.0 2267617.0517241396 198853.65412466825 0.8536363636363636
59683.923738795 2459684.4230247377 300.1162525266409 17.40183211863041 0.0 3.0 0.0 2240188.1353484727 196460.39685188193 0.8536363636363636
59683.92440991 2459684.4236959205 301.08275569975376 18.36833529174328 0.0 3.0 1.0 2266999.5182503094 198798.63192449426 0.8536363636363636
59683.92508139 2459684.424367468 302.0497839152813 19.335363507270813 0.0 3.0 0.0 2240077.078857311 196458.41673658034 0.8536363636363636
59683.925752505005 2459684.4250386497 303.01628574728966 20.301865339279175 0.0 3.0 1.0 2266857.0768630984 198783.39817710491 0.8536363636363636
59683.926423985 2459684.4257101957 303.98331195116043 21.268891543149948 0.0 3.0 0.0 2239561.613080428 196417.66389076284 0.8536363636363636
59683.927095095 2459684.4263813714 304.9498050659895 22.23538465797901 0.0 3.0 1.0 2265503.1100307168 198677.8414921085 0.8536363636363636
59683.927766575 2459684.4270529165 305.91682992875576 23.202409520745277 0.0 3.0 0.0 2238836.177345012 196352.531713468 0.8536363636363636
59683.928437685 2459684.4277240913 306.8833217024803 24.168901294469833 0.0 3.0 1.0 2264475.1968423952 198596.39495008386 0.8536363636363636
59683.929109164994 2459684.428395635 307.8503445535898 25.135924145579338 0.0 3.0 0.0 2236097.261405363 196119.05915809234 0.8536363636363636
59683.92978028 2459684.4290668136 308.8168416917324 26.102421283721924 0.0 3.0 1.0 2262950.9617571537 198460.1807840909 0.8536363636363636
59683.930451765 2459684.429738362 309.78387124836445 27.069450840353966 0.0 3.0 0.0 2234835.919853232 196008.28578072673 0.8536363636363636
59683.931122875 2459684.4304095334 310.75035832822323 28.035937920212746 0.0 3.0 1.0 2261702.064985366 198358.30740669701 0.8536363636363636
59683.931794355 2459684.4310810757 311.717379167676 29.00295875966549 0.0 3.0 0.0 2234265.1514746454 195960.86449489926 0.8536363636363636
59683.932465465 2459684.431752247 312.6838655769825 29.969445168972015 0.0 3.0 1.0 2262111.353648148 198392.77852741344 0.8536363636363636
59683.933136944994 2459684.4324237877 313.6508844047785 30.936463996767998 0.0 3.0 0.0 2235285.6755021857 196056.1436482937 0.8536363636363636
59683.93380805499 2459684.433094958 314.6173694729805 31.902949064970016 0.0 3.0 1.0 2261002.6513773506 198301.7792170812 0.8536363636363636
59683.934479535004 2459684.4337664978 315.584386959672 32.86996655166149 0.0 3.0 0.0 2234267.6066063656 195965.22505972904 0.8536363636363636
59683.935150649995 2459684.4344376717 316.550877392292 33.83645698428154 0.0 3.0 1.0 2261160.646204496 198319.84328165167 0.8536363636363636
59683.935822135 2459684.4351092153 317.5179002434015 34.803479835391045 0.0 3.0 0.0 2234408.8074181806 195978.6445563121 0.8536363636363636
59683.936493245 2459684.435780384 318.4843832999468 35.7699628919363 0.0 3.0 1.0 2261946.5008815676 198393.13476355607 0.8536363636363636
59683.93716472499 2459684.4364519217 319.451397433877 36.73697702586651 0.0 3.0 0.0 2233504.61776424 195906.17912383447 0.8536363636363636
59683.93783583499 2459684.437123089 320.4178784787655 37.703458070755005 0.0 3.0 1.0 2260896.962658885 198308.96566047688 0.8536363636363636
59683.978298795 2459684.477589772 378.6899019777775 0.0 0.0 4.0 0.0 2223646.668174167 195059.2536847901 0.8536363636363636
59683.978970280004 2459684.4782613292 379.65694427490234 0.9670422971248627 0.0 4.0 1.0 2253939.1724524135 197704.5942428478 0.8536363636363636
59683.979641390004 2459684.4789325115 380.62344677746296 1.9335447996854782 0.0 4.0 0.0 2225403.61806069 195220.21633138607 0.8536363636363636
59683.980312875006 2459684.4796040687 381.5904890745878 2.900587096810341 0.0 4.0 1.0 2252373.916081906 197570.12482554256 0.8536363636363636
59683.980983985006 2459684.480275251 382.55699157714844 3.8670895993709564 0.0 4.0 0.0 2226311.7364244196 195290.80469714978 0.8536363636363636
59683.981655465 2459684.480946803 383.5240264981985 4.834124520421028 0.0 4.0 1.0 2253534.3239484755 197669.98085698212 0.8536363636363636
59683.982326575 2459684.481617985 384.49052833020687 5.80062635242939 0.0 4.0 0.0 2226945.3070689808 195348.89983938044 0.8536363636363636
59683.982998055 2459684.4822895364 385.4575625807047 6.767660602927208 0.0 4.0 1.0 2252943.60757871 197612.7381009927 0.8536363636363636
59683.983669165 2459684.4829607178 386.4240637421608 7.734161764383316 0.0 4.0 0.0 2226604.372879723 195309.3654916347 0.8536363636363636
59683.98434065 2459684.4836322744 387.3911053687334 8.701203390955925 0.0 4.0 1.0 2253928.5930945273 197695.90352562958 0.8536363636363636
59683.985011765006 2459684.48430346 388.3576125651598 9.667710587382317 0.0 4.0 0.0 2226389.0507193375 195290.77362865937 0.8536363636363636
59683.985683245 2459684.484975011 389.32464614510536 10.63474416732788 0.0 4.0 1.0 2252889.366498147 197616.78322881288 0.8536363636363636
59683.986354355 2459684.485646191 390.2911452949047 11.601243317127228 0.0 4.0 0.0 2226401.890459707 195283.48980483477 0.8536363636363636
59683.987025835 2459684.486317741 391.25817753374577 12.568275555968285 0.0 4.0 1.0 2253282.7706775437 197639.90656283227 0.8536363636363636
59683.987696945 2459684.486988921 392.2246766835451 13.534774705767632 0.0 4.0 0.0 2225275.8167072334 195182.21004372416 0.8536363636363636
59683.988368424994 2459684.4876604704 393.19170758128166 14.501805603504181 0.0 4.0 1.0 2252227.337417951 197551.29686772815 0.8536363636363636
59683.989039534994 2459684.488331649 394.15820471942425 15.468302741646767 0.0 4.0 0.0 2226310.6811458697 195293.30935230418 0.8536363636363636
59683.989711019996 2459684.4890032024 395.1252416521311 16.4353396743536 0.0 4.0 1.0 2253347.3351137084 197646.18483954956 0.8536363636363636
59683.990382135 2459684.489674385 396.09174482524395 17.40184284746647 0.0 4.0 0.0 2225528.724285551 195220.22017814245 0.8536363636363636
59683.991053615 2459684.4903459325 397.0587730407715 18.368871062994003 0.0 4.0 1.0 2251883.050518799 197535.28823167647 0.8536363636363636
59683.991724725 2459684.4910171092 398.02526749670506 19.335365518927574 0.0 4.0 0.0 2225589.677588707 195223.48366927242 0.8536363636363636
59683.992396204994 2459684.491688656 398.99229504168034 20.302393063902855 0.0 4.0 1.0 2252549.8658520095 197580.62660785805 0.8536363636363636
59683.993067314994 2459684.4923598315 399.95878748595715 21.268885508179665 0.0 4.0 0.0 2225656.3587167063 195242.87213638483 0.8536363636363636
59683.993738795005 2459684.4930313774 400.9258136898279 22.235911712050438 0.0 4.0 1.0 2251918.475325604 197536.92413895446 0.8536363636363636
59683.994409909996 2459684.493702557 401.892312169075 23.20241019129753 0.0 4.0 0.0 2226068.1161913574 195267.00133449654 0.8536363636363636
59683.99508139 2459684.494374101 402.85933569073677 24.16943371295929 0.0 4.0 1.0 2251541.228575273 197501.83385530586 0.8536363636363636
59683.995752505 2459684.49504528 403.8258334994316 25.13593152165413 0.0 4.0 0.0 2225845.0840716874 195252.24631473236 0.8536363636363636
59683.996423984994 2459684.495716823 404.7928550094366 26.102953031659126 0.0 4.0 1.0 2252126.7756032893 197552.64058434792 0.8536363636363636
59683.997095094994 2459684.496387996 405.75934410095215 27.069442123174667 0.0 4.0 0.0 2225811.758893059 195241.85380990265 0.8536363636363636
59683.997766575005 2459684.4970595376 406.72636426985264 28.036462292075157 0.0 4.0 1.0 2251360.1556551387 197477.54010259706 0.8536363636363636
59683.998437685004 2459684.497730709 407.6928513497114 29.002949371933937 0.0 4.0 0.0 2225292.793579879 195202.29305166294 0.8536363636363636
59683.999109165 2459684.49840225 408.6598701775074 29.96996819972992 0.0 4.0 1.0 2251865.020501428 197536.37941071967 0.8536363636363636
59683.99978028 2459684.499073426 409.62636329233646 30.936461314558983 0.0 4.0 0.0 2225275.06240373 195207.71426900747 0.8536363636363636
59684.000451764994 2459684.4997449704 410.5933874845505 31.903485506772995 0.0 4.0 1.0 2251511.8173529096 197495.91627286377 0.8536363636363636
59684.00112287499 2459684.50041614 411.55987188220024 32.86996990442276 0.0 4.0 0.0 2225637.9843536047 195226.93295304498 0.8536363636363636
59684.001794355005 2459684.501087679 412.5268880277872 33.83698605000973 0.0 4.0 1.0 2251582.944719454 197512.52441515372 0.8536363636363636
59684.002465465004 2459684.5017588474 413.4933704137802 34.80346843600273 0.0 4.0 0.0 2225745.6367945657 195239.88284889256 0.8536363636363636
59684.003136945 2459684.5024303854 414.4603852182627 35.77048324048519 0.0 4.0 1.0 2251187.2099097413 197475.46256933836 0.8536363636363636
59684.003808055 2459684.5031015533 415.4268669337034 36.73696495592594 0.0 4.0 0.0 2226316.083764967 195286.10330503611 0.8536363636363636
59684.004479535 2459684.5037730904 416.3938803970814 37.703978419303894 0.0 4.0 1.0 2251910.2531982386 197542.89562210545 0.8536363636363636
59684.047233984995 2459684.54653152 477.9660187661648 0.0 0.0 5.0 0.0 2214990.6501081344 194318.4497489411 0.8536363636363636
59684.047905465006 2459684.5472030723 478.9330543577671 0.9670355916023254 0.0 5.0 1.0 2243858.6038206085 196850.89037232328 0.8536363636363636
59684.048576575005 2459684.5478742537 479.8995555192232 1.9335367530584335 0.0 5.0 0.0 2217919.5175926886 194569.768718085 0.8536363636363636
59684.049248055 2459684.5485458057 480.8665904402733 2.9005716741085052 0.0 5.0 1.0 2245593.718185545 196991.12695924137 0.8536363636363636
59684.049919165 2459684.549216987 481.8330916017294 3.8670728355646133 0.0 5.0 0.0 2218196.3306317287 194591.71805665808 0.8536363636363636
59684.050590650004 2459684.5498885433 482.80013255774975 4.834113791584969 0.0 5.0 1.0 2245906.3623984186 197012.2377944322 0.8536363636363636
59684.051261764995 2459684.5505597293 483.7666404247284 5.800621658563614 0.0 5.0 0.0 2218908.4105985886 194660.16205708473 0.8536363636363636
59684.051933245006 2459684.55123128 484.7336733341217 6.767654567956924 0.0 5.0 1.0 2247084.8260920555 197120.89222269657 0.8536363636363636
59684.052604355005 2459684.5519024604 485.7001731544733 7.734154388308525 0.0 5.0 0.0 2218629.975706155 194629.27126200328 0.8536363636363636
59684.053275835 2459684.55257401 486.6672047227621 8.701185956597328 0.0 5.0 1.0 2245409.3207575255 196980.1588188255 0.8536363636363636
59684.053946945 2459684.55324519 487.63370387256145 9.667685106396675 0.0 5.0 0.0 2219337.6178575903 194702.30395968843 0.8536363636363636
59684.054618425 2459684.5539167393 488.600734770298 10.634716004133224 0.0 5.0 1.0 2245297.557455654 196970.62309111838 0.8536363636363636
59684.055289535 2459684.554587918 489.5672319084406 11.60121314227581 0.0 5.0 0.0 2218657.0572866146 194641.61978201164 0.8536363636363636
59684.05596102 2459684.5552594713 490.5342688411474 12.568250074982643 0.0 5.0 1.0 2245437.9583115787 196993.3400578142 0.8536363636363636
59684.056632135005 2459684.5559306545 491.50077268481255 13.534753918647766 0.0 5.0 0.0 2219120.6743549802 194673.4053595714 0.8536363636363636
59684.057303615 2459684.5566022014 492.4678002297878 14.501781463623047 0.0 5.0 1.0 2244941.949833388 196944.34653329581 0.8536363636363636
59684.057974725 2459684.5572733786 493.43429535627365 15.468276590108871 0.0 5.0 0.0 2217862.2968172696 194578.05187295863 0.8536363636363636
59684.058646205 2459684.557944925 494.4013222306967 16.4353034645319 0.0 5.0 1.0 2245349.989834929 196980.7039013743 0.8536363636363636
59684.059317315 2459684.558616101 495.36781534552574 17.401796579360962 0.0 5.0 0.0 2218871.958231757 194673.2408873641 0.8536363636363636
59684.059988794994 2459684.559287646 496.334840208292 18.368821442127228 0.0 5.0 1.0 2244896.30701163 196942.47050831915 0.8536363636363636
59684.06065991 2459684.559958826 497.30133935809135 19.335320591926575 0.0 5.0 0.0 2217949.8201582828 194592.43330033662 0.8536363636363636
59684.061331389996 2459684.56063037 498.2683628797531 20.302344113588333 0.0 5.0 1.0 2245869.975194319 197026.54120123148 0.8536363636363636
59684.062002505 2459684.561301549 499.23486068844795 21.268841922283173 0.0 5.0 0.0 2218217.1532756654 194612.1589731513 0.8536363636363636
59684.062673985 2459684.561973092 500.2018828690052 22.235864102840424 0.0 5.0 1.0 2245056.8923504 196966.3331189076 0.8536363636363636
59684.063345095 2459684.5626442647 501.1683712899685 23.20235252380371 0.0 5.0 0.0 2219446.848562968 194707.9139051523 0.8536363636363636
59684.064016574994 2459684.5633158064 502.135391458869 24.1693726927042 0.0 5.0 1.0 2246078.433485419 197036.91627862793 0.8536363636363636
59684.06468768499 2459684.563986978 503.10187853872776 25.13585977256298 0.0 5.0 0.0 2218988.2272693673 194665.68900126228 0.8536363636363636
59684.065359165004 2459684.564658519 504.06889736652374 26.102878600358963 0.0 5.0 1.0 2246544.9054718968 197088.35666668598 0.8536363636363636
59684.066030279995 2459684.5653296947 505.0353904813528 27.069371715188026 0.0 5.0 0.0 2220653.4318774478 194809.50455966993 0.8536363636363636
59684.066701765 2459684.566001239 506.0024146735668 28.03639590740204 0.0 5.0 1.0 2248095.7610239764 197214.90848173955 0.8536363636363636
59684.067372875 2459684.5666724085 506.96889840066433 29.00287963449955 0.0 5.0 0.0 2220685.9030033355 194819.22181494132 0.8536363636363636
59684.06804435499 2459684.567343948 507.93591521680355 29.96989645063877 0.0 5.0 1.0 2247452.588420282 197154.57679412127 0.8536363636363636
59684.06871546499 2459684.568015116 508.9023969322443 30.93637816607952 0.0 5.0 0.0 2222586.2627724377 194980.97751525627 0.8536363636363636
59684.069386945004 2459684.5686866543 509.869412407279 31.903393641114235 0.0 5.0 1.0 2248776.8963806727 197265.64569431572 0.8536363636363636
59684.070058055004 2459684.569357822 510.83589412271976 32.869875356554985 0.0 5.0 0.0 2221573.2002165425 194882.7488003929 0.8536363636363636
59684.070729535 2459684.5700293593 511.8029075860977 33.83688881993294 0.0 5.0 1.0 2249258.9129839963 197293.02613112653 0.8536363636363636
59684.071400650006 2459684.570700531 512.7693946659565 34.80337589979172 0.0 5.0 0.0 2221986.4003703785 194921.5225644922 0.8536363636363636
59684.07207213499 2459684.571372072 513.7364141643047 35.770395398139954 0.0 5.0 1.0 2248321.4430025 197228.33146957544 0.8536363636363636
59684.07274324499 2459684.5720432387 514.7028938680887 36.73687510192394 0.0 5.0 0.0 2221207.483554789 194870.2150794033 0.8536363636363636
59684.073414725004 2459684.5727147744 515.6699053198099 37.703886553645134 0.0 5.0 1.0 2248160.7042577546 197227.14712359296 0.8536363636363636
59684.11544028 2459684.614744295 576.1924148350954 0.0 0.0 6.0 0.0 2211462.4312314205 194041.48833948324 0.8536363636363636
59684.11611139 2459684.6154154763 577.1589159965515 0.9665011614561081 0.0 6.0 1.0 2240010.739845755 196530.52193729999 0.8536363636363636
59684.116782875004 2459684.6160870325 578.1259569525719 1.9335421174764633 0.0 6.0 0.0 2214374.9200618314 194272.15130208328 0.8536363636363636
59684.117453985 2459684.6167582134 579.0924574434757 2.9000426083803177 0.0 6.0 1.0 2240561.9283852633 196570.0711110187 0.8536363636363636
59684.118125465 2459684.617429764 580.059490352869 3.8670755177736282 0.0 6.0 0.0 2213673.6576051535 194218.13005652255 0.8536363636363636
59684.118796575 2459684.6181009444 581.0259901732206 4.833575338125229 0.0 6.0 1.0 2242054.50675142 196689.83269156358 0.8536363636363636
59684.119468054996 2459684.618772495 581.993023082614 5.800608247518539 0.0 6.0 0.0 2214335.3775210464 194259.93955934964 0.8536363636363636
59684.120139164996 2459684.619443674 582.9595208913088 6.767106056213379 0.0 6.0 1.0 2240766.043427803 196592.25997036326 0.8536363636363636
59684.12081065 2459684.6201152285 583.9265591651201 7.734144330024719 0.0 6.0 0.0 2215160.362605313 194343.00828334517 0.8536363636363636
59684.121481765 2459684.6207864126 584.8930643498898 8.70064951479435 0.0 6.0 1.0 2241637.1071551032 196662.9323021778 0.8536363636363636
59684.122153245 2459684.621457961 585.8600939065218 9.667679071426392 0.0 6.0 0.0 2214007.8740518633 194240.17378913678 0.8536363636363636
59684.122824355 2459684.6221291386 586.8265897035599 10.63417486846447 0.0 6.0 1.0 2241036.582721597 196613.01749966125 0.8536363636363636
59684.123495834996 2459684.622800686 587.7936179190874 11.601203083992004 0.0 6.0 0.0 2214754.0474005877 194317.11180254834 0.8536363636363636
59684.124166944996 2459684.623471863 588.7601130455732 12.567698210477829 0.0 6.0 1.0 2240614.3887610314 196590.22192279753 0.8536363636363636
59684.12483842501 2459684.6241434095 589.7271399199963 13.534725084900856 0.0 6.0 0.0 2216320.884970941 194458.78893047277 0.8536363636363636
59684.125509535006 2459684.6248145853 590.6936330348253 14.50121819972992 0.0 6.0 1.0 2240820.476844647 196608.6159653681 0.8536363636363636
59684.126181019994 2459684.6254861355 591.6606652736664 15.468250438570976 0.0 6.0 0.0 2214529.7606000053 194294.47305927114 0.8536363636363636
59684.126852135 2459684.626157316 592.627165094018 16.434750258922577 0.0 6.0 1.0 2241213.454846112 196644.56812716374 0.8536363636363636
59684.127523614996 2459684.62682886 593.5941886156797 17.401773780584335 0.0 6.0 0.0 2215280.3746927134 194364.74860668322 0.8536363636363636
59684.128194724995 2459684.6275000335 594.5606783777475 18.36826354265213 0.0 6.0 1.0 2241021.629254654 196619.6183721156 0.8536363636363636
59684.12886620501 2459684.6281715767 595.5277005583048 19.33528572320938 0.0 6.0 0.0 2214098.915041205 194267.35498972537 0.8536363636363636
59684.129537315006 2459684.628842749 596.4941889792681 20.30177414417267 0.0 6.0 1.0 2240339.596888144 196556.3072829323 0.8536363636363636
59684.130208795 2459684.6295142914 597.4612098187208 21.268794983625412 0.0 6.0 0.0 2214878.013263677 194328.07397838583 0.8536363636363636
59684.13087991 2459684.630185468 598.4277042746544 22.235289439558983 0.0 6.0 1.0 2240710.2638441967 196600.52787744274 0.8536363636363636
59684.131551390004 2459684.630857009 599.3947231024504 23.202308267354965 0.0 6.0 0.0 2214134.9324062513 194261.5266392868 0.8536363636363636
59684.132222504995 2459684.6315281843 600.3612155467272 24.168800711631775 0.0 6.0 1.0 2241155.6971101305 196638.32409564476 0.8536363636363636
59684.13289398501 2459684.632199724 601.3282330334187 25.13581819832325 0.0 6.0 0.0 2213934.665765253 194243.78974304325 0.8536363636363636
59684.133565095006 2459684.6328708935 602.2947167605162 26.10230192542076 0.0 6.0 1.0 2240343.308969729 196551.6368369339 0.8536363636363636
59684.134236575 2459684.633542433 603.2617335766554 27.069318741559982 0.0 6.0 0.0 2213478.004981771 194195.78635820828 0.8536363636363636
59684.134907685 2459684.6342136012 604.2282159626484 28.035801127552986 0.0 6.0 1.0 2240166.8488255325 196542.2241291936 0.8536363636363636
59684.135579165 2459684.6348851393 605.1952307671309 29.002815932035446 0.0 6.0 0.0 2213572.059477904 194220.12918736742 0.8536363636363636
59684.136250280004 2459684.635556312 606.1617191880941 29.969304352998734 0.0 6.0 1.0 2239958.828155835 196529.77916129626 0.8536363636363636
59684.136921765006 2459684.636227854 607.1287400275469 30.936325192451477 0.0 6.0 0.0 2213661.2928217617 194212.08502588174 0.8536363636363636
59684.137592875006 2459684.636899021 608.0952204018831 31.90280556678772 0.0 6.0 1.0 2239718.115135031 196512.79463888612 0.8536363636363636
59684.138264355 2459684.6375705577 609.0622331947088 32.86981835961342 0.0 6.0 0.0 2213679.0612971596 194228.3391269877 0.8536363636363636
59684.138935465 2459684.638241724 610.0287128984928 33.83629806339741 0.0 6.0 1.0 2239649.252541584 196505.91159742585 0.8536363636363636
59684.139606945 2459684.6389132603 610.9957250207663 34.80331018567085 0.0 6.0 0.0 2213365.2762869103 194207.01103132294 0.8536363636363636
59684.140278055 2459684.6395844254 611.9622027128935 35.76978787779808 0.0 6.0 1.0 2239891.1244612406 196523.20012151822 0.8536363636363636
59684.140949534994 2459684.6402559616 612.9292148351669 36.736800000071526 0.0 6.0 0.0 2212572.4624015205 194131.12743380445 0.8536363636363636
59684.14162065 2459684.6409271313 613.8956992328167 37.70328439772129 0.0 6.0 1.0 2239003.605985576 196451.3509014935 0.8536363636363636
59684.182523615 2459684.6818339904 672.8015763312578 0.0 0.0 7.0 0.0 2204694.6296386668 193455.50224256076 0.8536363636363636
59684.183194725 2459684.6825051713 673.7680768221617 0.9665004909038544 0.0 7.0 1.0 2231987.2101808586 195834.18744376235 0.8536363636363636
59684.183866205 2459684.683176723 674.7351110726595 1.9335347414016724 0.0 7.0 0.0 2207065.0134373833 193661.01647391944 0.8536363636363636
59684.184537315 2459684.683847903 675.7016102224588 2.9000338912010193 0.0 7.0 1.0 2232967.7330030287 195929.2727464402 0.8536363636363636
59684.185208794996 2459684.6845194534 676.6686431318521 3.86706680059433 0.0 7.0 0.0 2206437.3337848964 193595.01884720373 0.8536363636363636
59684.18587991 2459684.685190638 677.635148987174 4.833572655916214 0.0 7.0 1.0 2232725.979186736 195900.99855683107 0.8536363636363636
59684.18655139 2459684.685862188 678.6021812260151 5.800604894757271 0.0 7.0 0.0 2206892.455196565 193641.02725358758 0.8536363636363636
59684.187222505 2459684.686533372 679.5686857402325 6.7671094089746475 0.0 7.0 1.0 2232687.632598168 195904.85993723452 0.8536363636363636
59684.187893985 2459684.6872049207 680.5357159674168 7.734139636158943 0.0 7.0 0.0 2206942.8593263943 193649.8548842516 0.8536363636363636
59684.188565095 2459684.687876099 681.5022124350071 8.700636103749275 0.0 7.0 1.0 2233426.257337628 195969.1314741824 0.8536363636363636
59684.189236574995 2459684.6885476466 682.4692413210869 9.667664989829063 0.0 7.0 0.0 2206940.1901909667 193637.30423908122 0.8536363636363636
59684.189907684995 2459684.689218824 683.4357364475727 10.634160116314888 0.0 7.0 1.0 2233344.240511337 195968.3830714394 0.8536363636363636
59684.190579165006 2459684.6898903707 684.402763992548 11.601187661290169 0.0 7.0 0.0 2206275.725440617 193587.7852519351 0.8536363636363636
59684.19125028 2459684.690561552 685.3692651540041 12.567688822746277 0.0 7.0 1.0 2233322.3408615044 195970.89597861373 0.8536363636363636
59684.191921765 2459684.6912331027 686.3362980633974 13.534721732139587 0.0 7.0 0.0 2206367.5146066225 193608.08867881872 0.8536363636363636
59684.192592875 2459684.691904278 687.3027905076742 14.501214176416397 0.0 7.0 1.0 2233670.030792232 195996.88327817418 0.8536363636363636
59684.193264354995 2459684.6925758226 688.2698146998882 15.46823836863041 0.0 7.0 0.0 2208089.874715498 193749.50733264606 0.8536363636363636
59684.193935464995 2459684.693246997 689.2363058030605 16.43472947180271 0.0 7.0 1.0 2234575.1523301257 196068.74816977643 0.8536363636363636
59684.194606945006 2459684.69391854 690.2033279836178 17.401751652359962 0.0 7.0 0.0 2207437.9014040236 193689.29495625844 0.8536363636363636
59684.195278055005 2459684.694589713 691.1698170751333 18.368240743875504 0.0 7.0 1.0 2233705.0295038037 195993.1580542852 0.8536363636363636
59684.195949535 2459684.695261256 692.1368385851383 19.3352622538805 0.0 7.0 0.0 2207077.59823426 193656.0267558877 0.8536363636363636
59684.19662065 2459684.695932433 693.1033337116241 20.301757380366325 0.0 7.0 1.0 2233750.0844779033 195999.7183123901 0.8536363636363636
59684.197292134995 2459684.696603979 694.0703599154949 21.2687835842371 0.0 7.0 0.0 2209084.6980797728 193838.3943820892 0.8536363636363636
59684.197963244995 2459684.69727515 695.0368463248014 22.235269993543625 0.0 7.0 1.0 2234394.0137612014 196059.80617568636 0.8536363636363636
59684.198634725006 2459684.6979466905 696.0038644820452 23.202288150787354 0.0 7.0 0.0 2209296.3694233224 193850.23703794033 0.8536363636363636
59684.199305835005 2459684.69861786 696.9703488796949 24.16877254843712 0.0 7.0 1.0 2235619.781897175 196165.48197962384 0.8536363636363636
59684.199977315 2459684.699289399 697.9373650252819 25.135788694024086 0.0 7.0 0.0 2208784.0324186385 193803.00494347478 0.8536363636363636
59684.200648425 2459684.6999605685 698.9038487523794 26.102272421121597 0.0 7.0 1.0 2234367.1972570927 196048.96801024923 0.8536363636363636
59684.201319910004 2459684.7006321116 699.8708709329367 27.06929460167885 0.0 7.0 0.0 2208667.016352965 193795.6397542161 0.8536363636363636
59684.20199102 2459684.7013032795 700.8373526483774 28.0357763171196 0.0 7.0 1.0 2234952.593394222 196095.8395491453 0.8536363636363636
59684.202662505006 2459684.7019748227 701.8043748289347 29.00279849767685 0.0 7.0 0.0 2209100.5517111057 193818.7959248534 0.8536363636363636
59684.203333615005 2459684.702645989 702.7708545327187 29.96927820146084 0.0 7.0 1.0 2235574.0423691873 196154.57658769708 0.8536363636363636
59684.204005095 2459684.7033175263 703.7378679960966 30.93629166483879 0.0 7.0 0.0 2209042.13200006 193822.1552139935 0.8536363636363636
59684.204676205 2459684.7039886927 704.7043476998806 31.90277136862278 0.0 7.0 1.0 2235075.7503808085 196117.46650622832 0.8536363636363636
59684.205347685 2459684.704660229 705.671359822154 32.869783490896225 0.0 7.0 0.0 2208531.742982975 193785.68420112328 0.8536363636363636
59684.206018795 2459684.7053313944 706.6378381848335 33.83626185357571 0.0 7.0 1.0 2236538.3922097376 196232.92689805827 0.8536363636363636
59684.20669028 2459684.7060029353 707.6048570126295 34.80328068137169 0.0 7.0 0.0 2208563.070167846 193792.1592528403 0.8536363636363636
59684.20736139 2459684.706674101 708.571335375309 35.76975904405117 0.0 7.0 1.0 2235081.3024741313 196120.33387214754 0.8536363636363636
59684.208032875 2459684.707345641 709.5383535325527 36.7367772012949 0.0 7.0 0.0 2208127.4874579157 193754.55872142795 0.8536363636363636
59684.208703985 2459684.7080168063 710.50483122468 37.70325489342213 0.0 7.0 1.0 2234051.987388543 196031.52715951754 0.8536363636363636
