# %ECSV 1.0
# ---
# datatype:
# - {name: t_mjd, datatype: float64}
# - {name: t_bjd, datatype: float64}
# - {name: t_visit, datatype: float64}
# - {name: t_orbit, datatype: float64}
# - {name: ivisit, datatype: float64}
# - {name: iorbit, datatype: float64}
# - {name: scan, datatype: float64}
# - {name: spec_opt, datatype: float64}
# - {name: var_opt, datatype: float64}
# - {name: wave, datatype: float64}
# schema: astropy-2.0
t_mjd t_bjd t_visit t_orbit ivisit iorbit scan spec_opt var_opt wave
59683.716215465 2459684.2154816925 1.2542673200368881 1.2542673200368881 0.0 0.0 0.0 4214589.083611818 363505.414214719 0.9409090909090908
59683.716886944996 2459684.2161532445 2.22130224108696 2.22130224108696 0.0 0.0 1.0 4297608.745361901 370638.5940795392 0.9409090909090908
59683.717558054996 2459684.2168244263 3.1878040730953217 3.1878040730953217 0.0 0.0 0.0 4244871.8572158525 366068.26042779227 0.9409090909090908
59683.71822953501 2459684.217495978 4.15483832359314 4.15483832359314 0.0 0.0 1.0 4311638.431564219 371820.56148495374 0.9409090909090908
59683.71890065 2459684.218167164 5.121346190571785 5.121346190571785 0.0 0.0 0.0 4255636.755198453 366981.6510983376 0.9409090909090908
59683.719572135 2459684.21883872 6.08838714659214 6.08838714659214 0.0 0.0 1.0 4318617.920773305 372397.76606341527 0.9409090909090908
59683.720243245 2459684.219509901 7.054887637495995 7.054887637495995 0.0 0.0 0.0 4261580.49854686 367480.08553801646 0.9409090909090908
59683.720914724996 2459684.220181452 8.021921217441559 8.021921217441559 0.0 0.0 1.0 4323258.5205942085 372778.6963782089 0.9409090909090908
59683.721585834995 2459684.220852632 8.988420367240906 8.988420367240906 0.0 0.0 0.0 4265172.617606833 367780.8144130853 0.9409090909090908
59683.72225731501 2459684.2215241822 9.955452606081963 9.955452606081963 0.0 0.0 1.0 4325097.959425712 372939.0184128961 0.9409090909090908
59683.722928425006 2459684.2221953617 10.921951085329056 10.921951085329056 0.0 0.0 0.0 4268087.583464188 368022.3221100352 0.9409090909090908
59683.72359991 2459684.2228669156 11.888988688588142 11.888988688588142 0.0 0.0 1.0 4327610.774411207 373150.5660967026 0.9409090909090908
59683.72427102 2459684.2235380947 12.855486497282982 12.855486497282982 0.0 0.0 0.0 4270609.370634613 368243.39283194067 0.9409090909090908
59683.724942504996 2459684.224209648 13.822523429989815 13.822523429989815 0.0 0.0 1.0 4329078.48780952 373273.8694447031 0.9409090909090908
59683.725613614995 2459684.2248808257 14.789019227027893 14.789019227027893 0.0 0.0 0.0 4272085.017217751 368364.80774043023 0.9409090909090908
59683.72628509501 2459684.225552373 15.756047442555428 15.756047442555428 0.0 0.0 1.0 4329344.933464416 373303.0744129278 0.9409090909090908
59683.726956205006 2459684.22622355 16.722541898489 16.722541898489 0.0 0.0 0.0 4271445.596423246 368297.73429285927 0.9409090909090908
59683.727627685 2459684.2268950962 17.689568772912025 17.689568772912025 0.0 0.0 1.0 4328215.461213145 373184.1429595001 0.9409090909090908
59683.728298795 2459684.227566272 18.65606188774109 18.65606188774109 0.0 0.0 0.0 4273680.240547053 368494.17997837276 0.9409090909090908
59683.728970280004 2459684.228237822 19.623094126582146 19.623094126582146 0.0 0.0 1.0 4329984.179136723 373341.6360752076 0.9409090909090908
59683.729641390004 2459684.228908997 20.5895859003067 20.5895859003067 0.0 0.0 0.0 4274026.217531596 368532.5231819959 0.9409090909090908
59683.730312875006 2459684.229580546 21.556616127490997 21.556616127490997 0.0 0.0 1.0 4330574.121458836 373388.64634320966 0.9409090909090908
59683.730983985006 2459684.2302517197 22.523106560111046 22.523106560111046 0.0 0.0 0.0 4274294.58895878 368549.0912555308 0.9409090909090908
59683.731655465 2459684.2309232624 23.490128070116043 23.490128070116043 0.0 0.0 1.0 4330251.20157689 373373.87198880804 0.9409090909090908
59683.732326575 2459684.231594435 24.45661649107933 24.45661649107933 0.0 0.0 0.0 4273354.413259245 368469.3572701244 0.9409090909090908
59683.732998055 2459684.2322659767 25.42363665997982 25.42363665997982 0.0 0.0 1.0 4329800.146503678 373342.1042928769 0.9409090909090908
59683.733669165 2459684.2329371483 26.3901237398386 26.3901237398386 0.0 0.0 0.0 4273827.129918413 368508.11543362925 0.9409090909090908
59683.73434065 2459684.2336086943 27.357149943709373 27.357149943709373 0.0 0.0 1.0 4330629.475931166 373401.49968867586 0.9409090909090908
59683.735011765006 2459684.234279869 28.32364171743393 28.32364171743393 0.0 0.0 0.0 4274920.213391588 368607.60251390823 0.9409090909090908
59683.735683245 2459684.2349514095 29.290659874677658 29.290659874677658 0.0 0.0 1.0 4330080.681059543 373358.0604632107 0.9409090909090908
59683.736354355 2459684.2356225783 30.257142931222916 30.257142931222916 0.0 0.0 0.0 4272746.355360024 368430.47086771094 0.9409090909090908
59683.737025835 2459684.2362941173 31.224159076809883 31.224159076809883 0.0 0.0 1.0 4330056.921511584 373357.1168841697 0.9409090909090908
59683.737696945 2459684.2369652856 32.19064146280289 32.19064146280289 0.0 0.0 0.0 4274349.612616725 368559.2424576527 0.9409090909090908
59683.738368424994 2459684.2376368237 33.15765626728535 33.15765626728535 0.0 0.0 1.0 4332035.854430343 373536.8097770171 0.9409090909090908
59683.739039534994 2459684.238307991 34.12413731217384 34.12413731217384 0.0 0.0 0.0 4273716.445613232 368509.23857674934 0.9409090909090908
59683.739711019996 2459684.2389795333 35.09115815162659 35.09115815162659 0.0 0.0 1.0 4331339.763701983 373467.2214507123 0.9409090909090908
59683.740382135 2459684.239650705 36.05764523148537 36.05764523148537 0.0 0.0 0.0 4273786.164865225 368501.7066770527 0.9409090909090908
59683.741053615 2459684.240322241 37.02465735375881 37.02465735375881 0.0 0.0 1.0 4329369.139584127 373296.01398492564 0.9409090909090908
59683.741724725 2459684.240993407 37.99113638699055 37.99113638699055 0.0 0.0 0.0 4272231.628486083 368380.11999371 0.9409090909090908
59683.742396204994 2459684.2416649433 38.95814850926399 38.95814850926399 0.0 0.0 1.0 4331797.164897469 373500.91573300055 0.9409090909090908
59683.779259535004 2459684.2785316817 92.04625189304352 0.0 0.0 1.0 0.0 4262968.914507597 367587.50253249676 0.9409090909090908
59683.77993102 2459684.279203239 93.01329419016838 0.9670422971248627 0.0 1.0 1.0 4324275.517500894 372829.2084846106 0.9409090909090908
59683.780602135 2459684.279874426 93.97980339825153 1.9335515052080154 0.0 1.0 0.0 4265937.194300962 367840.19054334576 0.9409090909090908
59683.78127361499 2459684.2805459783 94.94683898985386 2.900587096810341 0.0 1.0 1.0 4325512.601164336 372945.9858233491 0.9409090909090908
59683.78194472499 2459684.28121716 95.91334082186222 3.8670889288187027 0.0 1.0 0.0 4266036.775664841 367849.21139637515 0.9409090909090908
59683.782616205004 2459684.281888712 96.88037574291229 4.834123849868774 0.0 1.0 1.0 4326419.204351975 373023.7958751931 0.9409090909090908
59683.783287315004 2459684.2825598945 97.84687824547291 5.80062635242939 0.0 1.0 0.0 4267804.056024646 368001.40608865 0.9409090909090908
59683.783958795 2459684.283231446 98.81391249597073 6.767660602927208 0.0 1.0 1.0 4325710.343725498 372952.7496506277 0.9409090909090908
59683.784629910006 2459684.2839026325 99.78042103350163 7.734169140458107 0.0 1.0 0.0 4268270.578227205 368037.775901895 0.9409090909090908
59683.78530139 2459684.284574184 100.74745528399944 8.701203390955925 0.0 1.0 1.0 4325470.643501395 372931.4630485907 0.9409090909090908
59683.78597250499 2459684.28524537 101.71396315097809 9.66771125793457 0.0 1.0 0.0 4266557.436676533 367881.66221234767 0.9409090909090908
59683.786643985004 2459684.285916921 102.68099673092365 10.634744837880135 0.0 1.0 1.0 4325612.14784133 372942.4886548892 0.9409090909090908
59683.787315095 2459684.286588101 103.647495880723 11.601243987679482 0.0 1.0 0.0 4267707.003856709 367977.1074799613 0.9409090909090908
59683.787986575 2459684.287259652 104.61452879011631 12.568276897072792 0.0 1.0 1.0 4325531.451066163 372946.3376195908 0.9409090909090908
59683.788657685 2459684.2879308313 105.5810272693634 13.534775376319885 0.0 1.0 0.0 4266639.817456448 367891.45163141796 0.9409090909090908
59683.789329164996 2459684.2886023815 106.54805950820446 14.501807615160942 0.0 1.0 1.0 4326199.393059746 372993.09882586636 0.9409090909090908
59683.79000028 2459684.289273565 107.51456402242184 15.468312129378319 0.0 1.0 0.0 4269217.096335862 368110.62184780336 0.9409090909090908
59683.790671765004 2459684.2899451186 108.48160095512867 16.43534906208515 0.0 1.0 1.0 4326811.827342744 373048.4236671584 0.9409090909090908
59683.791342875 2459684.290616297 109.44809809327126 17.401846200227737 0.0 1.0 0.0 4267882.779087837 367994.5669801849 0.9409090909090908
59683.792014355 2459684.2912878445 110.41512630879879 18.368874415755272 0.0 1.0 1.0 4326233.197170908 373016.531188302 0.9409090909090908
59683.792685465 2459684.2919590217 111.38162143528461 19.335369542241096 0.0 1.0 0.0 4269428.480456146 368134.76783818525 0.9409090909090908
59683.793356944996 2459684.292630568 112.34864830970764 20.302396416664124 0.0 1.0 1.0 4326725.024359575 373047.2853838275 0.9409090909090908
59683.794028054996 2459684.2933017444 113.31514209508896 21.26889020204544 0.0 1.0 0.0 4267363.239578899 367954.42148596334 0.9409090909090908
59683.79469953501 2459684.29397329 114.28216762840748 22.23591573536396 0.0 1.0 1.0 4324717.3953107735 372878.4820031933 0.9409090909090908
59683.79537065 2459684.2946444703 115.24866744875908 23.20241555571556 0.0 1.0 0.0 4268712.947714763 368075.2978218707 0.9409090909090908
59683.796042135 2459684.29531602 116.21569901704788 24.169447124004364 0.0 1.0 1.0 4325046.265651421 372905.46506851714 0.9409090909090908
59683.796713245 2459684.295987194 117.18218944966793 25.135937556624413 0.0 1.0 0.0 4267574.4198605055 367983.1086798141 0.9409090909090908
59683.797384724996 2459684.296658737 118.14921163022518 26.102959737181664 0.0 1.0 1.0 4326356.762982375 373007.6589467166 0.9409090909090908
59683.798055834995 2459684.29732991 119.11570072174072 27.069448828697205 0.0 1.0 0.0 4268199.473544906 368019.31197609776 0.9409090909090908
59683.79872731501 2459684.2980014523 120.08272156119347 28.036469668149948 0.0 1.0 1.0 4326121.681350912 372997.53383982973 0.9409090909090908
59683.799398425006 2459684.2986726244 121.0492093116045 29.00295741856098 0.0 1.0 0.0 4268240.347737862 368036.76274232497 0.9409090909090908
59683.80006991 2459684.2993441704 122.01623551547527 29.969983622431755 0.0 1.0 1.0 4325388.012674321 372942.9434250973 0.9409090909090908
59683.80074102 2459684.300015341 122.98272125422955 30.936469361186028 0.0 1.0 0.0 4267079.199398761 367934.23547788034 0.9409090909090908
59683.801412504996 2459684.3006868865 123.94974678754807 31.903494894504547 0.0 1.0 1.0 4325048.699229343 372903.62720183807 0.9409090909090908
59683.802083614995 2459684.3013580563 124.91623118519783 32.86997929215431 0.0 1.0 0.0 4267718.517307985 367989.92354276776 0.9409090909090908
59683.80275509501 2459684.3020295952 125.8832473307848 33.83699543774128 0.0 1.0 1.0 4324451.0091180755 372855.8764171696 0.9409090909090908
59683.803426205006 2459684.302700764 126.84973038733006 34.80347849428654 0.0 1.0 0.0 4267053.584879769 367929.5366179487 0.9409090909090908
59683.804097685 2459684.303372302 127.81674519181252 35.770493298769 0.0 1.0 1.0 4323930.727579212 372810.58453857515 0.9409090909090908
59683.804768795 2459684.30404347 128.78322690725327 36.73697501420975 0.0 1.0 0.0 4268000.4168299725 368017.91658815235 0.9409090909090908
59683.805440280004 2459684.304715012 129.750247746706 37.70399585366249 0.0 1.0 1.0 4325125.797736088 372914.1109096393 0.9409090909090908
59683.845463245 2459684.344741652 187.38860875368118 0.0 0.0 2.0 0.0 4257051.003445953 367080.14697450324 0.9409090909090908
59683.846134725 2459684.345413204 188.35564367473125 0.9670349210500717 0.0 2.0 1.0 4317583.8868662445 372265.39839949564 0.9409090909090908
59683.846805835 2459684.346084386 189.32214617729187 1.9335374236106873 0.0 2.0 0.0 4260190.229397182 367350.75865997054 0.9409090909090908
59683.847477314994 2459684.346755938 190.28918109834194 2.900572344660759 0.0 2.0 1.0 4319677.7217555465 372445.4587263533 0.9409090909090908
59683.84814842499 2459684.3474271204 191.25568360090256 3.8670748472213745 0.0 2.0 0.0 4261490.326022733 367453.72557603027 0.9409090909090908
59683.848819909996 2459684.3480986776 192.22272589802742 4.834117144346237 0.0 2.0 1.0 4318299.695344907 372331.35505052557 0.9409090909090908
59683.849491019995 2459684.3487698594 193.18922773003578 5.800618976354599 0.0 2.0 0.0 4260983.363846318 367423.044570433 0.9409090909090908
59683.850162505 2459684.3494414166 194.15627002716064 6.767661273479462 0.0 2.0 1.0 4319777.085482295 372455.5813935026 0.9409090909090908
59683.850833615 2459684.3501125975 195.1227705180645 7.734161764383316 0.0 2.0 0.0 4261639.935010856 367464.4402487859 0.9409090909090908
59683.85150509499 2459684.3507841495 196.08980543911457 8.701196685433388 0.0 2.0 1.0 4320506.998754643 372521.5175078 0.9409090909090908
59683.85217620499 2459684.3514553304 197.05630593001842 9.667697176337242 0.0 2.0 0.0 4264232.121000783 367692.034749851 0.9409090909090908
59683.852847685004 2459684.3521268815 198.023339509964 10.634730756282806 0.0 2.0 1.0 4321511.855953461 372607.88734530297 0.9409090909090908
59683.853518795004 2459684.352798062 198.9898393303156 11.601230576634407 0.0 2.0 0.0 4263624.660540953 367635.0676714241 0.9409090909090908
59683.85419028 2459684.353469617 199.95687894523144 12.568270191550255 0.0 2.0 1.0 4321143.795531865 372568.575483027 0.9409090909090908
59683.854861390006 2459684.3541407967 200.92337742447853 13.534768670797348 0.0 2.0 0.0 4263622.439656684 367643.1987271534 0.9409090909090908
59683.85553287499 2459684.354812351 201.89041569828987 14.501806944608688 0.0 2.0 1.0 4321533.6609573085 372597.1922423531 0.9409090909090908
59683.85620398499 2459684.3554835306 202.85691417753696 15.468305423855782 0.0 2.0 0.0 4262558.849669993 367549.6690760526 0.9409090909090908
59683.856875465004 2459684.356155079 203.823943734169 16.435334980487823 0.0 2.0 1.0 4320123.652141627 372483.3431723966 0.9409090909090908
59683.857546575004 2459684.3568262574 204.7904408723116 17.40183211863041 0.0 2.0 0.0 4262646.281979298 367550.80944715696 0.9409090909090908
59683.858218055 2459684.3574978053 205.75746975839138 18.368861004710197 0.0 2.0 1.0 4321939.653762496 372634.70990951493 0.9409090909090908
59683.858889165 2459684.358168982 206.72396421432495 19.33535546064377 0.0 2.0 0.0 4262148.757252185 367505.1583599008 0.9409090909090908
59683.85956065 2459684.3588405335 207.69099846482277 20.302389711141586 0.0 2.0 1.0 4321151.356005433 372577.751509077 0.9409090909090908
59683.86023176499 2459684.3595117154 208.65750029683113 21.268891543149948 0.0 2.0 0.0 4261118.708784892 367427.29075001733 0.9409090909090908
59683.860903245004 2459684.360183261 209.62452583014965 22.235917076468468 0.0 2.0 1.0 4320249.548285911 372502.4679117764 0.9409090909090908
59683.861574355 2459684.3608544357 210.5910176038742 23.202408850193024 0.0 2.0 0.0 4262284.759938656 367530.67933718016 0.9409090909090908
59683.862245835 2459684.3615259803 211.55804179608822 24.169433042407036 0.0 2.0 1.0 4319826.820335846 372456.9486404516 0.9409090909090908
59683.862916945 2459684.362197154 212.52453222870827 25.135923475027084 0.0 2.0 0.0 4261100.603814759 367429.71297254885 0.9409090909090908
59683.863588424996 2459684.362868698 213.49155507981777 26.10294632613659 0.0 2.0 1.0 4320792.434519229 372550.69000164786 0.9409090909090908
59683.864259534996 2459684.363539871 214.4580441713333 27.06943541765213 0.0 2.0 0.0 4260934.253631583 367411.27829792426 0.9409090909090908
59683.86493102 2459684.3642114177 215.4250717163086 28.03646296262741 0.0 2.0 1.0 4319340.5582976695 372420.30265825405 0.9409090909090908
59683.865602135 2459684.364882595 216.39156684279442 29.002958089113235 0.0 2.0 0.0 4260729.3226437345 367403.00376063003 0.9409090909090908
59683.866273615 2459684.365554136 217.35858634114265 29.96997758746147 0.0 2.0 1.0 4318320.681309053 372334.8388332724 0.9409090909090908
59683.866944725 2459684.366225307 218.32507207989693 30.936463326215744 0.0 2.0 0.0 4261035.3527115 367418.71857783874 0.9409090909090908
59683.867616204996 2459684.366896847 219.2920895665884 31.90348081290722 0.0 2.0 1.0 4318947.188746777 372392.1228178915 0.9409090909090908
59683.868287314996 2459684.367568017 220.25857463479042 32.86996588110924 0.0 2.0 0.0 4261061.227882039 367422.27357883845 0.9409090909090908
59683.86895879501 2459684.368239556 221.2255907803774 33.836982026696205 0.0 2.0 1.0 4318458.909563231 372345.91355501843 0.9409090909090908
59683.86962991 2459684.36891073 222.19208121299744 34.803472459316254 0.0 2.0 0.0 4261817.752234521 367489.8004704795 0.9409090909090908
59683.870301389994 2459684.369582268 223.1590960174799 35.770487263798714 0.0 2.0 1.0 4319437.859599184 372434.7616833326 0.9409090909090908
59683.870972505 2459684.3702534405 224.12558443844318 36.736975684762 0.0 2.0 0.0 4260391.397178513 367377.0572044499 0.9409090909090908
59683.871643984996 2459684.3709249785 225.09259924292564 37.70399048924446 0.0 2.0 1.0 4318840.676731645 372388.5376907208 0.9409090909090908
59683.911655464995 2459684.410940132 282.7144204080105 0.0 0.0 3.0 0.0 4247152.838675491 366249.69347756647 0.9409090909090908
59683.912326574995 2459684.411611314 283.68092224001884 0.9665018320083618 0.0 3.0 1.0 4307794.280523346 371429.8853217507 0.9409090909090908
59683.912998055006 2459684.4122828664 284.64795783162117 1.9335374236106873 0.0 3.0 0.0 4250872.792787624 366560.9953000298 0.9409090909090908
59683.913669165006 2459684.4129540487 285.6144603341818 2.900039926171303 0.0 3.0 1.0 4309049.179731734 371538.607253722 0.9409090909090908
59683.91434065 2459684.413625606 286.58150263130665 3.8670822232961655 0.0 3.0 0.0 4251405.364184863 366610.1941856299 0.9409090909090908
59683.915011765 2459684.414296793 287.5480118393898 4.833591431379318 0.0 3.0 1.0 4309784.307759787 371601.9072403698 0.9409090909090908
59683.915683244995 2459684.4149683444 288.5150460898876 5.800625681877136 0.0 3.0 0.0 4252127.268338062 366672.8829251709 0.9409090909090908
59683.916354354995 2459684.4156395267 289.48154859244823 6.767128184437752 0.0 3.0 1.0 4310465.352346098 371662.63827417145 0.9409090909090908
59683.917025835006 2459684.416311078 290.4485821723938 7.734161764383316 0.0 3.0 0.0 4251832.199344946 366641.9019091612 0.9409090909090908
59683.917696945005 2459684.4169822596 291.41508400440216 8.700663596391678 0.0 3.0 1.0 4311699.292178401 371756.3938467326 0.9409090909090908
59683.918368425 2459684.417653811 292.3821182549 9.667697846889496 0.0 3.0 0.0 4251611.835918291 366620.60937915044 0.9409090909090908
59683.919039535 2459684.4183249916 293.3486180752516 10.634197667241096 0.0 3.0 1.0 4310806.283601962 371696.23441801115 0.9409090909090908
59683.919711020004 2459684.418996547 294.3156576901674 11.601237282156944 0.0 3.0 0.0 4250839.011171555 366556.6619387054 0.9409090909090908
59683.920382134995 2459684.4196677324 295.2821648865938 12.567744478583336 0.0 3.0 1.0 4309435.133174665 371572.888904181 0.9409090909090908
59683.921053615006 2459684.420339282 296.2491964548826 13.534776046872139 0.0 3.0 0.0 4252188.269848884 366669.47015555407 0.9409090909090908
59683.921724725005 2459684.421010462 297.21569560468197 14.501275196671486 0.0 3.0 1.0 4310134.0497344695 371623.0312369661 0.9409090909090908
59683.922396205 2459684.421682011 298.18272583186626 15.468305423855782 0.0 3.0 0.0 4252132.30310732 366663.55058261665 0.9409090909090908
59683.923067315 2459684.4223531894 299.14922297000885 16.434802561998367 0.0 3.0 1.0 4311202.401502699 371720.04119808454 0.9409090909090908
59683.923738795 2459684.4230247377 300.1162525266409 17.40183211863041 0.0 3.0 0.0 4251944.969707894 366661.58059838024 0.9409090909090908
59683.92440991 2459684.4236959205 301.08275569975376 18.36833529174328 0.0 3.0 1.0 4310547.210441883 371666.0780935254 0.9409090909090908
59683.92508139 2459684.424367468 302.0497839152813 19.335363507270813 0.0 3.0 0.0 4252715.817034536 366717.9896844618 0.9409090909090908
59683.925752505005 2459684.4250386497 303.01628574728966 20.301865339279175 0.0 3.0 1.0 4309201.209837406 371548.1981262129 0.9409090909090908
59683.926423985 2459684.4257101957 303.98331195116043 21.268891543149948 0.0 3.0 0.0 4251177.56869255 366595.4309483062 0.9409090909090908
59683.927095095 2459684.4263813714 304.9498050659895 22.23538465797901 0.0 3.0 1.0 4308223.584934395 371469.21580616775 0.9409090909090908
59683.927766575 2459684.4270529165 305.91682992875576 23.202409520745277 0.0 3.0 0.0 4248494.126971517 366364.08627534524 0.9409090909090908
59683.928437685 2459684.4277240913 306.8833217024803 24.168901294469833 0.0 3.0 1.0 4305362.861671097 371237.08553417603 0.9409090909090908
59683.929109164994 2459684.428395635 307.8503445535898 25.135924145579338 0.0 3.0 0.0 4245562.447818607 366120.4434383748 0.9409090909090908
59683.92978028 2459684.4290668136 308.8168416917324 26.102421283721924 0.0 3.0 1.0 4302892.05373487 371022.0819500991 0.9409090909090908
59683.930451765 2459684.429738362 309.78387124836445 27.069450840353966 0.0 3.0 0.0 4243542.0149046 365942.34982609324 0.9409090909090908
59683.931122875 2459684.4304095334 310.75035832822323 28.035937920212746 0.0 3.0 1.0 4302064.207858009 370961.2448174014 0.9409090909090908
59683.931794355 2459684.4310810757 311.717379167676 29.00295875966549 0.0 3.0 0.0 4242996.912991301 365897.7288212004 0.9409090909090908
59683.932465465 2459684.431752247 312.6838655769825 29.969445168972015 0.0 3.0 1.0 4300066.604270227 370789.8254868516 0.9409090909090908
59683.933136944994 2459684.4324237877 313.6508844047785 30.936463996767998 0.0 3.0 0.0 4241652.434491511 365790.97093072516 0.9409090909090908
59683.93380805499 2459684.433094958 314.6173694729805 31.902949064970016 0.0 3.0 1.0 4300171.603440828 370802.1323482817 0.9409090909090908
59683.934479535004 2459684.4337664978 315.584386959672 32.86996655166149 0.0 3.0 0.0 4241084.182606602 365736.3483632076 0.9409090909090908
59683.935150649995 2459684.4344376717 316.550877392292 33.83645698428154 0.0 3.0 1.0 4299434.079474749 370747.0153290163 0.9409090909090908
59683.935822135 2459684.4351092153 317.5179002434015 34.803479835391045 0.0 3.0 0.0 4241156.023530451 365745.9435816244 0.9409090909090908
59683.936493245 2459684.435780384 318.4843832999468 35.7699628919363 0.0 3.0 1.0 4299204.834449749 370741.19067056064 0.9409090909090908
59683.93716472499 2459684.4364519217 319.451397433877 36.73697702586651 0.0 3.0 0.0 4240841.563049703 365723.5098684933 0.9409090909090908
59683.93783583499 2459684.437123089 320.4178784787655 37.703458070755005 0.0 3.0 1.0 4298976.7033590535 370716.6971312567 0.9409090909090908
59683.978298795 2459684.477589772 378.6899019777775 0.0 0.0 4.0 0.0 4226145.928345892 364468.2685369984 0.9409090909090908
59683.978970280004 2459684.4782613292 379.65694427490234 0.9670422971248627 0.0 4.0 1.0 4286743.825767956 369658.7458868939 0.9409090909090908
59683.979641390004 2459684.4789325115 380.62344677746296 1.9335447996854782 0.0 4.0 0.0 4229621.623892661 364771.7191428157 0.9409090909090908
59683.980312875006 2459684.4796040687 381.5904890745878 2.900587096810341 0.0 4.0 1.0 4287058.390740442 369691.7915940691 0.9409090909090908
59683.980983985006 2459684.480275251 382.55699157714844 3.8670895993709564 0.0 4.0 0.0 4229967.555311624 364798.8461217159 0.9409090909090908
59683.981655465 2459684.480946803 383.5240264981985 4.834124520421028 0.0 4.0 1.0 4289547.332893168 369902.03526111925 0.9409090909090908
59683.982326575 2459684.481617985 384.49052833020687 5.80062635242939 0.0 4.0 0.0 4231009.928289202 364886.88125412515 0.9409090909090908
59683.982998055 2459684.4822895364 385.4575625807047 6.767660602927208 0.0 4.0 1.0 4288650.480820874 369822.88451402046 0.9409090909090908
59683.983669165 2459684.4829607178 386.4240637421608 7.734161764383316 0.0 4.0 0.0 4232123.762006353 364980.10279942636 0.9409090909090908
59683.98434065 2459684.4836322744 387.3911053687334 8.701203390955925 0.0 4.0 1.0 4288474.443164854 369807.6700634226 0.9409090909090908
59683.985011765006 2459684.48430346 388.3576125651598 9.667710587382317 0.0 4.0 0.0 4229909.321734711 364787.0098780055 0.9409090909090908
59683.985683245 2459684.484975011 389.32464614510536 10.63474416732788 0.0 4.0 1.0 4287966.1268113805 369767.53964884253 0.9409090909090908
59683.986354355 2459684.485646191 390.2911452949047 11.601243317127228 0.0 4.0 0.0 4230983.529691033 364865.63169965893 0.9409090909090908
59683.987025835 2459684.486317741 391.25817753374577 12.568275555968285 0.0 4.0 1.0 4288505.352377335 369811.6589151716 0.9409090909090908
59683.987696945 2459684.486988921 392.2246766835451 13.534774705767632 0.0 4.0 0.0 4230258.031748623 364805.971404079 0.9409090909090908
59683.988368424994 2459684.4876604704 393.19170758128166 14.501805603504181 0.0 4.0 1.0 4287728.019912108 369742.23021238146 0.9409090909090908
59683.989039534994 2459684.488331649 394.15820471942425 15.468302741646767 0.0 4.0 0.0 4230802.306672299 364868.58923090785 0.9409090909090908
59683.989711019996 2459684.4890032024 395.1252416521311 16.4353396743536 0.0 4.0 1.0 4287744.8919035625 369743.7947965376 0.9409090909090908
59683.990382135 2459684.489674385 396.09174482524395 17.40184284746647 0.0 4.0 0.0 4230507.987562335 364832.625038457 0.9409090909090908
59683.991053615 2459684.4903459325 397.0587730407715 18.368871062994003 0.0 4.0 1.0 4288145.873936924 369789.43687197164 0.9409090909090908
59683.991724725 2459684.4910171092 398.02526749670506 19.335365518927574 0.0 4.0 0.0 4230275.610835953 364819.42937284 0.9409090909090908
59683.992396204994 2459684.491688656 398.99229504168034 20.302393063902855 0.0 4.0 1.0 4287531.826236641 369729.27338204946 0.9409090909090908
59683.993067314994 2459684.4923598315 399.95878748595715 21.268885508179665 0.0 4.0 0.0 4230983.31252539 364894.99029431876 0.9409090909090908
59683.993738795005 2459684.4930313774 400.9258136898279 22.235911712050438 0.0 4.0 1.0 4287147.350948567 369699.59728395357 0.9409090909090908
59683.994409909996 2459684.493702557 401.892312169075 23.20241019129753 0.0 4.0 0.0 4228423.060481418 364660.67287974455 0.9409090909090908
59683.99508139 2459684.494374101 402.85933569073677 24.16943371295929 0.0 4.0 1.0 4286428.618370055 369638.7447695535 0.9409090909090908
59683.995752505 2459684.49504528 403.8258334994316 25.13593152165413 0.0 4.0 0.0 4230372.330904579 364828.2694059192 0.9409090909090908
59683.996423984994 2459684.495716823 404.7928550094366 26.102953031659126 0.0 4.0 1.0 4286553.323430637 369644.71389734413 0.9409090909090908
59683.997095094994 2459684.496387996 405.75934410095215 27.069442123174667 0.0 4.0 0.0 4230485.44924727 364836.8743004017 0.9409090909090908
59683.997766575005 2459684.4970595376 406.72636426985264 28.036462292075157 0.0 4.0 1.0 4287108.533198529 369695.2968581004 0.9409090909090908
59683.998437685004 2459684.497730709 407.6928513497114 29.002949371933937 0.0 4.0 0.0 4230851.430554417 364876.0316304218 0.9409090909090908
59683.999109165 2459684.49840225 408.6598701775074 29.96996819972992 0.0 4.0 1.0 4287104.0282013565 369703.97042898193 0.9409090909090908
59683.99978028 2459684.499073426 409.62636329233646 30.936461314558983 0.0 4.0 0.0 4230591.963442945 364853.69196746737 0.9409090909090908
59684.000451764994 2459684.4997449704 410.5933874845505 31.903485506772995 0.0 4.0 1.0 4286397.130599882 369638.1911412794 0.9409090909090908
59684.00112287499 2459684.50041614 411.55987188220024 32.86996990442276 0.0 4.0 0.0 4230152.612730072 364804.59145644895 0.9409090909090908
59684.001794355005 2459684.501087679 412.5268880277872 33.83698605000973 0.0 4.0 1.0 4286409.990757234 369640.8918419337 0.9409090909090908
59684.002465465004 2459684.5017588474 413.4933704137802 34.80346843600273 0.0 4.0 0.0 4229350.327716707 364737.15036801004 0.9409090909090908
59684.003136945 2459684.5024303854 414.4603852182627 35.77048324048519 0.0 4.0 1.0 4286394.282943165 369646.35651009873 0.9409090909090908
59684.003808055 2459684.5031015533 415.4268669337034 36.73696495592594 0.0 4.0 0.0 4228748.498271176 364682.9076643999 0.9409090909090908
59684.004479535 2459684.5037730904 416.3938803970814 37.703978419303894 0.0 4.0 1.0 4286484.105480538 369656.97530686326 0.9409090909090908
59684.047233984995 2459684.54653152 477.9660187661648 0.0 0.0 5.0 0.0 4214117.369071642 363443.68633115746 0.9409090909090908
59684.047905465006 2459684.5472030723 478.9330543577671 0.9670355916023254 0.0 5.0 1.0 4275259.821977074 368691.74136638676 0.9409090909090908
59684.048576575005 2459684.5478742537 479.8995555192232 1.9335367530584335 0.0 5.0 0.0 4217983.333403602 363774.1740553644 0.9409090909090908
59684.049248055 2459684.5485458057 480.8665904402733 2.9005716741085052 0.0 5.0 1.0 4276058.601034605 368757.88245879614 0.9409090909090908
59684.049919165 2459684.549216987 481.8330916017294 3.8670728355646133 0.0 5.0 0.0 4220033.513896771 363954.7780971374 0.9409090909090908
59684.050590650004 2459684.5498885433 482.80013255774975 4.834113791584969 0.0 5.0 1.0 4277027.456571445 368837.5230223717 0.9409090909090908
59684.051261764995 2459684.5505597293 483.7666404247284 5.800621658563614 0.0 5.0 0.0 4221835.128749596 364112.21348496416 0.9409090909090908
59684.051933245006 2459684.55123128 484.7336733341217 6.767654567956924 0.0 5.0 1.0 4277593.863403816 368895.4302683912 0.9409090909090908
59684.052604355005 2459684.5519024604 485.7001731544733 7.734154388308525 0.0 5.0 0.0 4220875.697160416 364014.3559074141 0.9409090909090908
59684.053275835 2459684.55257401 486.6672047227621 8.701185956597328 0.0 5.0 1.0 4278789.323323863 368997.49103072076 0.9409090909090908
59684.053946945 2459684.55324519 487.63370387256145 9.667685106396675 0.0 5.0 0.0 4220934.567476733 364035.77210585424 0.9409090909090908
59684.054618425 2459684.5539167393 488.600734770298 10.634716004133224 0.0 5.0 1.0 4278897.440687684 369005.772896802 0.9409090909090908
59684.055289535 2459684.554587918 489.5672319084406 11.60121314227581 0.0 5.0 0.0 4221655.695010554 364091.77275817766 0.9409090909090908
59684.05596102 2459684.5552594713 490.5342688411474 12.568250074982643 0.0 5.0 1.0 4278004.757066078 368928.6745138107 0.9409090909090908
59684.056632135005 2459684.5559306545 491.50077268481255 13.534753918647766 0.0 5.0 0.0 4220512.640593805 363979.67155966704 0.9409090909090908
59684.057303615 2459684.5566022014 492.4678002297878 14.501781463623047 0.0 5.0 1.0 4278626.646882933 368975.52798270516 0.9409090909090908
59684.057974725 2459684.5572733786 493.43429535627365 15.468276590108871 0.0 5.0 0.0 4221166.759362332 364049.56357287813 0.9409090909090908
59684.058646205 2459684.557944925 494.4013222306967 16.4353034645319 0.0 5.0 1.0 4276933.775977243 368843.1093507028 0.9409090909090908
59684.059317315 2459684.558616101 495.36781534552574 17.401796579360962 0.0 5.0 0.0 4222285.879768558 364157.89549294236 0.9409090909090908
59684.059988794994 2459684.559287646 496.334840208292 18.368821442127228 0.0 5.0 1.0 4276544.99128157 368804.0620532537 0.9409090909090908
59684.06065991 2459684.559958826 497.30133935809135 19.335320591926575 0.0 5.0 0.0 4219866.354736118 363954.2117543625 0.9409090909090908
59684.061331389996 2459684.56063037 498.2683628797531 20.302344113588333 0.0 5.0 1.0 4278025.791487122 368934.1148680132 0.9409090909090908
59684.062002505 2459684.561301549 499.23486068844795 21.268841922283173 0.0 5.0 0.0 4220977.6779973535 364041.66823349334 0.9409090909090908
59684.062673985 2459684.561973092 500.2018828690052 22.235864102840424 0.0 5.0 1.0 4277746.602320634 368916.17235485715 0.9409090909090908
59684.063345095 2459684.5626442647 501.1683712899685 23.20235252380371 0.0 5.0 0.0 4221273.263719049 364059.7404881093 0.9409090909090908
59684.064016574994 2459684.5633158064 502.135391458869 24.1693726927042 0.0 5.0 1.0 4277736.365024342 368902.6470083806 0.9409090909090908
59684.06468768499 2459684.563986978 503.10187853872776 25.13585977256298 0.0 5.0 0.0 4222732.927554275 364170.4567864155 0.9409090909090908
59684.065359165004 2459684.564658519 504.06889736652374 26.102878600358963 0.0 5.0 1.0 4281735.290186625 369243.9420378549 0.9409090909090908
59684.066030279995 2459684.5653296947 505.0353904813528 27.069371715188026 0.0 5.0 0.0 4224612.973716264 364350.84187393775 0.9409090909090908
59684.066701765 2459684.566001239 506.0024146735668 28.03639590740204 0.0 5.0 1.0 4282476.428132443 369308.1123418407 0.9409090909090908
59684.067372875 2459684.5666724085 506.96889840066433 29.00287963449955 0.0 5.0 0.0 4226306.159922903 364492.0916531044 0.9409090909090908
59684.06804435499 2459684.567343948 507.93591521680355 29.96989645063877 0.0 5.0 1.0 4283976.623061202 369434.22457723256 0.9409090909090908
59684.06871546499 2459684.568015116 508.9023969322443 30.93637816607952 0.0 5.0 0.0 4227657.1486984035 364601.58684257214 0.9409090909090908
59684.069386945004 2459684.5686866543 509.869412407279 31.903393641114235 0.0 5.0 1.0 4285846.76604577 369585.8228911374 0.9409090909090908
59684.070058055004 2459684.569357822 510.83589412271976 32.869875356554985 0.0 5.0 0.0 4227196.729153939 364554.62682788464 0.9409090909090908
59684.070729535 2459684.5700293593 511.8029075860977 33.83688881993294 0.0 5.0 1.0 4284910.244158359 369507.7196655763 0.9409090909090908
59684.071400650006 2459684.570700531 512.7693946659565 34.80337589979172 0.0 5.0 0.0 4227866.385095734 364612.37918968935 0.9409090909090908
59684.07207213499 2459684.571372072 513.7364141643047 35.770395398139954 0.0 5.0 1.0 4284956.209069154 369518.38138706767 0.9409090909090908
59684.07274324499 2459684.5720432387 514.7028938680887 36.73687510192394 0.0 5.0 0.0 4227587.222388085 364613.75467293616 0.9409090909090908
59684.073414725004 2459684.5727147744 515.6699053198099 37.703886553645134 0.0 5.0 1.0 4284646.635166958 369499.01537224394 0.9409090909090908
59684.11544028 2459684.614744295 576.1924148350954 0.0 0.0 6.0 0.0 4211395.763300648 363238.7159535319 0.9409090909090908
59684.11611139 2459684.6154154763 577.1589159965515 0.9665011614561081 0.0 6.0 1.0 4271190.507201824 368356.682178197 0.9409090909090908
59684.116782875004 2459684.6160870325 578.1259569525719 1.9335421174764633 0.0 6.0 0.0 4214253.134103757 363457.58411494305 0.9409090909090908
59684.117453985 2459684.6167582134 579.0924574434757 2.9000426083803177 0.0 6.0 1.0 4272241.3739529755 368442.67536289716 0.9409090909090908
59684.118125465 2459684.617429764 580.059490352869 3.8670755177736282 0.0 6.0 0.0 4215559.446856372 363578.2888309364 0.9409090909090908
59684.118796575 2459684.6181009444 581.0259901732206 4.833575338125229 0.0 6.0 1.0 4273232.405845823 368517.29854938126 0.9409090909090908
59684.119468054996 2459684.618772495 581.993023082614 5.800608247518539 0.0 6.0 0.0 4217018.653484375 363693.42115907907 0.9409090909090908
59684.120139164996 2459684.619443674 582.9595208913088 6.767106056213379 0.0 6.0 1.0 4272792.4627500605 368488.2948371175 0.9409090909090908
59684.12081065 2459684.6201152285 583.9265591651201 7.734144330024719 0.0 6.0 0.0 4218622.464230981 363834.224006225 0.9409090909090908
59684.121481765 2459684.6207864126 584.8930643498898 8.70064951479435 0.0 6.0 1.0 4273546.761268831 368551.68320677854 0.9409090909090908
59684.122153245 2459684.621457961 585.8600939065218 9.667679071426392 0.0 6.0 0.0 4216877.019179648 363680.0455795652 0.9409090909090908
59684.122824355 2459684.6221291386 586.8265897035599 10.63417486846447 0.0 6.0 1.0 4273274.493075175 368532.32391661167 0.9409090909090908
59684.123495834996 2459684.622800686 587.7936179190874 11.601203083992004 0.0 6.0 0.0 4217819.193568019 363777.243052428 0.9409090909090908
59684.124166944996 2459684.623471863 588.7601130455732 12.567698210477829 0.0 6.0 1.0 4273756.395562903 368574.2090053168 0.9409090909090908
59684.12483842501 2459684.6241434095 589.7271399199963 13.534725084900856 0.0 6.0 0.0 4217446.2836182555 363753.0529117422 0.9409090909090908
59684.125509535006 2459684.6248145853 590.6936330348253 14.50121819972992 0.0 6.0 1.0 4273520.369851146 368569.98217380117 0.9409090909090908
59684.126181019994 2459684.6254861355 591.6606652736664 15.468250438570976 0.0 6.0 0.0 4217067.166649218 363713.65306385554 0.9409090909090908
59684.126852135 2459684.626157316 592.627165094018 16.434750258922577 0.0 6.0 1.0 4273321.541280197 368549.22992450546 0.9409090909090908
59684.127523614996 2459684.62682886 593.5941886156797 17.401773780584335 0.0 6.0 0.0 4216887.080573196 363687.8594639209 0.9409090909090908
59684.128194724995 2459684.6275000335 594.5606783777475 18.36826354265213 0.0 6.0 1.0 4273657.3237587875 368568.0190768102 0.9409090909090908
59684.12886620501 2459684.6281715767 595.5277005583048 19.33528572320938 0.0 6.0 0.0 4217834.681626149 363783.5232117321 0.9409090909090908
59684.129537315006 2459684.628842749 596.4941889792681 20.30177414417267 0.0 6.0 1.0 4272805.781831878 368492.15127413714 0.9409090909090908
59684.130208795 2459684.6295142914 597.4612098187208 21.268794983625412 0.0 6.0 0.0 4216246.045283793 363643.5594245771 0.9409090909090908
59684.13087991 2459684.630185468 598.4277042746544 22.235289439558983 0.0 6.0 1.0 4272786.724750297 368501.7370258177 0.9409090909090908
59684.131551390004 2459684.630857009 599.3947231024504 23.202308267354965 0.0 6.0 0.0 4215859.133983186 363609.96197765914 0.9409090909090908
59684.132222504995 2459684.6315281843 600.3612155467272 24.168800711631775 0.0 6.0 1.0 4272499.917293517 368482.6935687793 0.9409090909090908
59684.13289398501 2459684.632199724 601.3282330334187 25.13581819832325 0.0 6.0 0.0 4215191.276395308 363549.37447326427 0.9409090909090908
59684.133565095006 2459684.6328708935 602.2947167605162 26.10230192542076 0.0 6.0 1.0 4273226.430678518 368524.11488511175 0.9409090909090908
59684.134236575 2459684.633542433 603.2617335766554 27.069318741559982 0.0 6.0 0.0 4215381.651568287 363559.77630018804 0.9409090909090908
59684.134907685 2459684.6342136012 604.2282159626484 28.035801127552986 0.0 6.0 1.0 4270938.651921724 368336.33665051433 0.9409090909090908
59684.135579165 2459684.6348851393 605.1952307671309 29.002815932035446 0.0 6.0 0.0 4215220.993281511 363554.4266513101 0.9409090909090908
59684.136250280004 2459684.635556312 606.1617191880941 29.969304352998734 0.0 6.0 1.0 4272111.326246421 368437.3652537509 0.9409090909090908
59684.136921765006 2459684.636227854 607.1287400275469 30.936325192451477 0.0 6.0 0.0 4214578.65061963 363499.7649171026 0.9409090909090908
59684.137592875006 2459684.636899021 608.0952204018831 31.90280556678772 0.0 6.0 1.0 4272110.406669123 368437.2668745623 0.9409090909090908
59684.138264355 2459684.6375705577 609.0622331947088 32.86981835961342 0.0 6.0 0.0 4215688.586590329 363599.8148554438 0.9409090909090908
59684.138935465 2459684.638241724 610.0287128984928 33.83629806339741 0.0 6.0 1.0 4271103.811625985 368349.32950358087 0.9409090909090908
59684.139606945 2459684.6389132603 610.9957250207663 34.80331018567085 0.0 6.0 0.0 4215530.674708024 363588.2375199936 0.9409090909090908
59684.140278055 2459684.6395844254 611.9622027128935 35.76978787779808 0.0 6.0 1.0 4271198.844986304 368363.4776580508 0.9409090909090908
59684.140949534994 2459684.6402559616 612.9292148351669 36.736800000071526 0.0 6.0 0.0 4215047.674350554 363534.0309112284 0.9409090909090908
59684.14162065 2459684.6409271313 613.8956992328167 37.70328439772129 0.0 6.0 1.0 4271779.546502514 368413.0125931335 0.9409090909090908
59684.182523615 2459684.6818339904 672.8015763312578 0.0 0.0 7.0 0.0 4200532.078754395 362312.1844485756 0.9409090909090908
59684.183194725 2459684.6825051713 673.7680768221617 0.9665004909038544 0.0 7.0 1.0 4260014.576004899 367398.97875889885 0.9409090909090908
59684.183866205 2459684.683176723 674.7351110726595 1.9335347414016724 0.0 7.0 0.0 4203584.089225798 362566.7266006127 0.9409090909090908
59684.184537315 2459684.683847903 675.7016102224588 2.9000338912010193 0.0 7.0 1.0 4260187.351179273 367424.3660072853 0.9409090909090908
59684.185208794996 2459684.6845194534 676.6686431318521 3.86706680059433 0.0 7.0 0.0 4203365.988496038 362537.38777898735 0.9409090909090908
59684.18587991 2459684.685190638 677.635148987174 4.833572655916214 0.0 7.0 1.0 4260049.187557461 367397.76909695845 0.9409090909090908
59684.18655139 2459684.685862188 678.6021812260151 5.800604894757271 0.0 7.0 0.0 4204468.415809422 362629.81739268836 0.9409090909090908
59684.187222505 2459684.686533372 679.5686857402325 6.7671094089746475 0.0 7.0 1.0 4260407.386525203 367438.92891540146 0.9409090909090908
59684.187893985 2459684.6872049207 680.5357159674168 7.734139636158943 0.0 7.0 0.0 4205008.133541706 362686.5958903133 0.9409090909090908
59684.188565095 2459684.687876099 681.5022124350071 8.700636103749275 0.0 7.0 1.0 4261351.941542973 367522.2072753508 0.9409090909090908
59684.189236574995 2459684.6885476466 682.4692413210869 9.667664989829063 0.0 7.0 0.0 4205239.088723596 362689.47200702515 0.9409090909090908
59684.189907684995 2459684.689218824 683.4357364475727 10.634160116314888 0.0 7.0 1.0 4261985.54357464 367570.9420298501 0.9409090909090908
59684.190579165006 2459684.6898903707 684.402763992548 11.601187661290169 0.0 7.0 0.0 4204090.635850477 362602.523943035 0.9409090909090908
59684.19125028 2459684.690561552 685.3692651540041 12.567688822746277 0.0 7.0 1.0 4261993.009594314 367584.7782091641 0.9409090909090908
59684.191921765 2459684.6912331027 686.3362980633974 13.534721732139587 0.0 7.0 0.0 4205584.392513268 362736.76900634856 0.9409090909090908
59684.192592875 2459684.691904278 687.3027905076742 14.501214176416397 0.0 7.0 1.0 4262685.648932641 367641.14131598145 0.9409090909090908
59684.193264354995 2459684.6925758226 688.2698146998882 15.46823836863041 0.0 7.0 0.0 4204956.586191145 362682.0747425148 0.9409090909090908
59684.193935464995 2459684.693246997 689.2363058030605 16.43472947180271 0.0 7.0 1.0 4260861.90588414 367481.99746776285 0.9409090909090908
59684.194606945006 2459684.69391854 690.2033279836178 17.401751652359962 0.0 7.0 0.0 4205939.004642084 362765.6323132865 0.9409090909090908
59684.195278055005 2459684.694589713 691.1698170751333 18.368240743875504 0.0 7.0 1.0 4262527.456119023 367624.4005137376 0.9409090909090908
59684.195949535 2459684.695261256 692.1368385851383 19.3352622538805 0.0 7.0 0.0 4204578.655564248 362641.7945656517 0.9409090909090908
59684.19662065 2459684.695932433 693.1033337116241 20.301757380366325 0.0 7.0 1.0 4261435.779687913 367535.011752981 0.9409090909090908
59684.197292134995 2459684.696603979 694.0703599154949 21.2687835842371 0.0 7.0 0.0 4204816.475508245 362662.05391489225 0.9409090909090908
59684.197963244995 2459684.69727515 695.0368463248014 22.235269993543625 0.0 7.0 1.0 4261613.225406493 367546.07483041415 0.9409090909090908
59684.198634725006 2459684.6979466905 696.0038644820452 23.202288150787354 0.0 7.0 0.0 4205842.857025571 362746.47461393557 0.9409090909090908
59684.199305835005 2459684.69861786 696.9703488796949 24.16877254843712 0.0 7.0 1.0 4262845.023368497 367651.6278864835 0.9409090909090908
59684.199977315 2459684.699289399 697.9373650252819 25.135788694024086 0.0 7.0 0.0 4204767.354144513 362667.97431437415 0.9409090909090908
59684.200648425 2459684.6999605685 698.9038487523794 26.102272421121597 0.0 7.0 1.0 4260880.379089054 367483.3114604513 0.9409090909090908
59684.201319910004 2459684.7006321116 699.8708709329367 27.06929460167885 0.0 7.0 0.0 4205462.538855375 362725.5663077879 0.9409090909090908
59684.20199102 2459684.7013032795 700.8373526483774 28.0357763171196 0.0 7.0 1.0 4262479.974603727 367614.83371815464 0.9409090909090908
59684.202662505006 2459684.7019748227 701.8043748289347 29.00279849767685 0.0 7.0 0.0 4204825.247870664 362653.96331333317 0.9409090909090908
59684.203333615005 2459684.702645989 702.7708545327187 29.96927820146084 0.0 7.0 1.0 4262114.228664214 367587.7338059952 0.9409090909090908
59684.204005095 2459684.7033175263 703.7378679960966 30.93629166483879 0.0 7.0 0.0 4205797.174754823 362750.29677535687 0.9409090909090908
59684.204676205 2459684.7039886927 704.7043476998806 31.90277136862278 0.0 7.0 1.0 4261143.126610912 367505.7469639448 0.9409090909090908
59684.205347685 2459684.704660229 705.671359822154 32.869783490896225 0.0 7.0 0.0 4205341.515412382 362708.02697482996 0.9409090909090908
59684.206018795 2459684.7053313944 706.6378381848335 33.83626185357571 0.0 7.0 1.0 4262363.209994291 367603.2270508055 0.9409090909090908
59684.20669028 2459684.7060029353 707.6048570126295 34.80328068137169 0.0 7.0 0.0 4205561.665453122 362730.3856645973 0.9409090909090908
59684.20736139 2459684.706674101 708.571335375309 35.76975904405117 0.0 7.0 1.0 4262050.279202542 367593.2253117843 0.9409090909090908
59684.208032875 2459684.707345641 709.5383535325527 36.7367772012949 0.0 7.0 0.0 4204853.441352941 362670.73477702856 0.9409090909090908
59684.208703985 2459684.7080168063 710.50483122468 37.70325489342213 0.0 7.0 1.0 4261132.047260949 367516.5888007975 0.9409090909090908
