# %ECSV 1.0
# ---
# datatype:
# - {name: t_mjd, datatype: float64}
# - {name: t_bjd, datatype: float64}
# - {name: t_visit, datatype: float64}
# - {name: t_orbit, datatype: float64}
# - {name: ivisit, datatype: float64}
# - {name: iorbit, datatype: float64}
# - {name: scan, datatype: float64}
# - {name: spec_opt, datatype: float64}
# - {name: var_opt, datatype: float64}
# - {name: wave, datatype: float64}
# schema: astropy-2.0
t_mjd t_bjd t_visit t_orbit ivisit iorbit scan spec_opt var_opt wave
59683.716215465 2459684.2154816925 1.2542673200368881 1.2542673200368881 0.0 0.0 0.0 5276086.502888334 453264.22252442595 1.0281818181818183
59683.716886944996 2459684.2161532445 2.22130224108696 2.22130224108696 0.0 0.0 1.0 5379307.163350149 462095.0855439179 1.0281818181818183
59683.717558054996 2459684.2168244263 3.1878040730953217 3.1878040730953217 0.0 0.0 0.0 5312706.947041296 456354.08400325134 1.0281818181818183
59683.71822953501 2459684.217495978 4.15483832359314 4.15483832359314 0.0 0.0 1.0 5398798.455159401 463750.08667516586 1.0281818181818183
59683.71890065 2459684.218167164 5.121346190571785 5.121346190571785 0.0 0.0 0.0 5327398.518399749 457590.3003370151 1.0281818181818183
59683.719572135 2459684.21883872 6.08838714659214 6.08838714659214 0.0 0.0 1.0 5407933.182134717 464494.657672608 1.0281818181818183
59683.720243245 2459684.219509901 7.054887637495995 7.054887637495995 0.0 0.0 0.0 5334758.8917221865 458210.9266005249 1.0281818181818183
59683.720914724996 2459684.220181452 8.021921217441559 8.021921217441559 0.0 0.0 1.0 5413476.94911674 464960.4894748812 1.0281818181818183
59683.721585834995 2459684.220852632 8.988420367240906 8.988420367240906 0.0 0.0 0.0 5339200.970165455 458581.96956681286 1.0281818181818183
59683.72225731501 2459684.2215241822 9.955452606081963 9.955452606081963 0.0 0.0 1.0 5415496.453374676 465135.57217155636 1.0281818181818183
59683.722928425006 2459684.2221953617 10.921951085329056 10.921951085329056 0.0 0.0 0.0 5343717.563266267 458967.0235995747 1.0281818181818183
59683.72359991 2459684.2228669156 11.888988688588142 11.888988688588142 0.0 0.0 1.0 5417170.330990498 465280.1312883329 1.0281818181818183
59683.72427102 2459684.2235380947 12.855486497282982 12.855486497282982 0.0 0.0 0.0 5345768.8332332885 459143.2244893204 1.0281818181818183
59683.724942504996 2459684.224209648 13.822523429989815 13.822523429989815 0.0 0.0 1.0 5420296.135573706 465537.31116618647 1.0281818181818183
59683.725613614995 2459684.2248808257 14.789019227027893 14.789019227027893 0.0 0.0 0.0 5345856.567652349 459144.79093578306 1.0281818181818183
59683.72628509501 2459684.225552373 15.756047442555428 15.756047442555428 0.0 0.0 1.0 5420170.345517867 465538.013249445 1.0281818181818183
59683.726956205006 2459684.22622355 16.722541898489 16.722541898489 0.0 0.0 0.0 5346978.556352651 459240.7371014384 1.0281818181818183
59683.727627685 2459684.2268950962 17.689568772912025 17.689568772912025 0.0 0.0 1.0 5420871.532401388 465571.00551125186 1.0281818181818183
59683.728298795 2459684.227566272 18.65606188774109 18.65606188774109 0.0 0.0 0.0 5348226.491821249 459346.1857406025 1.0281818181818183
59683.728970280004 2459684.228237822 19.623094126582146 19.623094126582146 0.0 0.0 1.0 5421990.447608825 465673.12041505135 1.0281818181818183
59683.729641390004 2459684.228908997 20.5895859003067 20.5895859003067 0.0 0.0 0.0 5348353.644226316 459356.86018337874 1.0281818181818183
59683.730312875006 2459684.229580546 21.556616127490997 21.556616127490997 0.0 0.0 1.0 5421199.493149977 465603.65067555365 1.0281818181818183
59683.730983985006 2459684.2302517197 22.523106560111046 22.523106560111046 0.0 0.0 0.0 5348283.763405867 459342.00594614825 1.0281818181818183
59683.731655465 2459684.2309232624 23.490128070116043 23.490128070116043 0.0 0.0 1.0 5422095.931802761 465695.18471546745 1.0281818181818183
59683.732326575 2459684.231594435 24.45661649107933 24.45661649107933 0.0 0.0 0.0 5349034.204561272 459404.9520919359 1.0281818181818183
59683.732998055 2459684.2322659767 25.42363665997982 25.42363665997982 0.0 0.0 1.0 5421608.593530562 465658.16214182327 1.0281818181818183
59683.733669165 2459684.2329371483 26.3901237398386 26.3901237398386 0.0 0.0 0.0 5348940.790695637 459399.26277499984 1.0281818181818183
59683.73434065 2459684.2336086943 27.357149943709373 27.357149943709373 0.0 0.0 1.0 5421032.316711472 465603.4604566912 1.0281818181818183
59683.735011765006 2459684.234279869 28.32364171743393 28.32364171743393 0.0 0.0 0.0 5348465.570087575 459367.28017317597 1.0281818181818183
59683.735683245 2459684.2349514095 29.290659874677658 29.290659874677658 0.0 0.0 1.0 5422300.658270826 465710.9545670343 1.0281818181818183
59683.736354355 2459684.2356225783 30.257142931222916 30.257142931222916 0.0 0.0 0.0 5347780.064470097 459319.9357339177 1.0281818181818183
59683.737025835 2459684.2362941173 31.224159076809883 31.224159076809883 0.0 0.0 1.0 5420096.425319741 465522.41679614823 1.0281818181818183
59683.737696945 2459684.2369652856 32.19064146280289 32.19064146280289 0.0 0.0 0.0 5348570.307206659 459373.00210413197 1.0281818181818183
59683.738368424994 2459684.2376368237 33.15765626728535 33.15765626728535 0.0 0.0 1.0 5421616.735138328 465656.04808135336 1.0281818181818183
59683.739039534994 2459684.238307991 34.12413731217384 34.12413731217384 0.0 0.0 0.0 5349444.611723286 459451.23380814143 1.0281818181818183
59683.739711019996 2459684.2389795333 35.09115815162659 35.09115815162659 0.0 0.0 1.0 5420809.353610268 465591.39471993316 1.0281818181818183
59683.740382135 2459684.239650705 36.05764523148537 36.05764523148537 0.0 0.0 0.0 5348725.67948704 459376.40353257547 1.0281818181818183
59683.741053615 2459684.240322241 37.02465735375881 37.02465735375881 0.0 0.0 1.0 5420721.3192702 465579.4723298012 1.0281818181818183
59683.741724725 2459684.240993407 37.99113638699055 37.99113638699055 0.0 0.0 0.0 5349118.349633783 459423.81429520325 1.0281818181818183
59683.742396204994 2459684.2416649433 38.95814850926399 38.95814850926399 0.0 0.0 1.0 5422698.291791844 465742.4915272779 1.0281818181818183
59683.779259535004 2459684.2785316817 92.04625189304352 0.0 0.0 1.0 0.0 5332887.864693469 458044.1046977666 1.0281818181818183
59683.77993102 2459684.279203239 93.01329419016838 0.9670422971248627 0.0 1.0 1.0 5411549.7335656695 464749.20946983993 1.0281818181818183
59683.780602135 2459684.279874426 93.97980339825153 1.9335515052080154 0.0 1.0 0.0 5337875.330686046 458466.04005699017 1.0281818181818183
59683.78127361499 2459684.2805459783 94.94683898985386 2.900587096810341 0.0 1.0 1.0 5413662.198268495 464950.5241153525 1.0281818181818183
59683.78194472499 2459684.28121716 95.91334082186222 3.8670889288187027 0.0 1.0 0.0 5339379.482441507 458594.42050027347 1.0281818181818183
59683.782616205004 2459684.281888712 96.88037574291229 4.834123849868774 0.0 1.0 1.0 5415750.289079096 465121.2516450308 1.0281818181818183
59683.783287315004 2459684.2825598945 97.84687824547291 5.80062635242939 0.0 1.0 0.0 5340802.9488376435 458715.0645409567 1.0281818181818183
59683.783958795 2459684.283231446 98.81391249597073 6.767660602927208 0.0 1.0 1.0 5416325.376061096 465166.4538038184 1.0281818181818183
59683.784629910006 2459684.2839026325 99.78042103350163 7.734169140458107 0.0 1.0 0.0 5340407.099762253 458676.842724207 1.0281818181818183
59683.78530139 2459684.284574184 100.74745528399944 8.701203390955925 0.0 1.0 1.0 5416594.927491875 465188.10296171834 1.0281818181818183
59683.78597250499 2459684.28524537 101.71396315097809 9.66771125793457 0.0 1.0 0.0 5340614.672515994 458693.1120797857 1.0281818181818183
59683.786643985004 2459684.285916921 102.68099673092365 10.634744837880135 0.0 1.0 1.0 5416165.356498656 465146.85874165193 1.0281818181818183
59683.787315095 2459684.286588101 103.647495880723 11.601243987679482 0.0 1.0 0.0 5340458.69322845 458669.32671736396 1.0281818181818183
59683.787986575 2459684.287259652 104.61452879011631 12.568276897072792 0.0 1.0 1.0 5416284.38314134 465162.0284173889 1.0281818181818183
59683.788657685 2459684.2879308313 105.5810272693634 13.534775376319885 0.0 1.0 0.0 5341743.266073481 458790.4726227371 1.0281818181818183
59683.789329164996 2459684.2886023815 106.54805950820446 14.501807615160942 0.0 1.0 1.0 5416726.744553638 465197.439257979 1.0281818181818183
59683.79000028 2459684.289273565 107.51456402242184 15.468312129378319 0.0 1.0 0.0 5340513.296971008 458677.9221204072 1.0281818181818183
59683.790671765004 2459684.2899451186 108.48160095512867 16.43534906208515 0.0 1.0 1.0 5415872.791889258 465136.81909933366 1.0281818181818183
59683.791342875 2459684.290616297 109.44809809327126 17.401846200227737 0.0 1.0 0.0 5341371.738272051 458752.8794686906 1.0281818181818183
59683.792014355 2459684.2912878445 110.41512630879879 18.368874415755272 0.0 1.0 1.0 5417037.68615842 465243.4426286495 1.0281818181818183
59683.792685465 2459684.2919590217 111.38162143528461 19.335369542241096 0.0 1.0 0.0 5342249.961219332 458831.8352620811 1.0281818181818183
59683.793356944996 2459684.292630568 112.34864830970764 20.302396416664124 0.0 1.0 1.0 5415994.0329578305 465143.3640140715 1.0281818181818183
59683.794028054996 2459684.2933017444 113.31514209508896 21.26889020204544 0.0 1.0 0.0 5341581.128512041 458782.6561909841 1.0281818181818183
59683.79469953501 2459684.29397329 114.28216762840748 22.23591573536396 0.0 1.0 1.0 5416074.737077268 465158.03909901885 1.0281818181818183
59683.79537065 2459684.2946444703 115.24866744875908 23.20241555571556 0.0 1.0 0.0 5341565.6596388025 458772.5978872103 1.0281818181818183
59683.796042135 2459684.29531602 116.21569901704788 24.169447124004364 0.0 1.0 1.0 5416115.499275974 465160.4521788578 1.0281818181818183
59683.796713245 2459684.295987194 117.18218944966793 25.135937556624413 0.0 1.0 0.0 5342199.679058895 458835.55443976837 1.0281818181818183
59683.797384724996 2459684.296658737 118.14921163022518 26.102959737181664 0.0 1.0 1.0 5414837.4222598355 465042.07087042223 1.0281818181818183
59683.798055834995 2459684.29732991 119.11570072174072 27.069448828697205 0.0 1.0 0.0 5340060.147617768 458635.65843773633 1.0281818181818183
59683.79872731501 2459684.2980014523 120.08272156119347 28.036469668149948 0.0 1.0 1.0 5416927.6914064875 465226.0173671643 1.0281818181818183
59683.799398425006 2459684.2986726244 121.0492093116045 29.00295741856098 0.0 1.0 0.0 5340206.195703452 458668.0286663564 1.0281818181818183
59683.80006991 2459684.2993441704 122.01623551547527 29.969983622431755 0.0 1.0 1.0 5415068.756182555 465073.5143073478 1.0281818181818183
59683.80074102 2459684.300015341 122.98272125422955 30.936469361186028 0.0 1.0 0.0 5340463.867784385 458679.2110380055 1.0281818181818183
59683.801412504996 2459684.3006868865 123.94974678754807 31.903494894504547 0.0 1.0 1.0 5415449.574634654 465102.1885037819 1.0281818181818183
59683.802083614995 2459684.3013580563 124.91623118519783 32.86997929215431 0.0 1.0 0.0 5340413.9528690055 458674.15667229 1.0281818181818183
59683.80275509501 2459684.3020295952 125.8832473307848 33.83699543774128 0.0 1.0 1.0 5415008.08206814 465067.82240709936 1.0281818181818183
59683.803426205006 2459684.302700764 126.84973038733006 34.80347849428654 0.0 1.0 0.0 5341097.468342966 458732.6825286348 1.0281818181818183
59683.804097685 2459684.303372302 127.81674519181252 35.770493298769 0.0 1.0 1.0 5413686.34486076 464945.00839967304 1.0281818181818183
59683.804768795 2459684.30404347 128.78322690725327 36.73697501420975 0.0 1.0 0.0 5338972.166179404 458553.9235094664 1.0281818181818183
59683.805440280004 2459684.304715012 129.750247746706 37.70399585366249 0.0 1.0 1.0 5414575.446129017 465027.35911639803 1.0281818181818183
59683.845463245 2459684.344741652 187.38860875368118 0.0 0.0 2.0 0.0 5325857.646646777 457445.0898884017 1.0281818181818183
59683.846134725 2459684.345413204 188.35564367473125 0.9670349210500717 0.0 2.0 1.0 5405030.502580183 464214.90597338596 1.0281818181818183
59683.846805835 2459684.346084386 189.32214617729187 1.9335374236106873 0.0 2.0 0.0 5331275.005366078 457905.63380317186 1.0281818181818183
59683.847477314994 2459684.346755938 190.28918109834194 2.900572344660759 0.0 2.0 1.0 5404345.609999528 464166.7413935935 1.0281818181818183
59683.84814842499 2459684.3474271204 191.25568360090256 3.8670748472213745 0.0 2.0 0.0 5331963.722440577 457954.3413345371 1.0281818181818183
59683.848819909996 2459684.3480986776 192.22272589802742 4.834117144346237 0.0 2.0 1.0 5406502.397986895 464337.7446146291 1.0281818181818183
59683.849491019995 2459684.3487698594 193.18922773003578 5.800618976354599 0.0 2.0 0.0 5333702.201568811 458113.3042184245 1.0281818181818183
59683.850162505 2459684.3494414166 194.15627002716064 6.767661273479462 0.0 2.0 1.0 5407913.835387999 464458.51069347095 1.0281818181818183
59683.850833615 2459684.3501125975 195.1227705180645 7.734161764383316 0.0 2.0 0.0 5332659.352791682 458021.6036638783 1.0281818181818183
59683.85150509499 2459684.3507841495 196.08980543911457 8.701196685433388 0.0 2.0 1.0 5409167.599970102 464564.8831426336 1.0281818181818183
59683.85217620499 2459684.3514553304 197.05630593001842 9.667697176337242 0.0 2.0 0.0 5337573.306120217 458427.37894083775 1.0281818181818183
59683.852847685004 2459684.3521268815 198.023339509964 10.634730756282806 0.0 2.0 1.0 5410043.600873132 464643.57978637 1.0281818181818183
59683.853518795004 2459684.352798062 198.9898393303156 11.601230576634407 0.0 2.0 0.0 5335749.311729091 458285.0883891254 1.0281818181818183
59683.85419028 2459684.353469617 199.95687894523144 12.568270191550255 0.0 2.0 1.0 5409282.005423208 464574.6886044607 1.0281818181818183
59683.854861390006 2459684.3541407967 200.92337742447853 13.534768670797348 0.0 2.0 0.0 5334394.480462844 458170.2398394138 1.0281818181818183
59683.85553287499 2459684.354812351 201.89041569828987 14.501806944608688 0.0 2.0 1.0 5408663.976182377 464514.8232265225 1.0281818181818183
59683.85620398499 2459684.3554835306 202.85691417753696 15.468305423855782 0.0 2.0 0.0 5333466.841264907 458092.1739938447 1.0281818181818183
59683.856875465004 2459684.356155079 203.823943734169 16.435334980487823 0.0 2.0 1.0 5408185.5106576 464485.12508995 1.0281818181818183
59683.857546575004 2459684.3568262574 204.7904408723116 17.40183211863041 0.0 2.0 0.0 5334827.360653071 458202.7399416473 1.0281818181818183
59683.858218055 2459684.3574978053 205.75746975839138 18.368861004710197 0.0 2.0 1.0 5409793.714250335 464620.606217264 1.0281818181818183
59683.858889165 2459684.358168982 206.72396421432495 19.33535546064377 0.0 2.0 0.0 5334683.00825385 458188.0249455514 1.0281818181818183
59683.85956065 2459684.3588405335 207.69099846482277 20.302389711141586 0.0 2.0 1.0 5408817.229094013 464542.82607917243 1.0281818181818183
59683.86023176499 2459684.3595117154 208.65750029683113 21.268891543149948 0.0 2.0 0.0 5335564.491090067 458271.4852234608 1.0281818181818183
59683.860903245004 2459684.360183261 209.62452583014965 22.235917076468468 0.0 2.0 1.0 5409852.287721797 464627.5159161884 1.0281818181818183
59683.861574355 2459684.3608544357 210.5910176038742 23.202408850193024 0.0 2.0 0.0 5333858.418284749 458119.9823347413 1.0281818181818183
59683.862245835 2459684.3615259803 211.55804179608822 24.169433042407036 0.0 2.0 1.0 5407595.46738702 464435.1051698154 1.0281818181818183
59683.862916945 2459684.362197154 212.52453222870827 25.135923475027084 0.0 2.0 0.0 5333436.594394221 458083.49240713916 1.0281818181818183
59683.863588424996 2459684.362868698 213.49155507981777 26.10294632613659 0.0 2.0 1.0 5408336.753150034 464503.7660720694 1.0281818181818183
59683.864259534996 2459684.363539871 214.4580441713333 27.06943541765213 0.0 2.0 0.0 5334178.350364582 458156.88803714595 1.0281818181818183
59683.86493102 2459684.3642114177 215.4250717163086 28.03646296262741 0.0 2.0 1.0 5408673.272595423 464528.9357056982 1.0281818181818183
59683.865602135 2459684.364882595 216.39156684279442 29.002958089113235 0.0 2.0 0.0 5333452.336720977 458097.727202285 1.0281818181818183
59683.866273615 2459684.365554136 217.35858634114265 29.96997758746147 0.0 2.0 1.0 5406802.9013526365 464367.75613067945 1.0281818181818183
59683.866944725 2459684.366225307 218.32507207989693 30.936463326215744 0.0 2.0 0.0 5334638.552816383 458192.32013860386 1.0281818181818183
59683.867616204996 2459684.366896847 219.2920895665884 31.90348081290722 0.0 2.0 1.0 5407246.152045332 464405.9759875362 1.0281818181818183
59683.868287314996 2459684.367568017 220.25857463479042 32.86996588110924 0.0 2.0 0.0 5333373.82744558 458082.31434787944 1.0281818181818183
59683.86895879501 2459684.368239556 221.2255907803774 33.836982026696205 0.0 2.0 1.0 5407684.778010936 464448.6357860857 1.0281818181818183
59683.86962991 2459684.36891073 222.19208121299744 34.803472459316254 0.0 2.0 0.0 5332467.859199582 458006.19936025166 1.0281818181818183
59683.870301389994 2459684.369582268 223.1590960174799 35.770487263798714 0.0 2.0 1.0 5405868.537959501 464290.54843229096 1.0281818181818183
59683.870972505 2459684.3702534405 224.12558443844318 36.736975684762 0.0 2.0 0.0 5332696.476016536 458029.18751147954 1.0281818181818183
59683.871643984996 2459684.3709249785 225.09259924292564 37.70399048924446 0.0 2.0 1.0 5407571.329432281 464440.1250608932 1.0281818181818183
59683.911655464995 2459684.410940132 282.7144204080105 0.0 0.0 3.0 0.0 5315188.378820714 456538.78389852704 1.0281818181818183
59683.912326574995 2459684.411611314 283.68092224001884 0.9665018320083618 0.0 3.0 1.0 5392970.979121433 463176.44669880794 1.0281818181818183
59683.912998055006 2459684.4122828664 284.64795783162117 1.9335374236106873 0.0 3.0 0.0 5319798.968251103 456923.8657845775 1.0281818181818183
59683.913669165006 2459684.4129540487 285.6144603341818 2.900039926171303 0.0 3.0 1.0 5396806.294984757 463508.01820200536 1.0281818181818183
59683.91434065 2459684.413625606 286.58150263130665 3.8670822232961655 0.0 3.0 0.0 5320932.748813133 457031.0653136142 1.0281818181818183
59683.915011765 2459684.414296793 287.5480118393898 4.833591431379318 0.0 3.0 1.0 5397311.301271533 463551.70980554493 1.0281818181818183
59683.915683244995 2459684.4149683444 288.5150460898876 5.800625681877136 0.0 3.0 0.0 5322661.574466453 457175.326879231 1.0281818181818183
59683.916354354995 2459684.4156395267 289.48154859244823 6.767128184437752 0.0 3.0 1.0 5397377.13314564 463567.8798166071 1.0281818181818183
59683.917025835006 2459684.416311078 290.4485821723938 7.734161764383316 0.0 3.0 0.0 5323949.851681484 457286.3000036306 1.0281818181818183
59683.917696945005 2459684.4169822596 291.41508400440216 8.700663596391678 0.0 3.0 1.0 5396763.384358664 463487.1558359128 1.0281818181818183
59683.918368425 2459684.417653811 292.3821182549 9.667697846889496 0.0 3.0 0.0 5322102.419271682 457129.9357463564 1.0281818181818183
59683.919039535 2459684.4183249916 293.3486180752516 10.634197667241096 0.0 3.0 1.0 5396669.355395425 463503.30875637097 1.0281818181818183
59683.919711020004 2459684.418996547 294.3156576901674 11.601237282156944 0.0 3.0 0.0 5323572.941189264 457251.8840234072 1.0281818181818183
59683.920382134995 2459684.4196677324 295.2821648865938 12.567744478583336 0.0 3.0 1.0 5396920.68593929 463514.6202347881 1.0281818181818183
59683.921053615006 2459684.420339282 296.2491964548826 13.534776046872139 0.0 3.0 0.0 5322929.804166577 457196.43928672234 1.0281818181818183
59683.921724725005 2459684.421010462 297.21569560468197 14.501275196671486 0.0 3.0 1.0 5398040.382390679 463600.07772814605 1.0281818181818183
59683.922396205 2459684.421682011 298.18272583186626 15.468305423855782 0.0 3.0 0.0 5323672.855056334 457256.85271516535 1.0281818181818183
59683.923067315 2459684.4223531894 299.14922297000885 16.434802561998367 0.0 3.0 1.0 5397388.1713770125 463557.2695281305 1.0281818181818183
59683.923738795 2459684.4230247377 300.1162525266409 17.40183211863041 0.0 3.0 0.0 5321941.94615047 457124.08519003226 1.0281818181818183
59683.92440991 2459684.4236959205 301.08275569975376 18.36833529174328 0.0 3.0 1.0 5398293.99157615 463635.5017393449 1.0281818181818183
59683.92508139 2459684.424367468 302.0497839152813 19.335363507270813 0.0 3.0 0.0 5324552.2201241 457344.10828253947 1.0281818181818183
59683.925752505005 2459684.4250386497 303.01628574728966 20.301865339279175 0.0 3.0 1.0 5395930.306939667 463425.49449120316 1.0281818181818183
59683.926423985 2459684.4257101957 303.98331195116043 21.268891543149948 0.0 3.0 0.0 5323133.889375814 457225.5671404366 1.0281818181818183
59683.927095095 2459684.4263813714 304.9498050659895 22.23538465797901 0.0 3.0 1.0 5393456.288025412 463221.47148325143 1.0281818181818183
59683.927766575 2459684.4270529165 305.91682992875576 23.202409520745277 0.0 3.0 0.0 5318720.842319848 456840.91807303793 1.0281818181818183
59683.928437685 2459684.4277240913 306.8833217024803 24.168901294469833 0.0 3.0 1.0 5390758.955931879 463000.1392027058 1.0281818181818183
59683.929109164994 2459684.428395635 307.8503445535898 25.135924145579338 0.0 3.0 0.0 5314985.004061334 456538.54305535107 1.0281818181818183
59683.92978028 2459684.4290668136 308.8168416917324 26.102421283721924 0.0 3.0 1.0 5388744.952671492 462830.004261692 1.0281818181818183
59683.930451765 2459684.429738362 309.78387124836445 27.069450840353966 0.0 3.0 0.0 5313736.333912172 456424.1604770998 1.0281818181818183
59683.931122875 2459684.4304095334 310.75035832822323 28.035937920212746 0.0 3.0 1.0 5386652.054586199 462663.9857120126 1.0281818181818183
59683.931794355 2459684.4310810757 311.717379167676 29.00295875966549 0.0 3.0 0.0 5312197.077269952 456297.53923046927 1.0281818181818183
59683.932465465 2459684.431752247 312.6838655769825 29.969445168972015 0.0 3.0 1.0 5385804.05380941 462581.78441854747 1.0281818181818183
59683.933136944994 2459684.4324237877 313.6508844047785 30.936463996767998 0.0 3.0 0.0 5311769.656771475 456270.6192751194 1.0281818181818183
59683.93380805499 2459684.433094958 314.6173694729805 31.902949064970016 0.0 3.0 1.0 5385904.891391842 462608.98385617347 1.0281818181818183
59683.934479535004 2459684.4337664978 315.584386959672 32.86996655166149 0.0 3.0 0.0 5311898.877321811 456274.4430225509 1.0281818181818183
59683.935150649995 2459684.4344376717 316.550877392292 33.83645698428154 0.0 3.0 1.0 5384467.305211645 462487.8482130494 1.0281818181818183
59683.935822135 2459684.4351092153 317.5179002434015 34.803479835391045 0.0 3.0 0.0 5309803.100671071 456095.34820991656 1.0281818181818183
59683.936493245 2459684.435780384 318.4843832999468 35.7699628919363 0.0 3.0 1.0 5384033.283770079 462458.1983202628 1.0281818181818183
59683.93716472499 2459684.4364519217 319.451397433877 36.73697702586651 0.0 3.0 0.0 5308601.634528562 455993.07959160424 1.0281818181818183
59683.93783583499 2459684.437123089 320.4178784787655 37.703458070755005 0.0 3.0 1.0 5384164.134128069 462479.52789394744 1.0281818181818183
59683.978298795 2459684.477589772 378.6899019777775 0.0 0.0 4.0 0.0 5292663.256007606 454637.20576868625 1.0281818181818183
59683.978970280004 2459684.4782613292 379.65694427490234 0.9670422971248627 0.0 4.0 1.0 5368767.625532239 461140.08555341855 1.0281818181818183
59683.979641390004 2459684.4789325115 380.62344677746296 1.9335447996854782 0.0 4.0 0.0 5298162.26231633 455114.504004382 1.0281818181818183
59683.980312875006 2459684.4796040687 381.5904890745878 2.900587096810341 0.0 4.0 1.0 5369769.899001109 461237.81412550213 1.0281818181818183
59683.980983985006 2459684.480275251 382.55699157714844 3.8670895993709564 0.0 4.0 0.0 5298780.883032804 455161.1461085341 1.0281818181818183
59683.981655465 2459684.480946803 383.5240264981985 4.834124520421028 0.0 4.0 1.0 5373088.039054433 461518.08385164244 1.0281818181818183
59683.982326575 2459684.481617985 384.49052833020687 5.80062635242939 0.0 4.0 0.0 5298803.467580699 455164.6830492041 1.0281818181818183
59683.982998055 2459684.4822895364 385.4575625807047 6.767660602927208 0.0 4.0 1.0 5372170.321093386 461432.81182892714 1.0281818181818183
59683.983669165 2459684.4829607178 386.4240637421608 7.734161764383316 0.0 4.0 0.0 5298514.984160615 455140.5504333209 1.0281818181818183
59683.98434065 2459684.4836322744 387.3911053687334 8.701203390955925 0.0 4.0 1.0 5373123.835460362 461515.87579144666 1.0281818181818183
59683.985011765006 2459684.48430346 388.3576125651598 9.667710587382317 0.0 4.0 0.0 5298582.831916645 455143.492993127 1.0281818181818183
59683.985683245 2459684.484975011 389.32464614510536 10.63474416732788 0.0 4.0 1.0 5371877.685366784 461418.2142063438 1.0281818181818183
59683.986354355 2459684.485646191 390.2911452949047 11.601243317127228 0.0 4.0 0.0 5298459.851279563 455120.6820428797 1.0281818181818183
59683.987025835 2459684.486317741 391.25817753374577 12.568275555968285 0.0 4.0 1.0 5371241.623248062 461359.41629614343 1.0281818181818183
59683.987696945 2459684.486988921 392.2246766835451 13.534774705767632 0.0 4.0 0.0 5297723.346442358 455047.7963470435 1.0281818181818183
59683.988368424994 2459684.4876604704 393.19170758128166 14.501805603504181 0.0 4.0 1.0 5371604.729153697 461386.77227950504 1.0281818181818183
59683.989039534994 2459684.488331649 394.15820471942425 15.468302741646767 0.0 4.0 0.0 5297660.002227221 455060.3878885021 1.0281818181818183
59683.989711019996 2459684.4890032024 395.1252416521311 16.4353396743536 0.0 4.0 1.0 5370413.1617128225 461290.2922970549 1.0281818181818183
59683.990382135 2459684.489674385 396.09174482524395 17.40184284746647 0.0 4.0 0.0 5297297.138327296 455026.15037543274 1.0281818181818183
59683.991053615 2459684.4903459325 397.0587730407715 18.368871062994003 0.0 4.0 1.0 5371327.910106617 461377.7271981393 1.0281818181818183
59683.991724725 2459684.4910171092 398.02526749670506 19.335365518927574 0.0 4.0 0.0 5298480.857029703 455137.06686103117 1.0281818181818183
59683.992396204994 2459684.491688656 398.99229504168034 20.302393063902855 0.0 4.0 1.0 5370987.284712484 461342.518844812 1.0281818181818183
59683.993067314994 2459684.4923598315 399.95878748595715 21.268885508179665 0.0 4.0 0.0 5296944.39530303 455016.319161188 1.0281818181818183
59683.993738795005 2459684.4930313774 400.9258136898279 22.235911712050438 0.0 4.0 1.0 5369906.822772721 461252.9393315046 1.0281818181818183
59683.994409909996 2459684.493702557 401.892312169075 23.20241019129753 0.0 4.0 0.0 5296987.488505977 455005.0561868855 1.0281818181818183
59683.99508139 2459684.494374101 402.85933569073677 24.16943371295929 0.0 4.0 1.0 5370574.339511747 461310.42826511525 1.0281818181818183
59683.995752505 2459684.49504528 403.8258334994316 25.13593152165413 0.0 4.0 0.0 5297600.813510583 455059.4304189721 1.0281818181818183
59683.996423984994 2459684.495716823 404.7928550094366 26.102953031659126 0.0 4.0 1.0 5370882.119440539 461332.4279167198 1.0281818181818183
59683.997095094994 2459684.496387996 405.75934410095215 27.069442123174667 0.0 4.0 0.0 5297492.170290118 455044.9004641213 1.0281818181818183
59683.997766575005 2459684.4970595376 406.72636426985264 28.036462292075157 0.0 4.0 1.0 5370947.1105552325 461333.5034853548 1.0281818181818183
59683.998437685004 2459684.497730709 407.6928513497114 29.002949371933937 0.0 4.0 0.0 5298862.471846303 455172.8363240134 1.0281818181818183
59683.999109165 2459684.49840225 408.6598701775074 29.96996819972992 0.0 4.0 1.0 5370238.67112271 461289.68055472476 1.0281818181818183
59683.99978028 2459684.499073426 409.62636329233646 30.936461314558983 0.0 4.0 0.0 5296553.259423079 454976.02650236065 1.0281818181818183
59684.000451764994 2459684.4997449704 410.5933874845505 31.903485506772995 0.0 4.0 1.0 5370425.012168609 461294.0665192556 1.0281818181818183
59684.00112287499 2459684.50041614 411.55987188220024 32.86996990442276 0.0 4.0 0.0 5295863.790894626 454904.276070051 1.0281818181818183
59684.001794355005 2459684.501087679 412.5268880277872 33.83698605000973 0.0 4.0 1.0 5371098.456842388 461356.7417547145 1.0281818181818183
59684.002465465004 2459684.5017588474 413.4933704137802 34.80346843600273 0.0 4.0 0.0 5298287.446931679 455107.4210526046 1.0281818181818183
59684.003136945 2459684.5024303854 414.4603852182627 35.77048324048519 0.0 4.0 1.0 5370949.952213703 461347.9567193107 1.0281818181818183
59684.003808055 2459684.5031015533 415.4268669337034 36.73696495592594 0.0 4.0 0.0 5297271.787675428 455029.70913736697 1.0281818181818183
59684.004479535 2459684.5037730904 416.3938803970814 37.703978419303894 0.0 4.0 1.0 5369995.42321032 461265.61405077006 1.0281818181818183
59684.047233984995 2459684.54653152 477.9660187661648 0.0 0.0 5.0 0.0 5276928.517137099 453291.0648614711 1.0281818181818183
59684.047905465006 2459684.5472030723 478.9330543577671 0.9670355916023254 0.0 5.0 1.0 5355580.70028288 460039.2215860085 1.0281818181818183
59684.048576575005 2459684.5478742537 479.8995555192232 1.9335367530584335 0.0 5.0 0.0 5282266.172087769 453749.303889005 1.0281818181818183
59684.049248055 2459684.5485458057 480.8665904402733 2.9005716741085052 0.0 5.0 1.0 5356932.217500405 460148.30580095924 1.0281818181818183
59684.049919165 2459684.549216987 481.8330916017294 3.8670728355646133 0.0 5.0 0.0 5285027.291435605 453994.37247253826 1.0281818181818183
59684.050590650004 2459684.5498885433 482.80013255774975 4.834113791584969 0.0 5.0 1.0 5360500.552335357 460445.8639851164 1.0281818181818183
59684.051261764995 2459684.5505597293 483.7666404247284 5.800621658563614 0.0 5.0 0.0 5287905.667872747 454235.662631962 1.0281818181818183
59684.051933245006 2459684.55123128 484.7336733341217 6.767654567956924 0.0 5.0 1.0 5362647.323687962 460636.24745366955 1.0281818181818183
59684.052604355005 2459684.5519024604 485.7001731544733 7.734154388308525 0.0 5.0 0.0 5290053.662518674 454412.63677950396 1.0281818181818183
59684.053275835 2459684.55257401 486.6672047227621 8.701185956597328 0.0 5.0 1.0 5361346.531437669 460529.6039601398 1.0281818181818183
59684.053946945 2459684.55324519 487.63370387256145 9.667685106396675 0.0 5.0 0.0 5288252.0638435725 454271.2521694892 1.0281818181818183
59684.054618425 2459684.5539167393 488.600734770298 10.634716004133224 0.0 5.0 1.0 5360065.322980711 460423.9278460072 1.0281818181818183
59684.055289535 2459684.554587918 489.5672319084406 11.60121314227581 0.0 5.0 0.0 5287373.114706391 454196.7264560861 1.0281818181818183
59684.05596102 2459684.5552594713 490.5342688411474 12.568250074982643 0.0 5.0 1.0 5359292.2784702545 460358.3917994402 1.0281818181818183
59684.056632135005 2459684.5559306545 491.50077268481255 13.534753918647766 0.0 5.0 0.0 5288310.643446466 454261.51525946014 1.0281818181818183
59684.057303615 2459684.5566022014 492.4678002297878 14.501781463623047 0.0 5.0 1.0 5358762.098343184 460309.74803495104 1.0281818181818183
59684.057974725 2459684.5572733786 493.43429535627365 15.468276590108871 0.0 5.0 0.0 5288205.343631515 454261.253928713 1.0281818181818183
59684.058646205 2459684.557944925 494.4013222306967 16.4353034645319 0.0 5.0 1.0 5358611.8151683 460303.7040423064 1.0281818181818183
59684.059317315 2459684.558616101 495.36781534552574 17.401796579360962 0.0 5.0 0.0 5288596.876482379 454313.4759136077 1.0281818181818183
59684.059988794994 2459684.559287646 496.334840208292 18.368821442127228 0.0 5.0 1.0 5358975.465107676 460331.8678755732 1.0281818181818183
59684.06065991 2459684.559958826 497.30133935809135 19.335320591926575 0.0 5.0 0.0 5287304.80922331 454201.28675928025 1.0281818181818183
59684.061331389996 2459684.56063037 498.2683628797531 20.302344113588333 0.0 5.0 1.0 5360626.386068843 460472.067852599 1.0281818181818183
59684.062002505 2459684.561301549 499.23486068844795 21.268841922283173 0.0 5.0 0.0 5287692.0729905125 454230.1533781793 1.0281818181818183
59684.062673985 2459684.561973092 500.2018828690052 22.235864102840424 0.0 5.0 1.0 5360658.373852329 460484.1324617162 1.0281818181818183
59684.063345095 2459684.5626442647 501.1683712899685 23.20235252380371 0.0 5.0 0.0 5288440.6896289345 454289.0222079063 1.0281818181818183
59684.064016574994 2459684.5633158064 502.135391458869 24.1693726927042 0.0 5.0 1.0 5362020.665679768 460587.9104469087 1.0281818181818183
59684.06468768499 2459684.563986978 503.10187853872776 25.13585977256298 0.0 5.0 0.0 5289549.035776613 454370.1217961516 1.0281818181818183
59684.065359165004 2459684.564658519 504.06889736652374 26.102878600358963 0.0 5.0 1.0 5363333.433905067 460694.88935363665 1.0281818181818183
59684.066030279995 2459684.5653296947 505.0353904813528 27.069371715188026 0.0 5.0 0.0 5292402.674377874 454624.2639473134 1.0281818181818183
59684.066701765 2459684.566001239 506.0024146735668 28.03639590740204 0.0 5.0 1.0 5365912.1190775335 460913.0062732226 1.0281818181818183
59684.067372875 2459684.5666724085 506.96889840066433 29.00287963449955 0.0 5.0 0.0 5294473.772807046 454802.1956170614 1.0281818181818183
59684.06804435499 2459684.567343948 507.93591521680355 29.96989645063877 0.0 5.0 1.0 5369343.763246655 461205.14647270367 1.0281818181818183
59684.06871546499 2459684.568015116 508.9023969322443 30.93637816607952 0.0 5.0 0.0 5296908.86222299 455008.52081454307 1.0281818181818183
59684.069386945004 2459684.5686866543 509.869412407279 31.903393641114235 0.0 5.0 1.0 5369717.166326666 461232.8926954888 1.0281818181818183
59684.070058055004 2459684.569357822 510.83589412271976 32.869875356554985 0.0 5.0 0.0 5296073.735898833 454921.6527716385 1.0281818181818183
59684.070729535 2459684.5700293593 511.8029075860977 33.83688881993294 0.0 5.0 1.0 5368964.7203579955 461162.6388609188 1.0281818181818183
59684.071400650006 2459684.570700531 512.7693946659565 34.80337589979172 0.0 5.0 0.0 5295397.382269831 454869.6122593963 1.0281818181818183
59684.07207213499 2459684.571372072 513.7364141643047 35.770395398139954 0.0 5.0 1.0 5368950.33916379 461176.3486312569 1.0281818181818183
59684.07274324499 2459684.5720432387 514.7028938680887 36.73687510192394 0.0 5.0 0.0 5296342.849384312 454967.39961662993 1.0281818181818183
59684.073414725004 2459684.5727147744 515.6699053198099 37.703886553645134 0.0 5.0 1.0 5368167.8213143945 461114.5717357101 1.0281818181818183
59684.11544028 2459684.614744295 576.1924148350954 0.0 0.0 6.0 0.0 5277180.216752764 453343.47838316014 1.0281818181818183
59684.11611139 2459684.6154154763 577.1589159965515 0.9665011614561081 0.0 6.0 1.0 5352501.849341888 459788.1223558591 1.0281818181818183
59684.116782875004 2459684.6160870325 578.1259569525719 1.9335421174764633 0.0 6.0 0.0 5280276.000528409 453589.39102548274 1.0281818181818183
59684.117453985 2459684.6167582134 579.0924574434757 2.9000426083803177 0.0 6.0 1.0 5354043.16073639 459910.92696982616 1.0281818181818183
59684.118125465 2459684.617429764 580.059490352869 3.8670755177736282 0.0 6.0 0.0 5281525.973173004 453697.3846450979 1.0281818181818183
59684.118796575 2459684.6181009444 581.0259901732206 4.833575338125229 0.0 6.0 1.0 5354420.619920575 459936.39964032546 1.0281818181818183
59684.119468054996 2459684.618772495 581.993023082614 5.800608247518539 0.0 6.0 0.0 5282795.793683044 453804.85296580533 1.0281818181818183
59684.120139164996 2459684.619443674 582.9595208913088 6.767106056213379 0.0 6.0 1.0 5356208.48302163 460095.8845800875 1.0281818181818183
59684.12081065 2459684.6201152285 583.9265591651201 7.734144330024719 0.0 6.0 0.0 5282649.129464205 453796.1244726394 1.0281818181818183
59684.121481765 2459684.6207864126 584.8930643498898 8.70064951479435 0.0 6.0 1.0 5354985.169560097 459989.5181307778 1.0281818181818183
59684.122153245 2459684.621457961 585.8600939065218 9.667679071426392 0.0 6.0 0.0 5281164.128027713 453664.2509011745 1.0281818181818183
59684.122824355 2459684.6221291386 586.8265897035599 10.63417486846447 0.0 6.0 1.0 5355080.526789694 459997.9669042887 1.0281818181818183
59684.123495834996 2459684.622800686 587.7936179190874 11.601203083992004 0.0 6.0 0.0 5283118.30471919 453841.9064066241 1.0281818181818183
59684.124166944996 2459684.623471863 588.7601130455732 12.567698210477829 0.0 6.0 1.0 5356411.868231854 460120.8972084042 1.0281818181818183
59684.12483842501 2459684.6241434095 589.7271399199963 13.534725084900856 0.0 6.0 0.0 5283511.246442284 453882.001304219 1.0281818181818183
59684.125509535006 2459684.6248145853 590.6936330348253 14.50121819972992 0.0 6.0 1.0 5355403.849329831 460050.7316878272 1.0281818181818183
59684.126181019994 2459684.6254861355 591.6606652736664 15.468250438570976 0.0 6.0 0.0 5283291.0423163725 453856.4906694717 1.0281818181818183
59684.126852135 2459684.626157316 592.627165094018 16.434750258922577 0.0 6.0 1.0 5354176.254881604 459944.63940507895 1.0281818181818183
59684.127523614996 2459684.62682886 593.5941886156797 17.401773780584335 0.0 6.0 0.0 5284336.662684975 453950.81935140194 1.0281818181818183
59684.128194724995 2459684.6275000335 594.5606783777475 18.36826354265213 0.0 6.0 1.0 5356244.957682385 460103.2945330733 1.0281818181818183
59684.12886620501 2459684.6281715767 595.5277005583048 19.33528572320938 0.0 6.0 0.0 5282403.328370923 453790.0019369668 1.0281818181818183
59684.129537315006 2459684.628842749 596.4941889792681 20.30177414417267 0.0 6.0 1.0 5355113.419763659 460002.96298153995 1.0281818181818183
59684.130208795 2459684.6295142914 597.4612098187208 21.268794983625412 0.0 6.0 0.0 5282698.369093411 453808.01667210314 1.0281818181818183
59684.13087991 2459684.630185468 598.4277042746544 22.235289439558983 0.0 6.0 1.0 5354870.4082396915 460001.8948700956 1.0281818181818183
59684.131551390004 2459684.630857009 599.3947231024504 23.202308267354965 0.0 6.0 0.0 5283624.369898462 453888.1109614343 1.0281818181818183
59684.132222504995 2459684.6315281843 600.3612155467272 24.168800711631775 0.0 6.0 1.0 5355818.724355836 460083.6060015822 1.0281818181818183
59684.13289398501 2459684.632199724 601.3282330334187 25.13581819832325 0.0 6.0 0.0 5280923.978201491 453653.6755632303 1.0281818181818183
59684.133565095006 2459684.6328708935 602.2947167605162 26.10230192542076 0.0 6.0 1.0 5354379.392476035 459937.2373265455 1.0281818181818183
59684.134236575 2459684.633542433 603.2617335766554 27.069318741559982 0.0 6.0 0.0 5281949.624455074 453731.446818737 1.0281818181818183
59684.134907685 2459684.6342136012 604.2282159626484 28.035801127552986 0.0 6.0 1.0 5353991.866587042 459912.92407786235 1.0281818181818183
59684.135579165 2459684.6348851393 605.1952307671309 29.002815932035446 0.0 6.0 0.0 5282680.696985479 453804.33720339515 1.0281818181818183
59684.136250280004 2459684.635556312 606.1617191880941 29.969304352998734 0.0 6.0 1.0 5354337.527714084 459944.379220257 1.0281818181818183
59684.136921765006 2459684.636227854 607.1287400275469 30.936325192451477 0.0 6.0 0.0 5281332.378091254 453689.0525018169 1.0281818181818183
59684.137592875006 2459684.636899021 608.0952204018831 31.90280556678772 0.0 6.0 1.0 5353307.775241251 459855.72052617255 1.0281818181818183
59684.138264355 2459684.6375705577 609.0622331947088 32.86981835961342 0.0 6.0 0.0 5281026.098778113 453668.7348643453 1.0281818181818183
59684.138935465 2459684.638241724 610.0287128984928 33.83629806339741 0.0 6.0 1.0 5353219.557444723 459849.9421764915 1.0281818181818183
59684.139606945 2459684.6389132603 610.9957250207663 34.80331018567085 0.0 6.0 0.0 5281443.689273244 453707.0423917506 1.0281818181818183
59684.140278055 2459684.6395844254 611.9622027128935 35.76978787779808 0.0 6.0 1.0 5352809.188301841 459818.3889423453 1.0281818181818183
59684.140949534994 2459684.6402559616 612.9292148351669 36.736800000071526 0.0 6.0 0.0 5281346.186435108 453680.01672234194 1.0281818181818183
59684.14162065 2459684.6409271313 613.8956992328167 37.70328439772129 0.0 6.0 1.0 5353102.952365377 459847.73099721083 1.0281818181818183
59684.182523615 2459684.6818339904 672.8015763312578 0.0 0.0 7.0 0.0 5262297.47164817 452071.6564612143 1.0281818181818183
59684.183194725 2459684.6825051713 673.7680768221617 0.9665004909038544 0.0 7.0 1.0 5338696.360167968 458604.9248254206 1.0281818181818183
59684.183866205 2459684.683176723 674.7351110726595 1.9335347414016724 0.0 7.0 0.0 5266225.468489179 452408.9186400928 1.0281818181818183
59684.184537315 2459684.683847903 675.7016102224588 2.9000338912010193 0.0 7.0 1.0 5338782.653121916 458622.84260504047 1.0281818181818183
59684.185208794996 2459684.6845194534 676.6686431318521 3.86706680059433 0.0 7.0 0.0 5267105.144198228 452479.6382885694 1.0281818181818183
59684.18587991 2459684.685190638 677.635148987174 4.833572655916214 0.0 7.0 1.0 5340201.020356382 458726.1185857614 1.0281818181818183
59684.18655139 2459684.685862188 678.6021812260151 5.800604894757271 0.0 7.0 0.0 5267712.297032218 452525.4888056717 1.0281818181818183
59684.187222505 2459684.686533372 679.5686857402325 6.7671094089746475 0.0 7.0 1.0 5340842.12902276 458796.54042099556 1.0281818181818183
59684.187893985 2459684.6872049207 680.5357159674168 7.734139636158943 0.0 7.0 0.0 5269436.754319469 452683.770650112 1.0281818181818183
59684.188565095 2459684.687876099 681.5022124350071 8.700636103749275 0.0 7.0 1.0 5340556.332893699 458767.14174414525 1.0281818181818183
59684.189236574995 2459684.6885476466 682.4692413210869 9.667664989829063 0.0 7.0 0.0 5268511.202000299 452580.1804560228 1.0281818181818183
59684.189907684995 2459684.689218824 683.4357364475727 10.634160116314888 0.0 7.0 1.0 5341277.859425132 458832.7627892331 1.0281818181818183
59684.190579165006 2459684.6898903707 684.402763992548 11.601187661290169 0.0 7.0 0.0 5270411.176038727 452768.35881311214 1.0281818181818183
59684.19125028 2459684.690561552 685.3692651540041 12.567688822746277 0.0 7.0 1.0 5341609.979772033 458868.2048605545 1.0281818181818183
59684.191921765 2459684.6912331027 686.3362980633974 13.534721732139587 0.0 7.0 0.0 5268898.551692541 452641.639496549 1.0281818181818183
59684.192592875 2459684.691904278 687.3027905076742 14.501214176416397 0.0 7.0 1.0 5341311.253817924 458842.4695695659 1.0281818181818183
59684.193264354995 2459684.6925758226 688.2698146998882 15.46823836863041 0.0 7.0 0.0 5269252.027640295 452671.7758676419 1.0281818181818183
59684.193935464995 2459684.693246997 689.2363058030605 16.43472947180271 0.0 7.0 1.0 5340970.268773383 458815.13107285026 1.0281818181818183
59684.194606945006 2459684.69391854 690.2033279836178 17.401751652359962 0.0 7.0 0.0 5269113.013854141 452658.78012831917 1.0281818181818183
59684.195278055005 2459684.694589713 691.1698170751333 18.368240743875504 0.0 7.0 1.0 5341799.105393696 458881.3975699091 1.0281818181818183
59684.195949535 2459684.695261256 692.1368385851383 19.3352622538805 0.0 7.0 0.0 5268513.559974599 452591.41791169735 1.0281818181818183
59684.19662065 2459684.695932433 693.1033337116241 20.301757380366325 0.0 7.0 1.0 5341308.1668147305 458845.72801931686 1.0281818181818183
59684.197292134995 2459684.696603979 694.0703599154949 21.2687835842371 0.0 7.0 0.0 5270341.986943053 452752.86115434556 1.0281818181818183
59684.197963244995 2459684.69727515 695.0368463248014 22.235269993543625 0.0 7.0 1.0 5340595.320282594 458783.2576305768 1.0281818181818183
59684.198634725006 2459684.6979466905 696.0038644820452 23.202288150787354 0.0 7.0 0.0 5271176.104630546 452824.4729625295 1.0281818181818183
59684.199305835005 2459684.69861786 696.9703488796949 24.16877254843712 0.0 7.0 1.0 5342007.133372823 458903.5868301937 1.0281818181818183
59684.199977315 2459684.699289399 697.9373650252819 25.135788694024086 0.0 7.0 0.0 5270016.488037637 452725.10829066555 1.0281818181818183
59684.200648425 2459684.6999605685 698.9038487523794 26.102272421121597 0.0 7.0 1.0 5340960.481875391 458810.3813232026 1.0281818181818183
59684.201319910004 2459684.7006321116 699.8708709329367 27.06929460167885 0.0 7.0 0.0 5270259.057909495 452744.2663775145 1.0281818181818183
59684.20199102 2459684.7013032795 700.8373526483774 28.0357763171196 0.0 7.0 1.0 5343325.50185202 459005.58043421555 1.0281818181818183
59684.202662505006 2459684.7019748227 701.8043748289347 29.00279849767685 0.0 7.0 0.0 5269087.358507018 452635.8504952457 1.0281818181818183
59684.203333615005 2459684.702645989 702.7708545327187 29.96927820146084 0.0 7.0 1.0 5341265.436796645 458836.95650340116 1.0281818181818183
59684.204005095 2459684.7033175263 703.7378679960966 30.93629166483879 0.0 7.0 0.0 5269346.354792052 452664.68765328475 1.0281818181818183
59684.204676205 2459684.7039886927 704.7043476998806 31.90277136862278 0.0 7.0 1.0 5341296.64511474 458842.3628547715 1.0281818181818183
59684.205347685 2459684.704660229 705.671359822154 32.869783490896225 0.0 7.0 0.0 5268259.676184051 452575.85896880017 1.0281818181818183
59684.206018795 2459684.7053313944 706.6378381848335 33.83626185357571 0.0 7.0 1.0 5342505.86302786 458935.50442316104 1.0281818181818183
59684.20669028 2459684.7060029353 707.6048570126295 34.80328068137169 0.0 7.0 0.0 5269687.648997711 452700.2712648119 1.0281818181818183
59684.20736139 2459684.706674101 708.571335375309 35.76975904405117 0.0 7.0 1.0 5342384.174250431 458934.8533200939 1.0281818181818183
59684.208032875 2459684.707345641 709.5383535325527 36.7367772012949 0.0 7.0 0.0 5268902.69436894 452640.7868472706 1.0281818181818183
59684.208703985 2459684.7080168063 710.50483122468 37.70325489342213 0.0 7.0 1.0 5339900.130583657 458729.6287045478 1.0281818181818183
