# %ECSV 1.0
# ---
# datatype:
# - {name: t_mjd, datatype: float64}
# - {name: t_bjd, datatype: float64}
# - {name: t_visit, datatype: float64}
# - {name: t_orbit, datatype: float64}
# - {name: ivisit, datatype: float64}
# - {name: iorbit, datatype: float64}
# - {name: scan, datatype: float64}
# - {name: spec_opt, datatype: float64}
# - {name: var_opt, datatype: float64}
# - {name: wave, datatype: float64}
# schema: astropy-2.0
t_mjd t_bjd t_visit t_orbit ivisit iorbit scan spec_opt var_opt wave
59683.716215465 2459684.2154816925 1.2542673200368881 1.2542673200368881 0.0 0.0 0.0 2936758.0733901523 255433.38599121978 0.8827272727272728
59683.716886944996 2459684.2161532445 2.22130224108696 2.22130224108696 0.0 0.0 1.0 2993090.9742436404 260297.88806989294 0.8827272727272728
59683.717558054996 2459684.2168244263 3.1878040730953217 3.1878040730953217 0.0 0.0 0.0 2957726.060572537 257213.67800810194 0.8827272727272728
59683.71822953501 2459684.217495978 4.15483832359314 4.15483832359314 0.0 0.0 1.0 3004484.3400674835 261264.27360510582 0.8827272727272728
59683.71890065 2459684.218167164 5.121346190571785 5.121346190571785 0.0 0.0 0.0 2967151.0450254926 258004.73040240962 0.8827272727272728
59683.719572135 2459684.21883872 6.08838714659214 6.08838714659214 0.0 0.0 1.0 3009797.442192423 261703.37063083533 0.8827272727272728
59683.720243245 2459684.219509901 7.054887637495995 7.054887637495995 0.0 0.0 0.0 2970126.580159313 258257.74866960826 0.8827272727272728
59683.720914724996 2459684.220181452 8.021921217441559 8.021921217441559 0.0 0.0 1.0 3012964.313046774 261965.60697168947 0.8827272727272728
59683.721585834995 2459684.220852632 8.988420367240906 8.988420367240906 0.0 0.0 0.0 2974095.2094325195 258589.6347154312 0.8827272727272728
59683.72225731501 2459684.2215241822 9.955452606081963 9.955452606081963 0.0 0.0 1.0 3014491.2201114977 262096.74532108344 0.8827272727272728
59683.722928425006 2459684.2221953617 10.921951085329056 10.921951085329056 0.0 0.0 0.0 2974249.8743363526 258601.82937817922 0.8827272727272728
59683.72359991 2459684.2228669156 11.888988688588142 11.888988688588142 0.0 0.0 1.0 3016711.6675843378 262283.5158176763 0.8827272727272728
59683.72427102 2459684.2235380947 12.855486497282982 12.855486497282982 0.0 0.0 0.0 2976330.6674876735 258781.43721394916 0.8827272727272728
59683.724942504996 2459684.224209648 13.822523429989815 13.822523429989815 0.0 0.0 1.0 3017210.664855543 262325.27935583255 0.8827272727272728
59683.725613614995 2459684.2248808257 14.789019227027893 14.789019227027893 0.0 0.0 0.0 2977892.0186676164 258915.66040330197 0.8827272727272728
59683.72628509501 2459684.225552373 15.756047442555428 15.756047442555428 0.0 0.0 1.0 3017665.10971223 262368.39028771885 0.8827272727272728
59683.726956205006 2459684.22622355 16.722541898489 16.722541898489 0.0 0.0 0.0 2977997.3098897133 258915.59118281887 0.8827272727272728
59683.727627685 2459684.2268950962 17.689568772912025 17.689568772912025 0.0 0.0 1.0 3018247.8439373234 262401.66588622605 0.8827272727272728
59683.728298795 2459684.227566272 18.65606188774109 18.65606188774109 0.0 0.0 0.0 2979033.510322327 259009.05248678668 0.8827272727272728
59683.728970280004 2459684.228237822 19.623094126582146 19.623094126582146 0.0 0.0 1.0 3018124.983987987 262399.7049933015 0.8827272727272728
59683.729641390004 2459684.228908997 20.5895859003067 20.5895859003067 0.0 0.0 0.0 2978679.6693476713 258982.29121938645 0.8827272727272728
59683.730312875006 2459684.229580546 21.556616127490997 21.556616127490997 0.0 0.0 1.0 3018361.5707162246 262411.8465668802 0.8827272727272728
59683.730983985006 2459684.2302517197 22.523106560111046 22.523106560111046 0.0 0.0 0.0 2978255.2530478803 258938.74230217497 0.8827272727272728
59683.731655465 2459684.2309232624 23.490128070116043 23.490128070116043 0.0 0.0 1.0 3018199.2754065865 262407.50239646796 0.8827272727272728
59683.732326575 2459684.231594435 24.45661649107933 24.45661649107933 0.0 0.0 0.0 2980169.8835744085 259099.56051532197 0.8827272727272728
59683.732998055 2459684.2322659767 25.42363665997982 25.42363665997982 0.0 0.0 1.0 3017470.4027358536 262354.4676222718 0.8827272727272728
59683.733669165 2459684.2329371483 26.3901237398386 26.3901237398386 0.0 0.0 0.0 2979316.7148065506 259031.74843705422 0.8827272727272728
59683.73434065 2459684.2336086943 27.357149943709373 27.357149943709373 0.0 0.0 1.0 3016975.5299000335 262304.65767373703 0.8827272727272728
59683.735011765006 2459684.234279869 28.32364171743393 28.32364171743393 0.0 0.0 0.0 2979109.277325695 259016.44117025545 0.8827272727272728
59683.735683245 2459684.2349514095 29.290659874677658 29.290659874677658 0.0 0.0 1.0 3017197.8555721566 262326.1131195116 0.8827272727272728
59683.736354355 2459684.2356225783 30.257142931222916 30.257142931222916 0.0 0.0 0.0 2979995.9735784316 259106.62479038362 0.8827272727272728
59683.737025835 2459684.2362941173 31.224159076809883 31.224159076809883 0.0 0.0 1.0 3017884.970290956 262380.8100667787 0.8827272727272728
59683.737696945 2459684.2369652856 32.19064146280289 32.19064146280289 0.0 0.0 0.0 2979581.7589359726 259058.64216130858 0.8827272727272728
59683.738368424994 2459684.2376368237 33.15765626728535 33.15765626728535 0.0 0.0 1.0 3018749.740059716 262461.5884158898 0.8827272727272728
59683.739039534994 2459684.238307991 34.12413731217384 34.12413731217384 0.0 0.0 0.0 2978910.876823367 259009.9798767267 0.8827272727272728
59683.739711019996 2459684.2389795333 35.09115815162659 35.09115815162659 0.0 0.0 1.0 3018288.172436473 262423.34397428477 0.8827272727272728
59683.740382135 2459684.239650705 36.05764523148537 36.05764523148537 0.0 0.0 0.0 2979209.4516027174 259022.4631210087 0.8827272727272728
59683.741053615 2459684.240322241 37.02465735375881 37.02465735375881 0.0 0.0 1.0 3017534.887598557 262360.13051931147 0.8827272727272728
59683.741724725 2459684.240993407 37.99113638699055 37.99113638699055 0.0 0.0 0.0 2979228.377217023 259031.76716999323 0.8827272727272728
59683.742396204994 2459684.2416649433 38.95814850926399 38.95814850926399 0.0 0.0 1.0 3019026.5504188486 262480.58996933687 0.8827272727272728
59683.779259535004 2459684.2785316817 92.04625189304352 0.0 0.0 1.0 0.0 2972616.80438501 258454.3379608054 0.8827272727272728
59683.77993102 2459684.279203239 93.01329419016838 0.9670422971248627 0.0 1.0 1.0 3015216.672773898 262128.88490503372 0.8827272727272728
59683.780602135 2459684.279874426 93.97980339825153 1.9335515052080154 0.0 1.0 0.0 2975120.19177715 258672.50086177673 0.8827272727272728
59683.78127361499 2459684.2805459783 94.94683898985386 2.900587096810341 0.0 1.0 1.0 3016354.8703162405 262237.4002961447 0.8827272727272728
59683.78194472499 2459684.28121716 95.91334082186222 3.8670889288187027 0.0 1.0 0.0 2975977.969083142 258742.37404574326 0.8827272727272728
59683.782616205004 2459684.281888712 96.88037574291229 4.834123849868774 0.0 1.0 1.0 3016110.0554734017 262211.62686224986 0.8827272727272728
59683.783287315004 2459684.2825598945 97.84687824547291 5.80062635242939 0.0 1.0 0.0 2976755.401226865 258815.82542940546 0.8827272727272728
59683.783958795 2459684.283231446 98.81391249597073 6.767660602927208 0.0 1.0 1.0 3017496.810611606 262326.48938300536 0.8827272727272728
59683.784629910006 2459684.2839026325 99.78042103350163 7.734169140458107 0.0 1.0 0.0 2977143.2953731916 258844.0545049244 0.8827272727272728
59683.78530139 2459684.284574184 100.74745528399944 8.701203390955925 0.0 1.0 1.0 3016977.6273121512 262274.01090483024 0.8827272727272728
59683.78597250499 2459684.28524537 101.71396315097809 9.66771125793457 0.0 1.0 0.0 2977449.892054406 258867.08215737328 0.8827272727272728
59683.786643985004 2459684.285916921 102.68099673092365 10.634744837880135 0.0 1.0 1.0 3017337.7628278695 262303.83402354765 0.8827272727272728
59683.787315095 2459684.286588101 103.647495880723 11.601243987679482 0.0 1.0 0.0 2976495.727265979 258778.60734930594 0.8827272727272728
59683.787986575 2459684.287259652 104.61452879011631 12.568276897072792 0.0 1.0 1.0 3017175.6770178056 262299.3881484985 0.8827272727272728
59683.788657685 2459684.2879308313 105.5810272693634 13.534775376319885 0.0 1.0 0.0 2976080.98925185 258743.94338887726 0.8827272727272728
59683.789329164996 2459684.2886023815 106.54805950820446 14.501807615160942 0.0 1.0 1.0 3017918.161804575 262357.9619983212 0.8827272727272728
59683.79000028 2459684.289273565 107.51456402242184 15.468312129378319 0.0 1.0 0.0 2976668.1262304997 258792.07511192994 0.8827272727272728
59683.790671765004 2459684.2899451186 108.48160095512867 16.43534906208515 0.0 1.0 1.0 3017264.073310603 262303.51831204223 0.8827272727272728
59683.791342875 2459684.290616297 109.44809809327126 17.401846200227737 0.0 1.0 0.0 2976692.7783637545 258792.33639310507 0.8827272727272728
59683.792014355 2459684.2912878445 110.41512630879879 18.368874415755272 0.0 1.0 1.0 3017388.7593876636 262321.8702645161 0.8827272727272728
59683.792685465 2459684.2919590217 111.38162143528461 19.335369542241096 0.0 1.0 0.0 2975741.0342373443 258721.02827989566 0.8827272727272728
59683.793356944996 2459684.292630568 112.34864830970764 20.302396416664124 0.0 1.0 1.0 3016714.0611200784 262263.3153016092 0.8827272727272728
59683.794028054996 2459684.2933017444 113.31514209508896 21.26889020204544 0.0 1.0 0.0 2976468.657150344 258787.51894041186 0.8827272727272728
59683.79469953501 2459684.29397329 114.28216762840748 22.23591573536396 0.0 1.0 1.0 3016444.6588565214 262237.5193154468 0.8827272727272728
59683.79537065 2459684.2946444703 115.24866744875908 23.20241555571556 0.0 1.0 0.0 2975629.4441976035 258707.284533955 0.8827272727272728
59683.796042135 2459684.29531602 116.21569901704788 24.169447124004364 0.0 1.0 1.0 3017120.0045391037 262296.28029716323 0.8827272727272728
59683.796713245 2459684.295987194 117.18218944966793 25.135937556624413 0.0 1.0 0.0 2975969.2366723316 258746.79551639603 0.8827272727272728
59683.797384724996 2459684.296658737 118.14921163022518 26.102959737181664 0.0 1.0 1.0 3016077.487159513 262200.47752468096 0.8827272727272728
59683.798055834995 2459684.29732991 119.11570072174072 27.069448828697205 0.0 1.0 0.0 2974685.4563576193 258621.0382350304 0.8827272727272728
59683.79872731501 2459684.2980014523 120.08272156119347 28.036469668149948 0.0 1.0 1.0 3016049.7148009064 262204.3922914281 0.8827272727272728
59683.799398425006 2459684.2986726244 121.0492093116045 29.00295741856098 0.0 1.0 0.0 2975149.770399756 258668.93203955982 0.8827272727272728
59683.80006991 2459684.2993441704 122.01623551547527 29.969983622431755 0.0 1.0 1.0 3015809.221660946 262191.16775926284 0.8827272727272728
59683.80074102 2459684.300015341 122.98272125422955 30.936469361186028 0.0 1.0 0.0 2974543.750508417 258616.43996086638 0.8827272727272728
59683.801412504996 2459684.3006868865 123.94974678754807 31.903494894504547 0.0 1.0 1.0 3015854.6978011033 262186.5996268936 0.8827272727272728
59683.802083614995 2459684.3013580563 124.91623118519783 32.86997929215431 0.0 1.0 0.0 2975502.057727224 258693.79481233636 0.8827272727272728
59683.80275509501 2459684.3020295952 125.8832473307848 33.83699543774128 0.0 1.0 1.0 3014354.498267825 262060.3633063404 0.8827272727272728
59683.803426205006 2459684.302700764 126.84973038733006 34.80347849428654 0.0 1.0 0.0 2974541.115952035 258612.84981515422 0.8827272727272728
59683.804097685 2459684.303372302 127.81674519181252 35.770493298769 0.0 1.0 1.0 3015590.5573532204 262172.33131339186 0.8827272727272728
59683.804768795 2459684.30404347 128.78322690725327 36.73697501420975 0.0 1.0 0.0 2974114.96059753 258584.497864099 0.8827272727272728
59683.805440280004 2459684.304715012 129.750247746706 37.70399585366249 0.0 1.0 1.0 3015725.310102816 262191.0376942627 0.8827272727272728
59683.845463245 2459684.344741652 187.38860875368118 0.0 0.0 2.0 0.0 2969457.1128838332 258185.44518815464 0.8827272727272728
59683.846134725 2459684.345413204 188.35564367473125 0.9670349210500717 0.0 2.0 1.0 3011723.1556091215 261836.72475828 0.8827272727272728
59683.846805835 2459684.346084386 189.32214617729187 1.9335374236106873 0.0 2.0 0.0 2971126.655473417 258332.20007583356 0.8827272727272728
59683.847477314994 2459684.346755938 190.28918109834194 2.900572344660759 0.0 2.0 1.0 3013076.216040382 261953.46626320956 0.8827272727272728
59683.84814842499 2459684.3474271204 191.25568360090256 3.8670748472213745 0.0 2.0 0.0 2971454.4339828435 258344.2433242293 0.8827272727272728
59683.848819909996 2459684.3480986776 192.22272589802742 4.834117144346237 0.0 2.0 1.0 3012008.8183821444 261858.69677297503 0.8827272727272728
59683.849491019995 2459684.3487698594 193.18922773003578 5.800618976354599 0.0 2.0 0.0 2971517.4573240126 258370.13571994743 0.8827272727272728
59683.850162505 2459684.3494414166 194.15627002716064 6.767661273479462 0.0 2.0 1.0 3012175.4075587774 261874.05265190615 0.8827272727272728
59683.850833615 2459684.3501125975 195.1227705180645 7.734161764383316 0.0 2.0 0.0 2972155.736939055 258405.28006803305 0.8827272727272728
59683.85150509499 2459684.3507841495 196.08980543911457 8.701196685433388 0.0 2.0 1.0 3014801.7154904385 262102.08643166078 0.8827272727272728
59683.85217620499 2459684.3514553304 197.05630593001842 9.667697176337242 0.0 2.0 0.0 2975372.936330618 258679.63935432024 0.8827272727272728
59683.852847685004 2459684.3521268815 198.023339509964 10.634730756282806 0.0 2.0 1.0 3013870.517273926 262021.67421168767 0.8827272727272728
59683.853518795004 2459684.352798062 198.9898393303156 11.601230576634407 0.0 2.0 0.0 2973230.8078965857 258503.25226321685 0.8827272727272728
59683.85419028 2459684.353469617 199.95687894523144 12.568270191550255 0.0 2.0 1.0 3013155.096629755 261951.90507405883 0.8827272727272728
59683.854861390006 2459684.3541407967 200.92337742447853 13.534768670797348 0.0 2.0 0.0 2972638.990001893 258457.72116997663 0.8827272727272728
59683.85553287499 2459684.354812351 201.89041569828987 14.501806944608688 0.0 2.0 1.0 3013594.859233457 261989.73534275003 0.8827272727272728
59683.85620398499 2459684.3554835306 202.85691417753696 15.468305423855782 0.0 2.0 0.0 2972770.853276319 258465.94416311535 0.8827272727272728
59683.856875465004 2459684.356155079 203.823943734169 16.435334980487823 0.0 2.0 1.0 3013152.922243654 261955.56449354917 0.8827272727272728
59683.857546575004 2459684.3568262574 204.7904408723116 17.40183211863041 0.0 2.0 0.0 2972187.6800476685 258416.50603407208 0.8827272727272728
59683.858218055 2459684.3574978053 205.75746975839138 18.368861004710197 0.0 2.0 1.0 3013564.741578269 261989.8806135375 0.8827272727272728
59683.858889165 2459684.358168982 206.72396421432495 19.33535546064377 0.0 2.0 0.0 2971699.034002635 258371.00003622356 0.8827272727272728
59683.85956065 2459684.3588405335 207.69099846482277 20.302389711141586 0.0 2.0 1.0 3011883.51052022 261864.18263812747 0.8827272727272728
59683.86023176499 2459684.3595117154 208.65750029683113 21.268891543149948 0.0 2.0 0.0 2972279.0011398215 258428.38049191632 0.8827272727272728
59683.860903245004 2459684.360183261 209.62452583014965 22.235917076468468 0.0 2.0 1.0 3012411.6855110507 261893.12785623907 0.8827272727272728
59683.861574355 2459684.3608544357 210.5910176038742 23.202408850193024 0.0 2.0 0.0 2971032.5500631067 258322.21701792767 0.8827272727272728
59683.862245835 2459684.3615259803 211.55804179608822 24.169433042407036 0.0 2.0 1.0 3011361.8894914505 261805.51249839738 0.8827272727272728
59683.862916945 2459684.362197154 212.52453222870827 25.135923475027084 0.0 2.0 0.0 2971452.750413086 258363.78751578272 0.8827272727272728
59683.863588424996 2459684.362868698 213.49155507981777 26.10294632613659 0.0 2.0 1.0 3010880.205611904 261772.41055301155 0.8827272727272728
59683.864259534996 2459684.363539871 214.4580441713333 27.06943541765213 0.0 2.0 0.0 2970564.1354822754 258281.5875427524 0.8827272727272728
59683.86493102 2459684.3642114177 215.4250717163086 28.03646296262741 0.0 2.0 1.0 3010520.4474023716 261736.66383694252 0.8827272727272728
59683.865602135 2459684.364882595 216.39156684279442 29.002958089113235 0.0 2.0 0.0 2970417.2108405163 258274.79777649575 0.8827272727272728
59683.866273615 2459684.365554136 217.35858634114265 29.96997758746147 0.0 2.0 1.0 3011415.917187914 261813.40935517702 0.8827272727272728
59683.866944725 2459684.366225307 218.32507207989693 30.936463326215744 0.0 2.0 0.0 2969967.0208168514 258232.399437989 0.8827272727272728
59683.867616204996 2459684.366896847 219.2920895665884 31.90348081290722 0.0 2.0 1.0 3011961.0486837705 261867.55579878163 0.8827272727272728
59683.868287314996 2459684.367568017 220.25857463479042 32.86996588110924 0.0 2.0 0.0 2970110.5784960706 258242.13930930578 0.8827272727272728
59683.86895879501 2459684.368239556 221.2255907803774 33.836982026696205 0.0 2.0 1.0 3011193.0780687486 261794.98744045116 0.8827272727272728
59683.86962991 2459684.36891073 222.19208121299744 34.803472459316254 0.0 2.0 0.0 2970804.0549585526 258303.82330044106 0.8827272727272728
59683.870301389994 2459684.369582268 223.1590960174799 35.770487263798714 0.0 2.0 1.0 3010587.75745279 261738.82685563527 0.8827272727272728
59683.870972505 2459684.3702534405 224.12558443844318 36.736975684762 0.0 2.0 0.0 2970269.2427072567 258259.98353090324 0.8827272727272728
59683.871643984996 2459684.3709249785 225.09259924292564 37.70399048924446 0.0 2.0 1.0 3011159.7979470254 261801.40314607925 0.8827272727272728
59683.911655464995 2459684.410940132 282.7144204080105 0.0 0.0 3.0 0.0 2962143.4196124314 257568.70938241112 0.8827272727272728
59683.912326574995 2459684.411611314 283.68092224001884 0.9665018320083618 0.0 3.0 1.0 3004173.6227166182 261186.01246016403 0.8827272727272728
59683.912998055006 2459684.4122828664 284.64795783162117 1.9335374236106873 0.0 3.0 0.0 2963425.796865466 257671.7702963024 0.8827272727272728
59683.913669165006 2459684.4129540487 285.6144603341818 2.900039926171303 0.0 3.0 1.0 3005440.549711564 261292.54080536898 0.8827272727272728
59683.91434065 2459684.413625606 286.58150263130665 3.8670822232961655 0.0 3.0 0.0 2963497.95753028 257688.35285666815 0.8827272727272728
59683.915011765 2459684.414296793 287.5480118393898 4.833591431379318 0.0 3.0 1.0 3004993.8259753054 261259.65210978696 0.8827272727272728
59683.915683244995 2459684.4149683444 288.5150460898876 5.800625681877136 0.0 3.0 0.0 2964869.885969901 257805.06123967905 0.8827272727272728
59683.916354354995 2459684.4156395267 289.48154859244823 6.767128184437752 0.0 3.0 1.0 3005697.766570835 261323.9851178955 0.8827272727272728
59683.917025835006 2459684.416311078 290.4485821723938 7.734161764383316 0.0 3.0 0.0 2965264.270483779 257828.3715189614 0.8827272727272728
59683.917696945005 2459684.4169822596 291.41508400440216 8.700663596391678 0.0 3.0 1.0 3006359.296734591 261370.00169102597 0.8827272727272728
59683.918368425 2459684.417653811 292.3821182549 9.667697846889496 0.0 3.0 0.0 2964884.837436853 257793.39783528604 0.8827272727272728
59683.919039535 2459684.4183249916 293.3486180752516 10.634197667241096 0.0 3.0 1.0 3006324.173122964 261371.741956559 0.8827272727272728
59683.919711020004 2459684.418996547 294.3156576901674 11.601237282156944 0.0 3.0 0.0 2964177.993136116 257737.59847349607 0.8827272727272728
59683.920382134995 2459684.4196677324 295.2821648865938 12.567744478583336 0.0 3.0 1.0 3005433.5314898924 261296.43503444418 0.8827272727272728
59683.921053615006 2459684.420339282 296.2491964548826 13.534776046872139 0.0 3.0 0.0 2965143.8238374647 257812.50884357927 0.8827272727272728
59683.921724725005 2459684.421010462 297.21569560468197 14.501275196671486 0.0 3.0 1.0 3005820.913613631 261314.91874903205 0.8827272727272728
59683.922396205 2459684.421682011 298.18272583186626 15.468305423855782 0.0 3.0 0.0 2964871.879771388 257787.23340831712 0.8827272727272728
59683.923067315 2459684.4223531894 299.14922297000885 16.434802561998367 0.0 3.0 1.0 3005673.9076101477 261317.7560662611 0.8827272727272728
59683.923738795 2459684.4230247377 300.1162525266409 17.40183211863041 0.0 3.0 0.0 2964710.03638878 257789.770352098 0.8827272727272728
59683.92440991 2459684.4236959205 301.08275569975376 18.36833529174328 0.0 3.0 1.0 3004611.3028914426 261224.19974899324 0.8827272727272728
59683.92508139 2459684.424367468 302.0497839152813 19.335363507270813 0.0 3.0 0.0 2964731.943267472 257790.5350037506 0.8827272727272728
59683.925752505005 2459684.4250386497 303.01628574728966 20.301865339279175 0.0 3.0 1.0 3004286.139512575 261196.1054186367 0.8827272727272728
59683.926423985 2459684.4257101957 303.98331195116043 21.268891543149948 0.0 3.0 0.0 2963520.4849035437 257684.8476395845 0.8827272727272728
59683.927095095 2459684.4263813714 304.9498050659895 22.23538465797901 0.0 3.0 1.0 3003548.474032265 261133.3973406508 0.8827272727272728
59683.927766575 2459684.4270529165 305.91682992875576 23.202409520745277 0.0 3.0 0.0 2962411.8461567005 257592.99586402858 0.8827272727272728
59683.928437685 2459684.4277240913 306.8833217024803 24.168901294469833 0.0 3.0 1.0 3002003.4238394536 261010.3608543042 0.8827272727272728
59683.929109164994 2459684.428395635 307.8503445535898 25.135924145579338 0.0 3.0 0.0 2959505.732057389 257354.74172532465 0.8827272727272728
59683.92978028 2459684.4290668136 308.8168416917324 26.102421283721924 0.0 3.0 1.0 3000350.4872559505 260864.6991889538 0.8827272727272728
59683.930451765 2459684.429738362 309.78387124836445 27.069450840353966 0.0 3.0 0.0 2957663.4153475044 257188.7711490076 0.8827272727272728
59683.931122875 2459684.4304095334 310.75035832822323 28.035937920212746 0.0 3.0 1.0 2999042.1130305915 260761.3113319706 0.8827272727272728
59683.931794355 2459684.4310810757 311.717379167676 29.00295875966549 0.0 3.0 0.0 2957504.1514274827 257179.59371311427 0.8827272727272728
59683.932465465 2459684.431752247 312.6838655769825 29.969445168972015 0.0 3.0 1.0 2997634.3149590245 260644.96646610042 0.8827272727272728
59683.933136944994 2459684.4324237877 313.6508844047785 30.936463996767998 0.0 3.0 0.0 2957672.5328840823 257196.36607972297 0.8827272727272728
59683.93380805499 2459684.433094958 314.6173694729805 31.902949064970016 0.0 3.0 1.0 2996469.5902045085 260552.70460987883 0.8827272727272728
59683.934479535004 2459684.4337664978 315.584386959672 32.86996655166149 0.0 3.0 0.0 2956663.268762309 257105.56919034076 0.8827272727272728
59683.935150649995 2459684.4344376717 316.550877392292 33.83645698428154 0.0 3.0 1.0 2997253.8441502857 260617.29168032494 0.8827272727272728
59683.935822135 2459684.4351092153 317.5179002434015 34.803479835391045 0.0 3.0 0.0 2955925.0163597125 257042.0053618185 0.8827272727272728
59683.936493245 2459684.435780384 318.4843832999468 35.7699628919363 0.0 3.0 1.0 2996854.4771378487 260594.47081948776 0.8827272727272728
59683.93716472499 2459684.4364519217 319.451397433877 36.73697702586651 0.0 3.0 0.0 2956563.5691209086 257103.60613325817 0.8827272727272728
59683.93783583499 2459684.437123089 320.4178784787655 37.703458070755005 0.0 3.0 1.0 2996263.5177284176 260547.81354734226 0.8827272727272728
59683.978298795 2459684.477589772 378.6899019777775 0.0 0.0 4.0 0.0 2946257.4147221283 256222.52865120498 0.8827272727272728
59683.978970280004 2459684.4782613292 379.65694427490234 0.9670422971248627 0.0 4.0 1.0 2987727.7030291944 259804.70931444882 0.8827272727272728
59683.979641390004 2459684.4789325115 380.62344677746296 1.9335447996854782 0.0 4.0 0.0 2949051.086953052 256466.14791260994 0.8827272727272728
59683.980312875006 2459684.4796040687 381.5904890745878 2.900587096810341 0.0 4.0 1.0 2990400.303710443 260027.99280664028 0.8827272727272728
59683.980983985006 2459684.480275251 382.55699157714844 3.8670895993709564 0.0 4.0 0.0 2949261.859596641 256478.58726473228 0.8827272727272728
59683.981655465 2459684.480946803 383.5240264981985 4.834124520421028 0.0 4.0 1.0 2990387.1562492545 260028.85618722913 0.8827272727272728
59683.982326575 2459684.481617985 384.49052833020687 5.80062635242939 0.0 4.0 0.0 2949778.5467965407 256529.50125211643 0.8827272727272728
59683.982998055 2459684.4822895364 385.4575625807047 6.767660602927208 0.0 4.0 1.0 2989016.344360298 259911.33613105983 0.8827272727272728
59683.983669165 2459684.4829607178 386.4240637421608 7.734161764383316 0.0 4.0 0.0 2949324.771064026 256484.29369369757 0.8827272727272728
59683.98434065 2459684.4836322744 387.3911053687334 8.701203390955925 0.0 4.0 1.0 2989667.1875545597 259959.75851989174 0.8827272727272728
59683.985011765006 2459684.48430346 388.3576125651598 9.667710587382317 0.0 4.0 0.0 2949068.9424198912 256459.94540144425 0.8827272727272728
59683.985683245 2459684.484975011 389.32464614510536 10.63474416732788 0.0 4.0 1.0 2989235.6043285625 259934.1236337694 0.8827272727272728
59683.986354355 2459684.485646191 390.2911452949047 11.601243317127228 0.0 4.0 0.0 2949075.5359997167 256451.5121300899 0.8827272727272728
59683.987025835 2459684.486317741 391.25817753374577 12.568275555968285 0.0 4.0 1.0 2988294.070118589 259846.96978731 0.8827272727272728
59683.987696945 2459684.486988921 392.2246766835451 13.534774705767632 0.0 4.0 0.0 2948289.497015727 256376.65741404588 0.8827272727272728
59683.988368424994 2459684.4876604704 393.19170758128166 14.501805603504181 0.0 4.0 1.0 2988274.0021217414 259846.35457909264 0.8827272727272728
59683.989039534994 2459684.488331649 394.15820471942425 15.468302741646767 0.0 4.0 0.0 2949147.6337147476 256465.90618232585 0.8827272727272728
59683.989711019996 2459684.4890032024 395.1252416521311 16.4353396743536 0.0 4.0 1.0 2988956.954186033 259906.44401042355 0.8827272727272728
59683.990382135 2459684.489674385 396.09174482524395 17.40184284746647 0.0 4.0 0.0 2947780.543368934 256346.60150052057 0.8827272727272728
59683.991053615 2459684.4903459325 397.0587730407715 18.368871062994003 0.0 4.0 1.0 2988170.963959781 259848.04608257842 0.8827272727272728
59683.991724725 2459684.4910171092 398.02526749670506 19.335365518927574 0.0 4.0 0.0 2948141.0962037295 256383.0936319412 0.8827272727272728
59683.992396204994 2459684.491688656 398.99229504168034 20.302393063902855 0.0 4.0 1.0 2988561.51298446 259877.66056867456 0.8827272727272728
59683.993067314994 2459684.4923598315 399.95878748595715 21.268885508179665 0.0 4.0 0.0 2948242.488641896 256406.86294866624 0.8827272727272728
59683.993738795005 2459684.4930313774 400.9258136898279 22.235911712050438 0.0 4.0 1.0 2986130.0517997 259670.84224194588 0.8827272727272728
59683.994409909996 2459684.493702557 401.892312169075 23.20241019129753 0.0 4.0 0.0 2947395.175957786 256319.40045277087 0.8827272727272728
59683.99508139 2459684.494374101 402.85933569073677 24.16943371295929 0.0 4.0 1.0 2986756.333790601 259728.18683414586 0.8827272727272728
59683.995752505 2459684.49504528 403.8258334994316 25.13593152165413 0.0 4.0 0.0 2947852.6644394924 256356.8163156313 0.8827272727272728
59683.996423984994 2459684.495716823 404.7928550094366 26.102953031659126 0.0 4.0 1.0 2988135.620287789 259842.2525372815 0.8827272727272728
59683.997095094994 2459684.496387996 405.75934410095215 27.069442123174667 0.0 4.0 0.0 2948026.695012062 256369.61898059017 0.8827272727272728
59683.997766575005 2459684.4970595376 406.72636426985264 28.036462292075157 0.0 4.0 1.0 2986467.460652109 259693.9932368696 0.8827272727272728
59683.998437685004 2459684.497730709 407.6928513497114 29.002949371933937 0.0 4.0 0.0 2948517.5022395607 256414.99583197467 0.8827272727272728
59683.999109165 2459684.49840225 408.6598701775074 29.96996819972992 0.0 4.0 1.0 2987271.7760679806 259776.0063871524 0.8827272727272728
59683.99978028 2459684.499073426 409.62636329233646 30.936461314558983 0.0 4.0 0.0 2948749.300957503 256444.3824715133 0.8827272727272728
59684.000451764994 2459684.4997449704 410.5933874845505 31.903485506772995 0.0 4.0 1.0 2987964.940548711 259820.982665058 0.8827272727272728
59684.00112287499 2459684.50041614 411.55987188220024 32.86996990442276 0.0 4.0 0.0 2947892.5276258034 256351.56072391782 0.8827272727272728
59684.001794355005 2459684.501087679 412.5268880277872 33.83698605000973 0.0 4.0 1.0 2987030.994894213 259754.88422918416 0.8827272727272728
59684.002465465004 2459684.5017588474 413.4933704137802 34.80346843600273 0.0 4.0 0.0 2948085.9604067095 256372.6847313662 0.8827272727272728
59684.003136945 2459684.5024303854 414.4603852182627 35.77048324048519 0.0 4.0 1.0 2987126.345656197 259760.95884054125 0.8827272727272728
59684.003808055 2459684.5031015533 415.4268669337034 36.73696495592594 0.0 4.0 0.0 2948180.010011386 256378.24565643055 0.8827272727272728
59684.004479535 2459684.5037730904 416.3938803970814 37.703978419303894 0.0 4.0 1.0 2986616.723288482 259721.41491278473 0.8827272727272728
59684.047233984995 2459684.54653152 477.9660187661648 0.0 0.0 5.0 0.0 2936783.920973792 255410.1566182055 0.8827272727272728
59684.047905465006 2459684.5472030723 478.9330543577671 0.9670355916023254 0.0 5.0 1.0 2978575.934390413 259032.8708829722 0.8827272727272728
59684.048576575005 2459684.5478742537 479.8995555192232 1.9335367530584335 0.0 5.0 0.0 2939641.191429667 255655.80508032828 0.8827272727272728
59684.049248055 2459684.5485458057 480.8665904402733 2.9005716741085052 0.0 5.0 1.0 2980190.4753278806 259167.57722881727 0.8827272727272728
59684.049919165 2459684.549216987 481.8330916017294 3.8670728355646133 0.0 5.0 0.0 2940454.6443125317 255732.86515280954 0.8827272727272728
59684.050590650004 2459684.5498885433 482.80013255774975 4.834113791584969 0.0 5.0 1.0 2981095.1811955436 259236.02214810645 0.8827272727272728
59684.051261764995 2459684.5505597293 483.7666404247284 5.800621658563614 0.0 5.0 0.0 2941759.4380138237 255835.10902866645 0.8827272727272728
59684.051933245006 2459684.55123128 484.7336733341217 6.767654567956924 0.0 5.0 1.0 2981929.7156066764 259315.18847136307 0.8827272727272728
59684.052604355005 2459684.5519024604 485.7001731544733 7.734154388308525 0.0 5.0 0.0 2942062.296398856 255862.2761301959 0.8827272727272728
59684.053275835 2459684.55257401 486.6672047227621 8.701185956597328 0.0 5.0 1.0 2982375.3090771646 259362.49496824873 0.8827272727272728
59684.053946945 2459684.55324519 487.63370387256145 9.667685106396675 0.0 5.0 0.0 2941637.404182082 255832.86181622188 0.8827272727272728
59684.054618425 2459684.5539167393 488.600734770298 10.634716004133224 0.0 5.0 1.0 2981664.0540230884 259297.86003318027 0.8827272727272728
59684.055289535 2459684.554587918 489.5672319084406 11.60121314227581 0.0 5.0 0.0 2942638.8868578663 255916.37191032234 0.8827272727272728
59684.05596102 2459684.5552594713 490.5342688411474 12.568250074982643 0.0 5.0 1.0 2980557.972178722 259196.5745584442 0.8827272727272728
59684.056632135005 2459684.5559306545 491.50077268481255 13.534753918647766 0.0 5.0 0.0 2942109.5597690274 255864.06561955015 0.8827272727272728
59684.057303615 2459684.5566022014 492.4678002297878 14.501781463623047 0.0 5.0 1.0 2979852.5927409236 259136.5407040168 0.8827272727272728
59684.057974725 2459684.5572733786 493.43429535627365 15.468276590108871 0.0 5.0 0.0 2940730.5786706037 255763.66421088547 0.8827272727272728
59684.058646205 2459684.557944925 494.4013222306967 16.4353034645319 0.0 5.0 1.0 2980629.7981560985 259214.58654443867 0.8827272727272728
59684.059317315 2459684.558616101 495.36781534552574 17.401796579360962 0.0 5.0 0.0 2941411.5013435893 255827.0828040082 0.8827272727272728
59684.059988794994 2459684.559287646 496.334840208292 18.368821442127228 0.0 5.0 1.0 2980939.832326146 259235.4812653224 0.8827272727272728
59684.06065991 2459684.559958826 497.30133935809135 19.335320591926575 0.0 5.0 0.0 2940951.8366393084 255785.58348886733 0.8827272727272728
59684.061331389996 2459684.56063037 498.2683628797531 20.302344113588333 0.0 5.0 1.0 2980217.565188724 259177.0481036426 0.8827272727272728
59684.062002505 2459684.561301549 499.23486068844795 21.268841922283173 0.0 5.0 0.0 2941357.967958221 255818.55140849008 0.8827272727272728
59684.062673985 2459684.561973092 500.2018828690052 22.235864102840424 0.0 5.0 1.0 2979782.302886885 259144.75225748864 0.8827272727272728
59684.063345095 2459684.5626442647 501.1683712899685 23.20235252380371 0.0 5.0 0.0 2941427.568053 255813.3218663876 0.8827272727272728
59684.064016574994 2459684.5633158064 502.135391458869 24.1693726927042 0.0 5.0 1.0 2981769.66998297 259302.38688541192 0.8827272727272728
59684.06468768499 2459684.563986978 503.10187853872776 25.13585977256298 0.0 5.0 0.0 2942440.536595797 255894.0829243666 0.8827272727272728
59684.065359165004 2459684.564658519 504.06889736652374 26.102878600358963 0.0 5.0 1.0 2982956.67232793 259400.45390778303 0.8827272727272728
59684.066030279995 2459684.5653296947 505.0353904813528 27.069371715188026 0.0 5.0 0.0 2944183.042878845 256051.78242189225 0.8827272727272728
59684.066701765 2459684.566001239 506.0024146735668 28.03639590740204 0.0 5.0 1.0 2983392.0932142204 259442.3300102669 0.8827272727272728
59684.067372875 2459684.5666724085 506.96889840066433 29.00287963449955 0.0 5.0 0.0 2944732.275174784 256102.15806591316 0.8827272727272728
59684.06804435499 2459684.567343948 507.93591521680355 29.96989645063877 0.0 5.0 1.0 2985109.625674502 259590.8563931662 0.8827272727272728
59684.06871546499 2459684.568015116 508.9023969322443 30.93637816607952 0.0 5.0 0.0 2946601.6291014114 256252.53617987427 0.8827272727272728
59684.069386945004 2459684.5686866543 509.869412407279 31.903393641114235 0.0 5.0 1.0 2984696.1097807186 259549.14520212574 0.8827272727272728
59684.070058055004 2459684.569357822 510.83589412271976 32.869875356554985 0.0 5.0 0.0 2946572.7991819773 256246.50421356855 0.8827272727272728
59684.070729535 2459684.5700293593 511.8029075860977 33.83688881993294 0.0 5.0 1.0 2985734.174158851 259630.60679147183 0.8827272727272728
59684.071400650006 2459684.570700531 512.7693946659565 34.80337589979172 0.0 5.0 0.0 2946907.202453622 256271.29105786505 0.8827272727272728
59684.07207213499 2459684.571372072 513.7364141643047 35.770395398139954 0.0 5.0 1.0 2985015.1574180345 259577.6049875398 0.8827272727272728
59684.07274324499 2459684.5720432387 514.7028938680887 36.73687510192394 0.0 5.0 0.0 2945903.2229049625 256213.66538597035 0.8827272727272728
59684.073414725004 2459684.5727147744 515.6699053198099 37.703886553645134 0.0 5.0 1.0 2985777.7914822567 259655.08917395503 0.8827272727272728
59684.11544028 2459684.614744295 576.1924148350954 0.0 0.0 6.0 0.0 2935827.694509876 255354.1122715059 0.8827272727272728
59684.11611139 2459684.6154154763 577.1589159965515 0.9665011614561081 0.0 6.0 1.0 2976677.2245740024 258880.43549780385 0.8827272727272728
59684.116782875004 2459684.6160870325 578.1259569525719 1.9335421174764633 0.0 6.0 0.0 2936633.816348877 255406.43442046564 0.8827272727272728
59684.117453985 2459684.6167582134 579.0924574434757 2.9000426083803177 0.0 6.0 1.0 2977917.6838303367 258978.9301354807 0.8827272727272728
59684.118125465 2459684.617429764 580.059490352869 3.8670755177736282 0.0 6.0 0.0 2938993.1448945766 255609.59745476063 0.8827272727272728
59684.118796575 2459684.6181009444 581.0259901732206 4.833575338125229 0.0 6.0 1.0 2977914.714232283 258971.62835798287 0.8827272727272728
59684.119468054996 2459684.618772495 581.993023082614 5.800608247518539 0.0 6.0 0.0 2938173.751754626 255528.62054751688 0.8827272727272728
59684.120139164996 2459684.619443674 582.9595208913088 6.767106056213379 0.0 6.0 1.0 2977174.612695065 258916.11066599545 0.8827272727272728
59684.12081065 2459684.6201152285 583.9265591651201 7.734144330024719 0.0 6.0 0.0 2938839.1885747104 255588.37982113913 0.8827272727272728
59684.121481765 2459684.6207864126 584.8930643498898 8.70064951479435 0.0 6.0 1.0 2977606.2007399723 258949.75377436238 0.8827272727272728
59684.122153245 2459684.621457961 585.8600939065218 9.667679071426392 0.0 6.0 0.0 2937892.788600857 255508.44331635733 0.8827272727272728
59684.122824355 2459684.6221291386 586.8265897035599 10.63417486846447 0.0 6.0 1.0 2977201.8985314113 258916.83849839578 0.8827272727272728
59684.123495834996 2459684.622800686 587.7936179190874 11.601203083992004 0.0 6.0 0.0 2938194.9428440332 255543.45478587848 0.8827272727272728
59684.124166944996 2459684.623471863 588.7601130455732 12.567698210477829 0.0 6.0 1.0 2977244.52736932 258933.52924000332 0.8827272727272728
59684.12483842501 2459684.6241434095 589.7271399199963 13.534725084900856 0.0 6.0 0.0 2938039.2113054027 255538.28419658417 0.8827272727272728
59684.125509535006 2459684.6248145853 590.6936330348253 14.50121819972992 0.0 6.0 1.0 2976202.128036026 258851.895554606 0.8827272727272728
59684.126181019994 2459684.6254861355 591.6606652736664 15.468250438570976 0.0 6.0 0.0 2938574.055616891 255577.19590671582 0.8827272727272728
59684.126852135 2459684.626157316 592.627165094018 16.434750258922577 0.0 6.0 1.0 2976747.326673124 258897.44512986412 0.8827272727272728
59684.127523614996 2459684.62682886 593.5941886156797 17.401773780584335 0.0 6.0 0.0 2938668.7660053475 255585.5990721352 0.8827272727272728
59684.128194724995 2459684.6275000335 594.5606783777475 18.36826354265213 0.0 6.0 1.0 2977168.303132687 258916.8265277237 0.8827272727272728
59684.12886620501 2459684.6281715767 595.5277005583048 19.33528572320938 0.0 6.0 0.0 2938278.1514058625 255558.37611435735 0.8827272727272728
59684.129537315006 2459684.628842749 596.4941889792681 20.30177414417267 0.0 6.0 1.0 2976309.394809936 258843.48266478578 0.8827272727272728
59684.130208795 2459684.6295142914 597.4612098187208 21.268794983625412 0.0 6.0 0.0 2937373.4681442445 255473.72612063237 0.8827272727272728
59684.13087991 2459684.630185468 598.4277042746544 22.235289439558983 0.0 6.0 1.0 2976707.451834343 258891.88470931246 0.8827272727272728
59684.131551390004 2459684.630857009 599.3947231024504 23.202308267354965 0.0 6.0 0.0 2937270.4744957224 255465.73469708985 0.8827272727272728
59684.132222504995 2459684.6315281843 600.3612155467272 24.168800711631775 0.0 6.0 1.0 2976416.061111048 258869.90626522037 0.8827272727272728
59684.13289398501 2459684.632199724 601.3282330334187 25.13581819832325 0.0 6.0 0.0 2937392.781444375 255480.0378177614 0.8827272727272728
59684.133565095006 2459684.6328708935 602.2947167605162 26.10230192542076 0.0 6.0 1.0 2976372.7945373114 258846.4743362817 0.8827272727272728
59684.134236575 2459684.633542433 603.2617335766554 27.069318741559982 0.0 6.0 0.0 2937049.115693876 255442.23090496537 0.8827272727272728
59684.134907685 2459684.6342136012 604.2282159626484 28.035801127552986 0.0 6.0 1.0 2976270.985377293 258843.19012263528 0.8827272727272728
59684.135579165 2459684.6348851393 605.1952307671309 29.002815932035446 0.0 6.0 0.0 2937059.4684467395 255448.1086052509 0.8827272727272728
59684.136250280004 2459684.635556312 606.1617191880941 29.969304352998734 0.0 6.0 1.0 2975740.323655085 258794.19263545936 0.8827272727272728
59684.136921765006 2459684.636227854 607.1287400275469 30.936325192451477 0.0 6.0 0.0 2937151.5009550923 255454.25416791628 0.8827272727272728
59684.137592875006 2459684.636899021 608.0952204018831 31.90280556678772 0.0 6.0 1.0 2976443.765298201 258862.44864870937 0.8827272727272728
59684.138264355 2459684.6375705577 609.0622331947088 32.86981835961342 0.0 6.0 0.0 2936525.484028055 255409.77260942847 0.8827272727272728
59684.138935465 2459684.638241724 610.0287128984928 33.83629806339741 0.0 6.0 1.0 2975286.5761190015 258759.49301317337 0.8827272727272728
59684.139606945 2459684.6389132603 610.9957250207663 34.80331018567085 0.0 6.0 0.0 2935570.754273779 255329.03097094913 0.8827272727272728
59684.140278055 2459684.6395844254 611.9622027128935 35.76978787779808 0.0 6.0 1.0 2975379.2901961803 258770.63223989826 0.8827272727272728
59684.140949534994 2459684.6402559616 612.9292148351669 36.736800000071526 0.0 6.0 0.0 2936444.056008338 255396.9805299421 0.8827272727272728
59684.14162065 2459684.6409271313 613.8956992328167 37.70328439772129 0.0 6.0 1.0 2975071.834776047 258750.17949316135 0.8827272727272728
59684.182523615 2459684.6818339904 672.8015763312578 0.0 0.0 7.0 0.0 2926843.059474613 254574.71154218106 0.8827272727272728
59684.183194725 2459684.6825051713 673.7680768221617 0.9665004909038544 0.0 7.0 1.0 2967514.8436218784 258084.5003632648 0.8827272727272728
59684.183866205 2459684.683176723 674.7351110726595 1.9335347414016724 0.0 7.0 0.0 2928883.187334945 254757.10805786398 0.8827272727272728
59684.184537315 2459684.683847903 675.7016102224588 2.9000338912010193 0.0 7.0 1.0 2968527.0422242424 258185.29380058325 0.8827272727272728
59684.185208794996 2459684.6845194534 676.6686431318521 3.86706680059433 0.0 7.0 0.0 2929519.3403626294 254798.4627233992 0.8827272727272728
59684.18587991 2459684.685190638 677.635148987174 4.833572655916214 0.0 7.0 1.0 2968024.9988899035 258126.15644443582 0.8827272727272728
59684.18655139 2459684.685862188 678.6021812260151 5.800604894757271 0.0 7.0 0.0 2929785.833280632 254826.8671402791 0.8827272727272728
59684.187222505 2459684.686533372 679.5686857402325 6.7671094089746475 0.0 7.0 1.0 2968633.0927385134 258186.98914059086 0.8827272727272728
59684.187893985 2459684.6872049207 680.5357159674168 7.734139636158943 0.0 7.0 0.0 2929651.706626017 254822.02256318976 0.8827272727272728
59684.188565095 2459684.687876099 681.5022124350071 8.700636103749275 0.0 7.0 1.0 2968894.395958121 258209.78955197902 0.8827272727272728
59684.189236574995 2459684.6885476466 682.4692413210869 9.667664989829063 0.0 7.0 0.0 2928977.6894795867 254746.03487821968 0.8827272727272728
59684.189907684995 2459684.689218824 683.4357364475727 10.634160116314888 0.0 7.0 1.0 2968623.803654855 258190.8006910808 0.8827272727272728
59684.190579165006 2459684.6898903707 684.402763992548 11.601187661290169 0.0 7.0 0.0 2929527.221751479 254807.90939400098 0.8827272727272728
59684.19125028 2459684.690561552 685.3692651540041 12.567688822746277 0.0 7.0 1.0 2968866.33309138 258220.06728678322 0.8827272727272728
59684.191921765 2459684.6912331027 686.3362980633974 13.534721732139587 0.0 7.0 0.0 2929639.9952561045 254826.16078436587 0.8827272727272728
59684.192592875 2459684.691904278 687.3027905076742 14.501214176416397 0.0 7.0 1.0 2969459.664131401 258269.76162393866 0.8827272727272728
59684.193264354995 2459684.6925758226 688.2698146998882 15.46823836863041 0.0 7.0 0.0 2929682.328086922 254821.34971744768 0.8827272727272728
59684.193935464995 2459684.693246997 689.2363058030605 16.43472947180271 0.0 7.0 1.0 2969408.3950089295 258262.48016104504 0.8827272727272728
59684.194606945006 2459684.69391854 690.2033279836178 17.401751652359962 0.0 7.0 0.0 2929061.21562815 254769.6707870826 0.8827272727272728
59684.195278055005 2459684.694589713 691.1698170751333 18.368240743875504 0.0 7.0 1.0 2968262.585851713 258161.36220696568 0.8827272727272728
59684.195949535 2459684.695261256 692.1368385851383 19.3352622538805 0.0 7.0 0.0 2929694.9646631684 254813.60754976663 0.8827272727272728
59684.19662065 2459684.695932433 693.1033337116241 20.301757380366325 0.0 7.0 1.0 2968720.1841780045 258206.97371352024 0.8827272727272728
59684.197292134995 2459684.696603979 694.0703599154949 21.2687835842371 0.0 7.0 0.0 2930203.6129627856 254865.45527889885 0.8827272727272728
59684.197963244995 2459684.69727515 695.0368463248014 22.235269993543625 0.0 7.0 1.0 2968688.9198301034 258201.1583872177 0.8827272727272728
59684.198634725006 2459684.6979466905 696.0038644820452 23.202288150787354 0.0 7.0 0.0 2928824.5417864798 254750.4708429241 0.8827272727272728
59684.199305835005 2459684.69861786 696.9703488796949 24.16877254843712 0.0 7.0 1.0 2969424.2271015123 258267.59625884186 0.8827272727272728
59684.199977315 2459684.699289399 697.9373650252819 25.135788694024086 0.0 7.0 0.0 2930320.446062803 254876.81606716372 0.8827272727272728
59684.200648425 2459684.6999605685 698.9038487523794 26.102272421121597 0.0 7.0 1.0 2969227.7890587836 258245.6214537218 0.8827272727272728
59684.201319910004 2459684.7006321116 699.8708709329367 27.06929460167885 0.0 7.0 0.0 2931158.541760118 254944.92372984978 0.8827272727272728
59684.20199102 2459684.7013032795 700.8373526483774 28.0357763171196 0.0 7.0 1.0 2970566.9949847357 258359.75003631425 0.8827272727272728
59684.202662505006 2459684.7019748227 701.8043748289347 29.00279849767685 0.0 7.0 0.0 2929330.5475321603 254777.3576311446 0.8827272727272728
59684.203333615005 2459684.702645989 702.7708545327187 29.96927820146084 0.0 7.0 1.0 2969090.2339190827 258230.4754008062 0.8827272727272728
59684.204005095 2459684.7033175263 703.7378679960966 30.93629166483879 0.0 7.0 0.0 2930134.033188883 254858.24469746812 0.8827272727272728
59684.204676205 2459684.7039886927 704.7043476998806 31.90277136862278 0.0 7.0 1.0 2969123.880892088 258241.1577299593 0.8827272727272728
59684.205347685 2459684.704660229 705.671359822154 32.869783490896225 0.0 7.0 0.0 2929183.3110857583 254775.46882665186 0.8827272727272728
59684.206018795 2459684.7053313944 706.6378381848335 33.83626185357571 0.0 7.0 1.0 2969052.3202018817 258228.25766267258 0.8827272727272728
59684.20669028 2459684.7060029353 707.6048570126295 34.80328068137169 0.0 7.0 0.0 2929147.1753884275 254776.88242553791 0.8827272727272728
59684.20736139 2459684.706674101 708.571335375309 35.76975904405117 0.0 7.0 1.0 2968522.4385192175 258186.25901910148 0.8827272727272728
59684.208032875 2459684.707345641 709.5383535325527 36.7367772012949 0.0 7.0 0.0 2929067.81031986 254775.25274221614 0.8827272727272728
59684.208703985 2459684.7080168063 710.50483122468 37.70325489342213 0.0 7.0 1.0 2968176.103336758 258163.1158350761 0.8827272727272728
