# %ECSV 1.0
# ---
# datatype:
# - {name: t_mjd, datatype: float64}
# - {name: t_bjd, datatype: float64}
# - {name: t_visit, datatype: float64}
# - {name: t_orbit, datatype: float64}
# - {name: ivisit, datatype: float64}
# - {name: iorbit, datatype: float64}
# - {name: scan, datatype: float64}
# - {name: spec_opt, datatype: float64}
# - {name: var_opt, datatype: float64}
# - {name: wave, datatype: float64}
# schema: astropy-2.0
t_mjd t_bjd t_visit t_orbit ivisit iorbit scan spec_opt var_opt wave
59683.716215465 2459684.2154816925 1.2542673200368881 1.2542673200368881 0.0 0.0 0.0 5494180.949852825 472219.99875174824 1.1154545454545453
59683.716886944996 2459684.2161532445 2.22130224108696 2.22130224108696 0.0 0.0 1.0 5603479.287071684 481647.3417733738 1.1154545454545453
59683.717558054996 2459684.2168244263 3.1878040730953217 3.1878040730953217 0.0 0.0 0.0 5530959.216051687 475330.16552958195 1.1154545454545453
59683.71822953501 2459684.217495978 4.15483832359314 4.15483832359314 0.0 0.0 1.0 5621450.158306805 483167.7158808626 1.1154545454545453
59683.71890065 2459684.218167164 5.121346190571785 5.121346190571785 0.0 0.0 0.0 5545265.679995983 476531.66353297624 1.1154545454545453
59683.719572135 2459684.21883872 6.08838714659214 6.08838714659214 0.0 0.0 1.0 5631004.408765841 483960.143890057 1.1154545454545453
59683.720243245 2459684.219509901 7.054887637495995 7.054887637495995 0.0 0.0 0.0 5552095.76854678 477102.06296402187 1.1154545454545453
59683.720914724996 2459684.220181452 8.021921217441559 8.021921217441559 0.0 0.0 1.0 5637027.625886427 484466.18102686567 1.1154545454545453
59683.721585834995 2459684.220852632 8.988420367240906 8.988420367240906 0.0 0.0 0.0 5556354.851252119 477459.53873896354 1.1154545454545453
59683.72225731501 2459684.2215241822 9.955452606081963 9.955452606081963 0.0 0.0 1.0 5639240.343357279 484658.81007560284 1.1154545454545453
59683.722928425006 2459684.2221953617 10.921951085329056 10.921951085329056 0.0 0.0 0.0 5558298.997772286 477627.6785524644 1.1154545454545453
59683.72359991 2459684.2228669156 11.888988688588142 11.888988688588142 0.0 0.0 1.0 5641111.741665122 484813.7261236935 1.1154545454545453
59683.72427102 2459684.2235380947 12.855486497282982 12.855486497282982 0.0 0.0 0.0 5561176.53515859 477873.8368738459 1.1154545454545453
59683.724942504996 2459684.224209648 13.822523429989815 13.822523429989815 0.0 0.0 1.0 5641842.26339598 484877.4643929947 1.1154545454545453
59683.725613614995 2459684.2248808257 14.789019227027893 14.789019227027893 0.0 0.0 0.0 5561864.654015325 477926.178886275 1.1154545454545453
59683.72628509501 2459684.225552373 15.756047442555428 15.756047442555428 0.0 0.0 1.0 5641768.355126575 484875.90251939616 1.1154545454545453
59683.726956205006 2459684.22622355 16.722541898489 16.722541898489 0.0 0.0 0.0 5561513.560074543 477889.8524631934 1.1154545454545453
59683.727627685 2459684.2268950962 17.689568772912025 17.689568772912025 0.0 0.0 1.0 5642329.583603051 484894.8418538888 1.1154545454545453
59683.728298795 2459684.227566272 18.65606188774109 18.65606188774109 0.0 0.0 0.0 5565441.614500295 478229.1199658074 1.1154545454545453
59683.728970280004 2459684.228237822 19.623094126582146 19.623094126582146 0.0 0.0 1.0 5644641.0207935 485099.4805874355 1.1154545454545453
59683.729641390004 2459684.228908997 20.5895859003067 20.5895859003067 0.0 0.0 0.0 5565745.299004032 478256.0513935786 1.1154545454545453
59683.730312875006 2459684.229580546 21.556616127490997 21.556616127490997 0.0 0.0 1.0 5644294.762272836 485072.52396597166 1.1154545454545453
59683.730983985006 2459684.2302517197 22.523106560111046 22.523106560111046 0.0 0.0 0.0 5564918.777834699 478180.9989715891 1.1154545454545453
59683.731655465 2459684.2309232624 23.490128070116043 23.490128070116043 0.0 0.0 1.0 5644283.087244992 485086.68141627096 1.1154545454545453
59683.732326575 2459684.231594435 24.45661649107933 24.45661649107933 0.0 0.0 0.0 5564081.8683650885 478110.78418915486 1.1154545454545453
59683.732998055 2459684.2322659767 25.42363665997982 25.42363665997982 0.0 0.0 1.0 5645013.527208585 485152.47849931096 1.1154545454545453
59683.733669165 2459684.2329371483 26.3901237398386 26.3901237398386 0.0 0.0 0.0 5564885.636157608 478178.04638812767 1.1154545454545453
59683.73434065 2459684.2336086943 27.357149943709373 27.357149943709373 0.0 0.0 1.0 5644813.491246428 485124.38471182366 1.1154545454545453
59683.735011765006 2459684.234279869 28.32364171743393 28.32364171743393 0.0 0.0 0.0 5565471.994275672 478232.1541469002 1.1154545454545453
59683.735683245 2459684.2349514095 29.290659874677658 29.290659874677658 0.0 0.0 1.0 5643283.121303759 484996.7135825195 1.1154545454545453
59683.736354355 2459684.2356225783 30.257142931222916 30.257142931222916 0.0 0.0 0.0 5562694.696791194 477999.34345758974 1.1154545454545453
59683.737025835 2459684.2362941173 31.224159076809883 31.224159076809883 0.0 0.0 1.0 5643776.357785743 485035.66052720166 1.1154545454545453
59683.737696945 2459684.2369652856 32.19064146280289 32.19064146280289 0.0 0.0 0.0 5563500.5640702145 478062.7180253822 1.1154545454545453
59683.738368424994 2459684.2376368237 33.15765626728535 33.15765626728535 0.0 0.0 1.0 5642177.9460348375 484906.4695444968 1.1154545454545453
59683.739039534994 2459684.238307991 34.12413731217384 34.12413731217384 0.0 0.0 0.0 5564559.529115915 478167.2721469306 1.1154545454545453
59683.739711019996 2459684.2389795333 35.09115815162659 35.09115815162659 0.0 0.0 1.0 5643914.5231628725 485052.4191119968 1.1154545454545453
59683.740382135 2459684.239650705 36.05764523148537 36.05764523148537 0.0 0.0 0.0 5563086.334316496 478028.45040708984 1.1154545454545453
59683.741053615 2459684.240322241 37.02465735375881 37.02465735375881 0.0 0.0 1.0 5643691.054546278 485031.5440378156 1.1154545454545453
59683.741724725 2459684.240993407 37.99113638699055 37.99113638699055 0.0 0.0 0.0 5563909.1893781135 478097.21892295725 1.1154545454545453
59683.742396204994 2459684.2416649433 38.95814850926399 38.95814850926399 0.0 0.0 1.0 5644549.747492786 485101.21035568614 1.1154545454545453
59683.779259535004 2459684.2785316817 92.04625189304352 0.0 0.0 1.0 0.0 5549597.04828889 476874.66434821184 1.1154545454545453
59683.77993102 2459684.279203239 93.01329419016838 0.9670422971248627 0.0 1.0 1.0 5633164.393883894 484098.05081803864 1.1154545454545453
59683.780602135 2459684.279874426 93.97980339825153 1.9335515052080154 0.0 1.0 0.0 5554128.322413541 477263.0873594017 1.1154545454545453
59683.78127361499 2459684.2805459783 94.94683898985386 2.900587096810341 0.0 1.0 1.0 5636634.521500832 484402.149042603 1.1154545454545453
59683.78194472499 2459684.28121716 95.91334082186222 3.8670889288187027 0.0 1.0 0.0 5554118.52049765 477265.8975463178 1.1154545454545453
59683.782616205004 2459684.281888712 96.88037574291229 4.834123849868774 0.0 1.0 1.0 5635774.785666974 484333.60549578577 1.1154545454545453
59683.783287315004 2459684.2825598945 97.84687824547291 5.80062635242939 0.0 1.0 0.0 5555889.316012399 477415.8654836786 1.1154545454545453
59683.783958795 2459684.283231446 98.81391249597073 6.767660602927208 0.0 1.0 1.0 5637561.767660011 484479.3389586057 1.1154545454545453
59683.784629910006 2459684.2839026325 99.78042103350163 7.734169140458107 0.0 1.0 0.0 5554874.500601072 477321.8407655896 1.1154545454545453
59683.78530139 2459684.284574184 100.74745528399944 8.701203390955925 0.0 1.0 1.0 5636106.363304337 484351.98613223166 1.1154545454545453
59683.78597250499 2459684.28524537 101.71396315097809 9.66771125793457 0.0 1.0 0.0 5556503.446017214 477460.790444325 1.1154545454545453
59683.786643985004 2459684.285916921 102.68099673092365 10.634744837880135 0.0 1.0 1.0 5636801.592760023 484411.2295923494 1.1154545454545453
59683.787315095 2459684.286588101 103.647495880723 11.601243987679482 0.0 1.0 0.0 5557126.433690661 477506.603382116 1.1154545454545453
59683.787986575 2459684.287259652 104.61452879011631 12.568276897072792 0.0 1.0 1.0 5638222.5804755185 484541.26173746714 1.1154545454545453
59683.788657685 2459684.2879308313 105.5810272693634 13.534775376319885 0.0 1.0 0.0 5557766.595004289 477568.02192450094 1.1154545454545453
59683.789329164996 2459684.2886023815 106.54805950820446 14.501807615160942 0.0 1.0 1.0 5638594.798219333 484558.99944713194 1.1154545454545453
59683.79000028 2459684.289273565 107.51456402242184 15.468312129378319 0.0 1.0 0.0 5556716.061326299 477473.5202224898 1.1154545454545453
59683.790671765004 2459684.2899451186 108.48160095512867 16.43534906208515 0.0 1.0 1.0 5636551.358111224 484395.55495486414 1.1154545454545453
59683.791342875 2459684.290616297 109.44809809327126 17.401846200227737 0.0 1.0 0.0 5557539.930980485 477535.87044935994 1.1154545454545453
59683.792014355 2459684.2912878445 110.41512630879879 18.368874415755272 0.0 1.0 1.0 5638400.520281766 484556.48994704423 1.1154545454545453
59683.792685465 2459684.2919590217 111.38162143528461 19.335369542241096 0.0 1.0 0.0 5557803.728342505 477566.3674268778 1.1154545454545453
59683.793356944996 2459684.292630568 112.34864830970764 20.302396416664124 0.0 1.0 1.0 5637493.211769854 484478.96939169226 1.1154545454545453
59683.794028054996 2459684.2933017444 113.31514209508896 21.26889020204544 0.0 1.0 0.0 5558587.334942557 477638.0090377183 1.1154545454545453
59683.79469953501 2459684.29397329 114.28216762840748 22.23591573536396 0.0 1.0 1.0 5637496.312009632 484481.1250816232 1.1154545454545453
59683.79537065 2459684.2946444703 115.24866744875908 23.20241555571556 0.0 1.0 0.0 5555958.92024017 477414.85969976167 1.1154545454545453
59683.796042135 2459684.29531602 116.21569901704788 24.169447124004364 0.0 1.0 1.0 5638154.47579855 484539.8091393458 1.1154545454545453
59683.796713245 2459684.295987194 117.18218944966793 25.135937556624413 0.0 1.0 0.0 5557829.178254225 477576.24162901874 1.1154545454545453
59683.797384724996 2459684.296658737 118.14921163022518 26.102959737181664 0.0 1.0 1.0 5636931.567025559 484426.5041042461 1.1154545454545453
59683.798055834995 2459684.29732991 119.11570072174072 27.069448828697205 0.0 1.0 0.0 5556403.195559842 477446.4681734677 1.1154545454545453
59683.79872731501 2459684.2980014523 120.08272156119347 28.036469668149948 0.0 1.0 1.0 5637260.595580407 484461.15422654443 1.1154545454545453
59683.799398425006 2459684.2986726244 121.0492093116045 29.00295741856098 0.0 1.0 0.0 5556265.064861344 477440.5242990186 1.1154545454545453
59683.80006991 2459684.2993441704 122.01623551547527 29.969983622431755 0.0 1.0 1.0 5637549.958878289 484491.91626373667 1.1154545454545453
59683.80074102 2459684.300015341 122.98272125422955 30.936469361186028 0.0 1.0 0.0 5555396.283023515 477367.1119550342 1.1154545454545453
59683.801412504996 2459684.3006868865 123.94974678754807 31.903494894504547 0.0 1.0 1.0 5636518.195257606 484396.1313105869 1.1154545454545453
59683.802083614995 2459684.3013580563 124.91623118519783 32.86997929215431 0.0 1.0 0.0 5556985.317150339 477495.36978362204 1.1154545454545453
59683.80275509501 2459684.3020295952 125.8832473307848 33.83699543774128 0.0 1.0 1.0 5636367.107726834 484387.83904494345 1.1154545454545453
59683.803426205006 2459684.302700764 126.84973038733006 34.80347849428654 0.0 1.0 0.0 5555136.49614735 477340.25578530156 1.1154545454545453
59683.804097685 2459684.303372302 127.81674519181252 35.770493298769 0.0 1.0 1.0 5637698.6325021535 484493.80223915353 1.1154545454545453
59683.804768795 2459684.30404347 128.78322690725327 36.73697501420975 0.0 1.0 0.0 5555657.367281505 477388.39878290036 1.1154545454545453
59683.805440280004 2459684.304715012 129.750247746706 37.70399585366249 0.0 1.0 1.0 5637184.801629189 484457.3009820987 1.1154545454545453
59683.845463245 2459684.344741652 187.38860875368118 0.0 0.0 2.0 0.0 5542844.405643307 476300.3137868084 1.1154545454545453
59683.846134725 2459684.345413204 188.35564367473125 0.9670349210500717 0.0 2.0 1.0 5626660.50059995 483556.85813067964 1.1154545454545453
59683.846805835 2459684.346084386 189.32214617729187 1.9335374236106873 0.0 2.0 0.0 5548070.505529512 476745.82642850594 1.1154545454545453
59683.847477314994 2459684.346755938 190.28918109834194 2.900572344660759 0.0 2.0 1.0 5628792.839222829 483740.89083136566 1.1154545454545453
59683.84814842499 2459684.3474271204 191.25568360090256 3.8670748472213745 0.0 2.0 0.0 5548202.629905558 476744.7529598385 1.1154545454545453
59683.848819909996 2459684.3480986776 192.22272589802742 4.834117144346237 0.0 2.0 1.0 5628651.003162526 483720.43287621817 1.1154545454545453
59683.849491019995 2459684.3487698594 193.18922773003578 5.800618976354599 0.0 2.0 0.0 5549743.554487661 476887.9504203746 1.1154545454545453
59683.850162505 2459684.3494414166 194.15627002716064 6.767661273479462 0.0 2.0 1.0 5628500.201893811 483713.83496780973 1.1154545454545453
59683.850833615 2459684.3501125975 195.1227705180645 7.734161764383316 0.0 2.0 0.0 5549979.291890855 476901.9499693029 1.1154545454545453
59683.85150509499 2459684.3507841495 196.08980543911457 8.701196685433388 0.0 2.0 1.0 5630267.485214881 483867.80928045214 1.1154545454545453
59683.85217620499 2459684.3514553304 197.05630593001842 9.667697176337242 0.0 2.0 0.0 5553506.709235219 477200.89458234946 1.1154545454545453
59683.852847685004 2459684.3521268815 198.023339509964 10.634730756282806 0.0 2.0 1.0 5630651.122778949 483897.06178809475 1.1154545454545453
59683.853518795004 2459684.352798062 198.9898393303156 11.601230576634407 0.0 2.0 0.0 5550446.803764488 476944.60383817175 1.1154545454545453
59683.85419028 2459684.353469617 199.95687894523144 12.568270191550255 0.0 2.0 1.0 5632191.553452883 484024.71819918643 1.1154545454545453
59683.854861390006 2459684.3541407967 200.92337742447853 13.534768670797348 0.0 2.0 0.0 5550534.327652858 476956.9979835207 1.1154545454545453
59683.85553287499 2459684.354812351 201.89041569828987 14.501806944608688 0.0 2.0 1.0 5631761.622791753 483986.8204628574 1.1154545454545453
59683.85620398499 2459684.3554835306 202.85691417753696 15.468305423855782 0.0 2.0 0.0 5550640.09256509 476960.3504455879 1.1154545454545453
59683.856875465004 2459684.356155079 203.823943734169 16.435334980487823 0.0 2.0 1.0 5632658.1973605 484072.4353243742 1.1154545454545453
59683.857546575004 2459684.3568262574 204.7904408723116 17.40183211863041 0.0 2.0 0.0 5551634.320107968 477050.771350621 1.1154545454545453
59683.858218055 2459684.3574978053 205.75746975839138 18.368861004710197 0.0 2.0 1.0 5632040.701108007 484015.3358986841 1.1154545454545453
59683.858889165 2459684.358168982 206.72396421432495 19.33535546064377 0.0 2.0 0.0 5550011.568928728 476904.6021227161 1.1154545454545453
59683.85956065 2459684.3588405335 207.69099846482277 20.302389711141586 0.0 2.0 1.0 5630185.202495614 483867.01394241257 1.1154545454545453
59683.86023176499 2459684.3595117154 208.65750029683113 21.268891543149948 0.0 2.0 0.0 5550591.158060952 476959.2805592004 1.1154545454545453
59683.860903245004 2459684.360183261 209.62452583014965 22.235917076468468 0.0 2.0 1.0 5630040.322829892 483850.6473559085 1.1154545454545453
59683.861574355 2459684.3608544357 210.5910176038742 23.202408850193024 0.0 2.0 0.0 5550193.877422721 476925.1774434511 1.1154545454545453
59683.862245835 2459684.3615259803 211.55804179608822 24.169433042407036 0.0 2.0 1.0 5630681.967817114 483895.4738647157 1.1154545454545453
59683.862916945 2459684.362197154 212.52453222870827 25.135923475027084 0.0 2.0 0.0 5548745.234851823 476801.1272714375 1.1154545454545453
59683.863588424996 2459684.362868698 213.49155507981777 26.10294632613659 0.0 2.0 1.0 5630719.4822151745 483915.2874507865 1.1154545454545453
59683.864259534996 2459684.363539871 214.4580441713333 27.06943541765213 0.0 2.0 0.0 5549993.249444907 476908.28889260325 1.1154545454545453
59683.86493102 2459684.3642114177 215.4250717163086 28.03646296262741 0.0 2.0 1.0 5629615.6247320585 483812.895093903 1.1154545454545453
59683.865602135 2459684.364882595 216.39156684279442 29.002958089113235 0.0 2.0 0.0 5549851.779667062 476909.4028922488 1.1154545454545453
59683.866273615 2459684.365554136 217.35858634114265 29.96997758746147 0.0 2.0 1.0 5629919.245977334 483838.49184652074 1.1154545454545453
59683.866944725 2459684.366225307 218.32507207989693 30.936463326215744 0.0 2.0 0.0 5550350.903250599 476930.1308208222 1.1154545454545453
59683.867616204996 2459684.366896847 219.2920895665884 31.90348081290722 0.0 2.0 1.0 5630312.4429716095 483876.90718105604 1.1154545454545453
59683.868287314996 2459684.367568017 220.25857463479042 32.86996588110924 0.0 2.0 0.0 5549620.966195832 476868.7552484237 1.1154545454545453
59683.86895879501 2459684.368239556 221.2255907803774 33.836982026696205 0.0 2.0 1.0 5629311.534777535 483786.3061222039 1.1154545454545453
59683.86962991 2459684.36891073 222.19208121299744 34.803472459316254 0.0 2.0 0.0 5549082.469825423 476828.57867115457 1.1154545454545453
59683.870301389994 2459684.369582268 223.1590960174799 35.770487263798714 0.0 2.0 1.0 5629077.232302815 483769.16666887025 1.1154545454545453
59683.870972505 2459684.3702534405 224.12558443844318 36.736975684762 0.0 2.0 0.0 5547625.513601306 476714.49359081686 1.1154545454545453
59683.871643984996 2459684.3709249785 225.09259924292564 37.70399048924446 0.0 2.0 1.0 5629493.214502889 483810.60894838057 1.1154545454545453
59683.911655464995 2459684.410940132 282.7144204080105 0.0 0.0 3.0 0.0 5532389.305921346 475410.6386848954 1.1154545454545453
59683.912326574995 2459684.411611314 283.68092224001884 0.9665018320083618 0.0 3.0 1.0 5617691.865425895 482778.0203114033 1.1154545454545453
59683.912998055006 2459684.4122828664 284.64795783162117 1.9335374236106873 0.0 3.0 0.0 5536349.336232 475748.6714329247 1.1154545454545453
59683.913669165006 2459684.4129540487 285.6144603341818 2.900039926171303 0.0 3.0 1.0 5616990.2865264295 482721.57541750325 1.1154545454545453
59683.91434065 2459684.413625606 286.58150263130665 3.8670822232961655 0.0 3.0 0.0 5537584.537676475 475865.5178428199 1.1154545454545453
59683.915011765 2459684.414296793 287.5480118393898 4.833591431379318 0.0 3.0 1.0 5619616.213721869 482947.5733766284 1.1154545454545453
59683.915683244995 2459684.4149683444 288.5150460898876 5.800625681877136 0.0 3.0 0.0 5538491.294784604 475936.9442338296 1.1154545454545453
59683.916354354995 2459684.4156395267 289.48154859244823 6.767128184437752 0.0 3.0 1.0 5619844.875610819 482975.550664623 1.1154545454545453
59683.917025835006 2459684.416311078 290.4485821723938 7.734161764383316 0.0 3.0 0.0 5538524.441463734 475936.9952111263 1.1154545454545453
59683.917696945005 2459684.4169822596 291.41508400440216 8.700663596391678 0.0 3.0 1.0 5620846.387830762 483045.84607085964 1.1154545454545453
59683.918368425 2459684.417653811 292.3821182549 9.667697846889496 0.0 3.0 0.0 5539424.734812705 476011.0042758745 1.1154545454545453
59683.919039535 2459684.4183249916 293.3486180752516 10.634197667241096 0.0 3.0 1.0 5621360.668658877 483105.0165682158 1.1154545454545453
59683.919711020004 2459684.418996547 294.3156576901674 11.601237282156944 0.0 3.0 0.0 5540483.629489669 476107.1452831559 1.1154545454545453
59683.920382134995 2459684.4196677324 295.2821648865938 12.567744478583336 0.0 3.0 1.0 5618856.204552262 482883.7045806837 1.1154545454545453
59683.921053615006 2459684.420339282 296.2491964548826 13.534776046872139 0.0 3.0 0.0 5540997.2611171305 476135.21200662263 1.1154545454545453
59683.921724725005 2459684.421010462 297.21569560468197 14.501275196671486 0.0 3.0 1.0 5620549.653055206 483015.7165886648 1.1154545454545453
59683.922396205 2459684.421682011 298.18272583186626 15.468305423855782 0.0 3.0 0.0 5540784.448563001 476121.67198605416 1.1154545454545453
59683.923067315 2459684.4223531894 299.14922297000885 16.434802561998367 0.0 3.0 1.0 5621315.98400474 483102.30147250724 1.1154545454545453
59683.923738795 2459684.4230247377 300.1162525266409 17.40183211863041 0.0 3.0 0.0 5539991.474023761 476065.46942172135 1.1154545454545453
59683.92440991 2459684.4236959205 301.08275569975376 18.36833529174328 0.0 3.0 1.0 5620837.894536935 483054.3009704706 1.1154545454545453
59683.92508139 2459684.424367468 302.0497839152813 19.335363507270813 0.0 3.0 0.0 5539981.546151576 476067.5022612602 1.1154545454545453
59683.925752505005 2459684.4250386497 303.01628574728966 20.301865339279175 0.0 3.0 1.0 5618163.666168728 482822.1961481844 1.1154545454545453
59683.926423985 2459684.4257101957 303.98331195116043 21.268891543149948 0.0 3.0 0.0 5539746.553059894 476049.5523254948 1.1154545454545453
59683.927095095 2459684.4263813714 304.9498050659895 22.23538465797901 0.0 3.0 1.0 5617357.760520427 482753.66790896654 1.1154545454545453
59683.927766575 2459684.4270529165 305.91682992875576 23.202409520745277 0.0 3.0 0.0 5534598.607634572 475609.8043248286 1.1154545454545453
59683.928437685 2459684.4277240913 306.8833217024803 24.168901294469833 0.0 3.0 1.0 5615216.873220003 482586.04844420793 1.1154545454545453
59683.929109164994 2459684.428395635 307.8503445535898 25.135924145579338 0.0 3.0 0.0 5530694.992415148 475286.40158678003 1.1154545454545453
59683.92978028 2459684.4290668136 308.8168416917324 26.102421283721924 0.0 3.0 1.0 5610733.010222379 482195.1693450969 1.1154545454545453
59683.930451765 2459684.429738362 309.78387124836445 27.069450840353966 0.0 3.0 0.0 5528407.784558737 475083.5316172527 1.1154545454545453
59683.931122875 2459684.4304095334 310.75035832822323 28.035937920212746 0.0 3.0 1.0 5608850.459653168 482049.39841572876 1.1154545454545453
59683.931794355 2459684.4310810757 311.717379167676 29.00295875966549 0.0 3.0 0.0 5527329.844955123 474991.3575413835 1.1154545454545453
59683.932465465 2459684.431752247 312.6838655769825 29.969445168972015 0.0 3.0 1.0 5609193.388054911 482074.2254794586 1.1154545454545453
59683.933136944994 2459684.4324237877 313.6508844047785 30.936463996767998 0.0 3.0 0.0 5526719.43211867 474943.1127894854 1.1154545454545453
59683.93380805499 2459684.433094958 314.6173694729805 31.902949064970016 0.0 3.0 1.0 5607775.480288806 481966.73441522365 1.1154545454545453
59683.934479535004 2459684.4337664978 315.584386959672 32.86996655166149 0.0 3.0 0.0 5525924.999273773 474873.7541771777 1.1154545454545453
59683.935150649995 2459684.4344376717 316.550877392292 33.83645698428154 0.0 3.0 1.0 5609054.0816504685 482080.6094069848 1.1154545454545453
59683.935822135 2459684.4351092153 317.5179002434015 34.803479835391045 0.0 3.0 0.0 5526603.5532235345 474939.081549378 1.1154545454545453
59683.936493245 2459684.435780384 318.4843832999468 35.7699628919363 0.0 3.0 1.0 5606857.363256373 481901.83082415076 1.1154545454545453
59683.93716472499 2459684.4364519217 319.451397433877 36.73697702586651 0.0 3.0 0.0 5526257.333762997 474907.731599954 1.1154545454545453
59683.93783583499 2459684.437123089 320.4178784787655 37.703458070755005 0.0 3.0 1.0 5606214.726405237 481850.21450279234 1.1154545454545453
59683.978298795 2459684.477589772 378.6899019777775 0.0 0.0 4.0 0.0 5510096.64207932 473524.82496425713 1.1154545454545453
59683.978970280004 2459684.4782613292 379.65694427490234 0.9670422971248627 0.0 4.0 1.0 5593668.240831499 480765.7156647229 1.1154545454545453
59683.979641390004 2459684.4789325115 380.62344677746296 1.9335447996854782 0.0 4.0 0.0 5513842.304626022 473861.6743609297 1.1154545454545453
59683.980312875006 2459684.4796040687 381.5904890745878 2.900587096810341 0.0 4.0 1.0 5593498.141785371 480754.1856770626 1.1154545454545453
59683.980983985006 2459684.480275251 382.55699157714844 3.8670895993709564 0.0 4.0 0.0 5514713.134303921 473922.79573643126 1.1154545454545453
59683.981655465 2459684.480946803 383.5240264981985 4.834124520421028 0.0 4.0 1.0 5594612.3439337425 480848.4229350287 1.1154545454545453
59683.982326575 2459684.481617985 384.49052833020687 5.80062635242939 0.0 4.0 0.0 5514896.210125595 473941.8460990584 1.1154545454545453
59683.982998055 2459684.4822895364 385.4575625807047 6.767660602927208 0.0 4.0 1.0 5593171.719426925 480717.0140585262 1.1154545454545453
59683.983669165 2459684.4829607178 386.4240637421608 7.734161764383316 0.0 4.0 0.0 5514946.931039885 473938.37379701046 1.1154545454545453
59683.98434065 2459684.4836322744 387.3911053687334 8.701203390955925 0.0 4.0 1.0 5595187.408054231 480893.3357151279 1.1154545454545453
59683.985011765006 2459684.48430346 388.3576125651598 9.667710587382317 0.0 4.0 0.0 5514971.114900612 473939.0746803436 1.1154545454545453
59683.985683245 2459684.484975011 389.32464614510536 10.63474416732788 0.0 4.0 1.0 5594999.946526365 480883.50047930295 1.1154545454545453
59683.986354355 2459684.485646191 390.2911452949047 11.601243317127228 0.0 4.0 0.0 5515720.826117951 473993.5129200739 1.1154545454545453
59683.987025835 2459684.486317741 391.25817753374577 12.568275555968285 0.0 4.0 1.0 5594790.1464527715 480863.0729897745 1.1154545454545453
59683.987696945 2459684.486988921 392.2246766835451 13.534774705767632 0.0 4.0 0.0 5514423.4783392595 473885.81446044624 1.1154545454545453
59683.988368424994 2459684.4876604704 393.19170758128166 14.501805603504181 0.0 4.0 1.0 5593205.377104781 480717.74951798806 1.1154545454545453
59683.989039534994 2459684.488331649 394.15820471942425 15.468302741646767 0.0 4.0 0.0 5514273.435930977 473887.9843597712 1.1154545454545453
59683.989711019996 2459684.4890032024 395.1252416521311 16.4353396743536 0.0 4.0 1.0 5594086.744812527 480802.66935844143 1.1154545454545453
59683.990382135 2459684.489674385 396.09174482524395 17.40184284746647 0.0 4.0 0.0 5514558.747679862 473902.89101396495 1.1154545454545453
59683.991053615 2459684.4903459325 397.0587730407715 18.368871062994003 0.0 4.0 1.0 5594434.394387464 480840.3170796863 1.1154545454545453
59683.991724725 2459684.4910171092 398.02526749670506 19.335365518927574 0.0 4.0 0.0 5514761.835489026 473929.2911331728 1.1154545454545453
59683.992396204994 2459684.491688656 398.99229504168034 20.302393063902855 0.0 4.0 1.0 5592989.28357262 480716.57792856946 1.1154545454545453
59683.993067314994 2459684.4923598315 399.95878748595715 21.268885508179665 0.0 4.0 0.0 5514362.188583393 473909.2560023783 1.1154545454545453
59683.993738795005 2459684.4930313774 400.9258136898279 22.235911712050438 0.0 4.0 1.0 5593749.951342371 480776.2499351572 1.1154545454545453
59683.994409909996 2459684.493702557 401.892312169075 23.20241019129753 0.0 4.0 0.0 5514464.933911925 473901.3868774391 1.1154545454545453
59683.99508139 2459684.494374101 402.85933569073677 24.16943371295929 0.0 4.0 1.0 5594475.799641062 480837.2932059731 1.1154545454545453
59683.995752505 2459684.49504528 403.8258334994316 25.13593152165413 0.0 4.0 0.0 5513855.991497365 473848.139933972 1.1154545454545453
59683.996423984994 2459684.495716823 404.7928550094366 26.102953031659126 0.0 4.0 1.0 5595108.635407686 480893.55358149664 1.1154545454545453
59683.997095094994 2459684.496387996 405.75934410095215 27.069442123174667 0.0 4.0 0.0 5514357.6146291 473890.7604246098 1.1154545454545453
59683.997766575005 2459684.4970595376 406.72636426985264 28.036462292075157 0.0 4.0 1.0 5593497.255959348 480750.0344604706 1.1154545454545453
59683.998437685004 2459684.497730709 407.6928513497114 29.002949371933937 0.0 4.0 0.0 5515612.0979263345 474005.254749262 1.1154545454545453
59683.999109165 2459684.49840225 408.6598701775074 29.96996819972992 0.0 4.0 1.0 5593428.447443358 480750.31479950383 1.1154545454545453
59683.99978028 2459684.499073426 409.62636329233646 30.936461314558983 0.0 4.0 0.0 5514544.949434109 473918.2273811064 1.1154545454545453
59684.000451764994 2459684.4997449704 410.5933874845505 31.903485506772995 0.0 4.0 1.0 5592466.982241031 480666.5243335626 1.1154545454545453
59684.00112287499 2459684.50041614 411.55987188220024 32.86996990442276 0.0 4.0 0.0 5513960.876292049 473854.19374187896 1.1154545454545453
59684.001794355005 2459684.501087679 412.5268880277872 33.83698605000973 0.0 4.0 1.0 5594223.34372562 480820.37432988075 1.1154545454545453
59684.002465465004 2459684.5017588474 413.4933704137802 34.80346843600273 0.0 4.0 0.0 5514358.93750708 473889.12679662096 1.1154545454545453
59684.003136945 2459684.5024303854 414.4603852182627 35.77048324048519 0.0 4.0 1.0 5593632.323077092 480771.63815982157 1.1154545454545453
59684.003808055 2459684.5031015533 415.4268669337034 36.73696495592594 0.0 4.0 0.0 5514116.8055762155 473863.4918312248 1.1154545454545453
59684.004479535 2459684.5037730904 416.3938803970814 37.703978419303894 0.0 4.0 1.0 5594759.201165671 480876.1879065667 1.1154545454545453
59684.047233984995 2459684.54653152 477.9660187661648 0.0 0.0 5.0 0.0 5494580.576860054 472204.86492705764 1.1154545454545453
59684.047905465006 2459684.5472030723 478.9330543577671 0.9670355916023254 0.0 5.0 1.0 5579332.267769435 479556.59163432795 1.1154545454545453
59684.048576575005 2459684.5478742537 479.8995555192232 1.9335367530584335 0.0 5.0 0.0 5502210.756800251 472863.8977592064 1.1154545454545453
59684.049248055 2459684.5485458057 480.8665904402733 2.9005716741085052 0.0 5.0 1.0 5581208.697338438 479709.2365837516 1.1154545454545453
59684.049919165 2459684.549216987 481.8330916017294 3.8670728355646133 0.0 5.0 0.0 5503380.122513455 472965.81420034764 1.1154545454545453
59684.050590650004 2459684.5498885433 482.80013255774975 4.834113791584969 0.0 5.0 1.0 5582712.587761799 479834.19919059204 1.1154545454545453
59684.051261764995 2459684.5505597293 483.7666404247284 5.800621658563614 0.0 5.0 0.0 5504592.901026468 473066.0850924706 1.1154545454545453
59684.051933245006 2459684.55123128 484.7336733341217 6.767654567956924 0.0 5.0 1.0 5582993.453144393 479866.13890484977 1.1154545454545453
59684.052604355005 2459684.5519024604 485.7001731544733 7.734154388308525 0.0 5.0 0.0 5504719.885856244 473070.1424572483 1.1154545454545453
59684.053275835 2459684.55257401 486.6672047227621 8.701185956597328 0.0 5.0 1.0 5583627.953216521 479921.7019835962 1.1154545454545453
59684.053946945 2459684.55324519 487.63370387256145 9.667685106396675 0.0 5.0 0.0 5503628.846624622 472987.2612553344 1.1154545454545453
59684.054618425 2459684.5539167393 488.600734770298 10.634716004133224 0.0 5.0 1.0 5583564.48826284 479913.29460302956 1.1154545454545453
59684.055289535 2459684.554587918 489.5672319084406 11.60121314227581 0.0 5.0 0.0 5505348.328013175 473129.5089063086 1.1154545454545453
59684.05596102 2459684.5552594713 490.5342688411474 12.568250074982643 0.0 5.0 1.0 5584043.536966917 479961.89451353916 1.1154545454545453
59684.056632135005 2459684.5559306545 491.50077268481255 13.534753918647766 0.0 5.0 0.0 5503644.652160373 472985.6961495843 1.1154545454545453
59684.057303615 2459684.5566022014 492.4678002297878 14.501781463623047 0.0 5.0 1.0 5585363.209247927 480062.4529678637 1.1154545454545453
59684.057974725 2459684.5572733786 493.43429535627365 15.468276590108871 0.0 5.0 0.0 5504146.228919283 473024.0942305739 1.1154545454545453
59684.058646205 2459684.557944925 494.4013222306967 16.4353034645319 0.0 5.0 1.0 5582576.350420295 479836.9462257575 1.1154545454545453
59684.059317315 2459684.558616101 495.36781534552574 17.401796579360962 0.0 5.0 0.0 5503985.866370984 473026.1321221447 1.1154545454545453
59684.059988794994 2459684.559287646 496.334840208292 18.368821442127228 0.0 5.0 1.0 5583608.799926831 479922.06010400574 1.1154545454545453
59684.06065991 2459684.559958826 497.30133935809135 19.335320591926575 0.0 5.0 0.0 5503277.392915134 472967.7954645689 1.1154545454545453
59684.061331389996 2459684.56063037 498.2683628797531 20.302344113588333 0.0 5.0 1.0 5583203.5692428555 479890.1962575726 1.1154545454545453
59684.062002505 2459684.561301549 499.23486068844795 21.268841922283173 0.0 5.0 0.0 5504892.090029876 473096.760167689 1.1154545454545453
59684.062673985 2459684.561973092 500.2018828690052 22.235864102840424 0.0 5.0 1.0 5584172.054448178 479983.25595262443 1.1154545454545453
59684.063345095 2459684.5626442647 501.1683712899685 23.20235252380371 0.0 5.0 0.0 5506512.446150835 473232.4757155999 1.1154545454545453
59684.064016574994 2459684.5633158064 502.135391458869 24.1693726927042 0.0 5.0 1.0 5584812.805873259 480025.8055245988 1.1154545454545453
59684.06468768499 2459684.563986978 503.10187853872776 25.13585977256298 0.0 5.0 0.0 5506676.2552676285 473227.64460636897 1.1154545454545453
59684.065359165004 2459684.564658519 504.06889736652374 26.102878600358963 0.0 5.0 1.0 5589047.22633836 480377.108533306 1.1154545454545453
59684.066030279995 2459684.5653296947 505.0353904813528 27.069371715188026 0.0 5.0 0.0 5509758.026913794 473508.02671612805 1.1154545454545453
59684.066701765 2459684.566001239 506.0024146735668 28.03639590740204 0.0 5.0 1.0 5590068.071966556 480469.9892649374 1.1154545454545453
59684.067372875 2459684.5666724085 506.96889840066433 29.00287963449955 0.0 5.0 0.0 5511407.422481011 473646.48760170146 1.1154545454545453
59684.06804435499 2459684.567343948 507.93591521680355 29.96989645063877 0.0 5.0 1.0 5591677.25967615 480604.71611588786 1.1154545454545453
59684.06871546499 2459684.568015116 508.9023969322443 30.93637816607952 0.0 5.0 0.0 5514220.202131492 473875.8838803725 1.1154545454545453
59684.069386945004 2459684.5686866543 509.869412407279 31.903393641114235 0.0 5.0 1.0 5593273.688255677 480733.2023028173 1.1154545454545453
59684.070058055004 2459684.569357822 510.83589412271976 32.869875356554985 0.0 5.0 0.0 5514769.233020994 473922.79174602946 1.1154545454545453
59684.070729535 2459684.5700293593 511.8029075860977 33.83688881993294 0.0 5.0 1.0 5592643.644513651 480675.3340331459 1.1154545454545453
59684.071400650006 2459684.570700531 512.7693946659565 34.80337589979172 0.0 5.0 0.0 5514348.961502716 473889.8221864585 1.1154545454545453
59684.07207213499 2459684.571372072 513.7364141643047 35.770395398139954 0.0 5.0 1.0 5592103.692695098 480643.1842154842 1.1154545454545453
59684.07274324499 2459684.5720432387 514.7028938680887 36.73687510192394 0.0 5.0 0.0 5513352.698732909 473824.034343453 1.1154545454545453
59684.073414725004 2459684.5727147744 515.6699053198099 37.703886553645134 0.0 5.0 1.0 5593831.279436337 480798.9874702884 1.1154545454545453
59684.11544028 2459684.614744295 576.1924148350954 0.0 0.0 6.0 0.0 5493883.847617687 472167.97613649385 1.1154545454545453
59684.11611139 2459684.6154154763 577.1589159965515 0.9665011614561081 0.0 6.0 1.0 5576814.212359641 479353.3233620702 1.1154545454545453
59684.116782875004 2459684.6160870325 578.1259569525719 1.9335421174764633 0.0 6.0 0.0 5498320.673780344 472527.12403861486 1.1154545454545453
59684.117453985 2459684.6167582134 579.0924574434757 2.9000426083803177 0.0 6.0 1.0 5580716.708085185 479677.37756927515 1.1154545454545453
59684.118125465 2459684.617429764 580.059490352869 3.8670755177736282 0.0 6.0 0.0 5500726.734149321 472733.22391952353 1.1154545454545453
59684.118796575 2459684.6181009444 581.0259901732206 4.833575338125229 0.0 6.0 1.0 5580374.065048312 479637.927049228 1.1154545454545453
59684.119468054996 2459684.618772495 581.993023082614 5.800608247518539 0.0 6.0 0.0 5499863.491941762 472665.77901735 1.1154545454545453
59684.120139164996 2459684.619443674 582.9595208913088 6.767106056213379 0.0 6.0 1.0 5580684.822273366 479671.13613779104 1.1154545454545453
59684.12081065 2459684.6201152285 583.9265591651201 7.734144330024719 0.0 6.0 0.0 5502159.507233811 472853.70117031253 1.1154545454545453
59684.121481765 2459684.6207864126 584.8930643498898 8.70064951479435 0.0 6.0 1.0 5578781.995196944 479510.85931042035 1.1154545454545453
59684.122153245 2459684.621457961 585.8600939065218 9.667679071426392 0.0 6.0 0.0 5501280.070026438 472781.03475111746 1.1154545454545453
59684.122824355 2459684.6221291386 586.8265897035599 10.63417486846447 0.0 6.0 1.0 5580437.89564574 479647.1404019287 1.1154545454545453
59684.123495834996 2459684.622800686 587.7936179190874 11.601203083992004 0.0 6.0 0.0 5502147.733040074 472871.72193178383 1.1154545454545453
59684.124166944996 2459684.623471863 588.7601130455732 12.567698210477829 0.0 6.0 1.0 5581238.146814333 479730.975439647 1.1154545454545453
59684.12483842501 2459684.6241434095 589.7271399199963 13.534725084900856 0.0 6.0 0.0 5502680.223505011 472916.66384622786 1.1154545454545453
59684.125509535006 2459684.6248145853 590.6936330348253 14.50121819972992 0.0 6.0 1.0 5581698.426163366 479772.18434921716 1.1154545454545453
59684.126181019994 2459684.6254861355 591.6606652736664 15.468250438570976 0.0 6.0 0.0 5503466.038622706 472978.73697320855 1.1154545454545453
59684.126852135 2459684.626157316 592.627165094018 16.434750258922577 0.0 6.0 1.0 5580679.806725415 479693.7563124303 1.1154545454545453
59684.127523614996 2459684.62682886 593.5941886156797 17.401773780584335 0.0 6.0 0.0 5501885.13873286 472841.3823559366 1.1154545454545453
59684.128194724995 2459684.6275000335 594.5606783777475 18.36826354265213 0.0 6.0 1.0 5580971.589890858 479704.7743292521 1.1154545454545453
59684.12886620501 2459684.6281715767 595.5277005583048 19.33528572320938 0.0 6.0 0.0 5501733.265975151 472839.4397162841 1.1154545454545453
59684.129537315006 2459684.628842749 596.4941889792681 20.30177414417267 0.0 6.0 1.0 5580310.070260316 479649.0065492358 1.1154545454545453
59684.130208795 2459684.6295142914 597.4612098187208 21.268794983625412 0.0 6.0 0.0 5501496.185495006 472807.8516050384 1.1154545454545453
59684.13087991 2459684.630185468 598.4277042746544 22.235289439558983 0.0 6.0 1.0 5579608.628106641 479600.1538357666 1.1154545454545453
59684.131551390004 2459684.630857009 599.3947231024504 23.202308267354965 0.0 6.0 0.0 5500396.717358794 472710.95550344186 1.1154545454545453
59684.132222504995 2459684.6315281843 600.3612155467272 24.168800711631775 0.0 6.0 1.0 5579786.365901159 479615.9452139381 1.1154545454545453
59684.13289398501 2459684.632199724 601.3282330334187 25.13581819832325 0.0 6.0 0.0 5500869.274527057 472750.80349073774 1.1154545454545453
59684.133565095006 2459684.6328708935 602.2947167605162 26.10230192542076 0.0 6.0 1.0 5579452.483891037 479567.0246296265 1.1154545454545453
59684.134236575 2459684.633542433 603.2617335766554 27.069318741559982 0.0 6.0 0.0 5500681.500763672 472728.5568313812 1.1154545454545453
59684.134907685 2459684.6342136012 604.2282159626484 28.035801127552986 0.0 6.0 1.0 5579154.916004827 479551.0485645495 1.1154545454545453
59684.135579165 2459684.6348851393 605.1952307671309 29.002815932035446 0.0 6.0 0.0 5499843.479502819 472662.9910868225 1.1154545454545453
59684.136250280004 2459684.635556312 606.1617191880941 29.969304352998734 0.0 6.0 1.0 5579107.001284609 479546.810659793 1.1154545454545453
59684.136921765006 2459684.636227854 607.1287400275469 30.936325192451477 0.0 6.0 0.0 5499932.727046229 472673.2086070142 1.1154545454545453
59684.137592875006 2459684.636899021 608.0952204018831 31.90280556678772 0.0 6.0 1.0 5580305.178518882 479643.2046125946 1.1154545454545453
59684.138264355 2459684.6375705577 609.0622331947088 32.86981835961342 0.0 6.0 0.0 5500341.763298366 472713.94252783555 1.1154545454545453
59684.138935465 2459684.638241724 610.0287128984928 33.83629806339741 0.0 6.0 1.0 5579102.304876436 479543.3919752781 1.1154545454545453
59684.139606945 2459684.6389132603 610.9957250207663 34.80331018567085 0.0 6.0 0.0 5499633.28951673 472662.0463055485 1.1154545454545453
59684.140278055 2459684.6395844254 611.9622027128935 35.76978787779808 0.0 6.0 1.0 5577852.446945202 479443.4734818686 1.1154545454545453
59684.140949534994 2459684.6402559616 612.9292148351669 36.736800000071526 0.0 6.0 0.0 5500293.516418718 472700.67354591563 1.1154545454545453
59684.14162065 2459684.6409271313 613.8956992328167 37.70328439772129 0.0 6.0 1.0 5577917.912584272 479446.03413947544 1.1154545454545453
59684.182523615 2459684.6818339904 672.8015763312578 0.0 0.0 7.0 0.0 5481811.6304625515 471132.566283964 1.1154545454545453
59684.183194725 2459684.6825051713 673.7680768221617 0.9665004909038544 0.0 7.0 1.0 5561093.325556574 477996.15383067855 1.1154545454545453
59684.183866205 2459684.683176723 674.7351110726595 1.9335347414016724 0.0 7.0 0.0 5484585.310832385 471371.00437483983 1.1154545454545453
59684.184537315 2459684.683847903 675.7016102224588 2.9000338912010193 0.0 7.0 1.0 5564355.244528199 478285.5389443548 1.1154545454545453
59684.185208794996 2459684.6845194534 676.6686431318521 3.86706680059433 0.0 7.0 0.0 5486096.201073712 471492.21070476336 1.1154545454545453
59684.18587991 2459684.685190638 677.635148987174 4.833572655916214 0.0 7.0 1.0 5564889.2374606095 478318.0243477134 1.1154545454545453
59684.18655139 2459684.685862188 678.6021812260151 5.800604894757271 0.0 7.0 0.0 5485512.235856702 471442.18248531735 1.1154545454545453
59684.187222505 2459684.686533372 679.5686857402325 6.7671094089746475 0.0 7.0 1.0 5566901.424957361 478503.78011781874 1.1154545454545453
59684.187893985 2459684.6872049207 680.5357159674168 7.734139636158943 0.0 7.0 0.0 5488202.14438698 471683.9872222139 1.1154545454545453
59684.188565095 2459684.687876099 681.5022124350071 8.700636103749275 0.0 7.0 1.0 5565165.370098092 478357.98146453244 1.1154545454545453
59684.189236574995 2459684.6885476466 682.4692413210869 9.667664989829063 0.0 7.0 0.0 5488536.525797204 471697.0281136284 1.1154545454545453
59684.189907684995 2459684.689218824 683.4357364475727 10.634160116314888 0.0 7.0 1.0 5566274.326997128 478458.9379931264 1.1154545454545453
59684.190579165006 2459684.6898903707 684.402763992548 11.601187661290169 0.0 7.0 0.0 5488776.903918591 471730.1172143738 1.1154545454545453
59684.19125028 2459684.690561552 685.3692651540041 12.567688822746277 0.0 7.0 1.0 5568171.8160206275 478619.719843408 1.1154545454545453
59684.191921765 2459684.6912331027 686.3362980633974 13.534721732139587 0.0 7.0 0.0 5488970.548259825 471750.2376477094 1.1154545454545453
59684.192592875 2459684.691904278 687.3027905076742 14.501214176416397 0.0 7.0 1.0 5567024.8422225565 478519.8308644116 1.1154545454545453
59684.193264354995 2459684.6925758226 688.2698146998882 15.46823836863041 0.0 7.0 0.0 5488715.649472016 471722.33464051184 1.1154545454545453
59684.193935464995 2459684.693246997 689.2363058030605 16.43472947180271 0.0 7.0 1.0 5568105.5207244875 478615.6108513839 1.1154545454545453
59684.194606945006 2459684.69391854 690.2033279836178 17.401751652359962 0.0 7.0 0.0 5488197.154261628 471680.91704453755 1.1154545454545453
59684.195278055005 2459684.694589713 691.1698170751333 18.368240743875504 0.0 7.0 1.0 5568005.811411274 478594.0450240222 1.1154545454545453
59684.195949535 2459684.695261256 692.1368385851383 19.3352622538805 0.0 7.0 0.0 5487507.19792561 471607.2036294152 1.1154545454545453
59684.19662065 2459684.695932433 693.1033337116241 20.301757380366325 0.0 7.0 1.0 5566836.809749549 478509.27288684255 1.1154545454545453
59684.197292134995 2459684.696603979 694.0703599154949 21.2687835842371 0.0 7.0 0.0 5489134.205750653 471756.14231714484 1.1154545454545453
59684.197963244995 2459684.69727515 695.0368463248014 22.235269993543625 0.0 7.0 1.0 5566915.021629128 478518.0112066888 1.1154545454545453
59684.198634725006 2459684.6979466905 696.0038644820452 23.202288150787354 0.0 7.0 0.0 5489441.77559565 471777.0740838132 1.1154545454545453
59684.199305835005 2459684.69861786 696.9703488796949 24.16877254843712 0.0 7.0 1.0 5568658.27107157 478660.94160648755 1.1154545454545453
59684.199977315 2459684.699289399 697.9373650252819 25.135788694024086 0.0 7.0 0.0 5490601.371606734 471878.1216025904 1.1154545454545453
59684.200648425 2459684.6999605685 698.9038487523794 26.102272421121597 0.0 7.0 1.0 5566685.889530839 478488.44165697775 1.1154545454545453
59684.201319910004 2459684.7006321116 699.8708709329367 27.06929460167885 0.0 7.0 0.0 5490764.921645439 471896.4092852189 1.1154545454545453
59684.20199102 2459684.7013032795 700.8373526483774 28.0357763171196 0.0 7.0 1.0 5567793.831910606 478585.5188324438 1.1154545454545453
59684.202662505006 2459684.7019748227 701.8043748289347 29.00279849767685 0.0 7.0 0.0 5487977.48002737 471650.90617968276 1.1154545454545453
59684.203333615005 2459684.702645989 702.7708545327187 29.96927820146084 0.0 7.0 1.0 5567449.391919897 478557.1431894833 1.1154545454545453
59684.204005095 2459684.7033175263 703.7378679960966 30.93629166483879 0.0 7.0 0.0 5489331.89505748 471770.61523552623 1.1154545454545453
59684.204676205 2459684.7039886927 704.7043476998806 31.90277136862278 0.0 7.0 1.0 5566835.9912904175 478507.507707536 1.1154545454545453
59684.205347685 2459684.704660229 705.671359822154 32.869783490896225 0.0 7.0 0.0 5487646.492488367 471623.75612802245 1.1154545454545453
59684.206018795 2459684.7053313944 706.6378381848335 33.83626185357571 0.0 7.0 1.0 5566434.967336731 478464.70672382234 1.1154545454545453
59684.20669028 2459684.7060029353 707.6048570126295 34.80328068137169 0.0 7.0 0.0 5487887.2224497665 471658.2754381542 1.1154545454545453
59684.20736139 2459684.706674101 708.571335375309 35.76975904405117 0.0 7.0 1.0 5566090.836185284 478445.4414314553 1.1154545454545453
59684.208032875 2459684.707345641 709.5383535325527 36.7367772012949 0.0 7.0 0.0 5488282.414886325 471693.47568286036 1.1154545454545453
59684.208703985 2459684.7080168063 710.50483122468 37.70325489342213 0.0 7.0 1.0 5566660.883246446 478503.06208031345 1.1154545454545453
