# %ECSV 1.0
# ---
# datatype:
# - {name: nspectra, datatype: float64}
# - {name: t_mjd, datatype: float64}
# - {name: numoutliers, datatype: float64}
# - {name: skymedian, datatype: float64}
# - {name: '# nans', datatype: float64}
# schema: astropy-2.0
nspectra t_mjd numoutliers skymedian "# nans"
0.0 59455.203888655 43.0 27.36452865600586 0.0
1.0 59455.20459458 25.0 24.796499252319336 0.0
2.0 59455.205300689995 43.0 29.819955825805664 0.0
3.0 59455.20600662 30.0 25.165210723876953 0.0
4.0 59455.20671273 41.0 30.037569046020508 0.0
5.0 59455.207418655 24.0 22.652008056640625 0.0
6.0 59455.208124765 43.0 27.377944946289062 0.0
7.0 59455.20883069 26.0 24.08514404296875 0.0
8.0 59455.209536805 43.0 29.37155532836914 0.0
9.0 59455.21024273 25.0 25.09395980834961 0.0
10.0 59455.21094884 40.0 28.907970428466797 0.0
11.0 59455.211654765 30.0 25.47711944580078 0.0
12.0 59455.212360875 44.0 27.644575119018555 0.0
13.0 59455.213066805 28.0 22.52444076538086 0.0
14.0 59455.213772915 38.0 28.666444778442383 0.0
15.0 59455.214478840004 25.0 23.68914794921875 0.0
16.0 59455.21518495 41.0 28.43280792236328 0.0
17.0 59455.215890875 25.0 24.383255004882812 0.0
18.0 59455.216596989994 42.0 28.86417007446289 0.0
19.0 59455.217302915 33.0 26.132980346679688 0.0
20.0 59455.218009025004 41.0 29.764270782470703 0.0
21.0 59455.21871495 29.0 23.489049911499023 0.0
22.0 59455.21942106 42.0 27.85824203491211 0.0
23.0 59455.220126989996 26.0 24.85796356201172 0.0
24.0 59455.2208331 38.0 28.926132202148438 0.0
25.0 59455.221539025 25.0 23.777801513671875 0.0
26.0 59455.22224514 40.0 29.29058074951172 0.0
27.0 59455.22295106 28.0 25.353431701660156 0.0
28.0 59455.223657174996 41.0 27.712020874023438 0.0
29.0 59455.2243631 26.0 24.427278518676758 0.0
30.0 59455.225069210006 41.0 24.149494171142578 0.0
31.0 59455.22577514 27.0 25.307132720947266 0.0
32.0 59455.226481245 40.0 32.89740753173828 0.0
33.0 59455.227187175 29.0 25.68948745727539 0.0
34.0 59455.227893285 42.0 27.496797561645508 0.0
35.0 59455.22859921 28.0 25.302913665771484 0.0
36.0 59455.229305325 37.0 30.067535400390625 0.0
37.0 59455.230011245 25.0 24.594087600708008 0.0
38.0 59455.23071736 43.0 26.858795166015625 0.0
39.0 59455.231423285004 29.0 21.554271697998047 0.0
40.0 59455.268981245 38.0 30.94770622253418 0.0
41.0 59455.269687175 29.0 25.53220558166504 0.0
42.0 59455.270393285 38.0 31.70530891418457 0.0
43.0 59455.271099210004 26.0 26.883377075195312 0.0
44.0 59455.271805325 39.0 30.237621307373047 0.0
45.0 59455.272511245 25.0 26.037269592285156 0.0
46.0 59455.273217359994 37.0 27.380374908447266 0.0
47.0 59455.273923285 25.0 23.42700958251953 0.0
48.0 59455.274629395004 40.0 33.07311248779297 0.0
49.0 59455.275335325 26.0 27.767995834350586 0.0
50.0 59455.27604143 38.0 29.021909713745117 0.0
51.0 59455.276747359996 25.0 21.348770141601562 0.0
52.0 59455.27745347 41.0 30.0871524810791 0.0
53.0 59455.278159395 30.0 24.995677947998047 0.0
54.0 59455.27886551 39.0 29.251636505126953 0.0
55.0 59455.27957143 26.0 25.322673797607422 0.0
56.0 59455.280277544996 42.0 28.061046600341797 0.0
57.0 59455.28098347 24.0 23.989185333251953 0.0
58.0 59455.281689580006 39.0 30.414169311523438 0.0
59.0 59455.28239551 23.0 27.6621036529541 0.0
60.0 59455.283101615 39.0 30.592735290527344 0.0
61.0 59455.283807545 27.0 24.456790924072266 0.0
62.0 59455.284513655 40.0 28.938983917236328 0.0
63.0 59455.28521958 26.0 26.36206817626953 0.0
64.0 59455.285925695 38.0 29.18265724182129 0.0
65.0 59455.286631615 29.0 27.68536376953125 0.0
66.0 59455.28733773 41.0 29.43423843383789 0.0
67.0 59455.288043655004 25.0 23.042682647705078 0.0
68.0 59455.288749765 41.0 30.101926803588867 0.0
69.0 59455.289455695 24.0 24.23885726928711 0.0
70.0 59455.2901618 40.0 28.536205291748047 0.0
71.0 59455.29086773 23.0 25.339675903320312 0.0
72.0 59455.29157384 40.0 29.45244789123535 0.0
73.0 59455.292279764995 26.0 23.738605499267578 0.0
74.0 59455.292985880005 40.0 28.095413208007812 0.0
75.0 59455.293691800005 27.0 21.76333236694336 0.0
76.0 59455.294397915 42.0 28.047805786132812 0.0
77.0 59455.29510384 20.0 20.07533073425293 0.0
78.0 59455.295809949996 40.0 29.783926010131836 0.0
79.0 59455.29651588 27.0 26.145254135131836 0.0
80.0 59455.297221985 39.0 27.91083335876465 0.0
81.0 59455.297927915 25.0 24.782716751098633 0.0
82.0 59455.335150135 47.0 29.459810256958008 0.0
83.0 59455.33585625 24.0 25.15184783935547 0.0
84.0 59455.33656217 40.0 25.556015014648438 0.0
85.0 59455.337268285 31.0 26.291973114013672 0.0
86.0 59455.33797421 43.0 28.173818588256836 0.0
87.0 59455.33868032 26.0 21.4216251373291 0.0
88.0 59455.339386249994 40.0 30.055870056152344 0.0
89.0 59455.340092355 25.0 26.95194435119629 0.0
90.0 59455.340798285004 41.0 30.484580993652344 0.0
91.0 59455.341504395 27.0 21.955791473388672 0.0
92.0 59455.34221032 39.0 28.85125732421875 0.0
93.0 59455.342916435 27.0 24.63945198059082 0.0
94.0 59455.343622355 41.0 31.51065444946289 0.0
95.0 59455.344328470004 27.0 24.16101837158203 0.0
96.0 59455.345034394995 38.0 29.625221252441406 0.0
97.0 59455.345740505 23.0 25.228199005126953 0.0
98.0 59455.346446434996 41.0 28.96262550354004 0.0
99.0 59455.347152539995 27.0 22.10880470275879 0.0
100.0 59455.347858470006 38.0 29.092273712158203 0.0
101.0 59455.34856458 32.0 22.20827865600586 0.0
102.0 59455.349270505 39.0 29.753894805908203 0.0
103.0 59455.34997662 30.0 23.624221801757812 0.0
104.0 59455.350682539996 40.0 28.765670776367188 0.0
105.0 59455.351388655 28.0 22.265134811401367 0.0
106.0 59455.35209458 39.0 29.061424255371094 0.0
107.0 59455.35280069 26.0 25.179855346679688 0.0
108.0 59455.35350662 43.0 34.2156982421875 0.0
109.0 59455.35421273 26.0 25.188257217407227 0.0
110.0 59455.354918655 42.0 30.495380401611328 0.0
111.0 59455.355624765 29.0 22.966793060302734 0.0
112.0 59455.35633069 41.0 29.357635498046875 0.0
113.0 59455.357036805 24.0 24.692724227905273 0.0
114.0 59455.35774273 38.0 28.81985092163086 0.0
115.0 59455.358448839994 28.0 20.63021469116211 0.0
116.0 59455.359154765 39.0 30.077266693115234 0.0
117.0 59455.359860875 25.0 21.737585067749023 0.0
118.0 59455.360566805 43.0 31.551345825195312 0.0
119.0 59455.361272915005 28.0 23.981847763061523 0.0
120.0 59455.361978839996 36.0 25.149593353271484 0.0
121.0 59455.36268495 27.0 25.740171432495117 0.0
122.0 59455.363390875 37.0 30.911731719970703 0.0
123.0 59455.36409699 26.0 22.42771339416504 0.0
124.0 59455.40133069 37.0 28.775959014892578 0.0
125.0 59455.402036805 30.0 26.41743278503418 0.0
126.0 59455.40274273 37.0 28.745105743408203 0.0
127.0 59455.40344884 26.0 22.237281799316406 0.0
128.0 59455.404154765 40.0 28.707794189453125 0.0
129.0 59455.404860875 25.0 25.752761840820312 0.0
130.0 59455.405566805 38.0 27.27787971496582 0.0
131.0 59455.406272915 23.0 24.453826904296875 0.0
132.0 59455.406978839994 38.0 33.907806396484375 0.0
133.0 59455.40768495 26.0 25.00271224975586 0.0
134.0 59455.408390875 38.0 29.150463104248047 0.0
135.0 59455.40909699 29.0 26.570762634277344 0.0
136.0 59455.409802915005 35.0 31.063379287719727 0.0
137.0 59455.410509025 26.0 21.911470413208008 0.0
138.0 59455.41121495 37.0 29.28182029724121 0.0
139.0 59455.411921060004 26.0 27.10881805419922 0.0
140.0 59455.41262699 38.0 30.217761993408203 0.0
141.0 59455.4133331 26.0 27.89886474609375 0.0
142.0 59455.414039024996 38.0 27.217533111572266 0.0
143.0 59455.414745140006 28.0 24.654434204101562 0.0
144.0 59455.415451060006 35.0 29.170394897460938 0.0
145.0 59455.416157175 30.0 24.066307067871094 0.0
146.0 59455.4168631 39.0 31.528663635253906 0.0
147.0 59455.417569209996 27.0 23.70844268798828 0.0
148.0 59455.41827514 38.0 30.878149032592773 0.0
149.0 59455.418981245 31.0 21.856168746948242 0.0
150.0 59455.419687175 37.0 29.574705123901367 0.0
151.0 59455.420393285 25.0 22.220855712890625 0.0
152.0 59455.42109921 38.0 35.757843017578125 0.0
153.0 59455.421805325 25.0 22.980358123779297 0.0
154.0 59455.422511245 42.0 25.892732620239258 0.0
155.0 59455.42321736 25.0 24.53059959411621 0.0
156.0 59455.423923285 37.0 29.805885314941406 0.0
157.0 59455.424629395 25.0 24.401914596557617 0.0
158.0 59455.425335325 40.0 26.923664093017578 0.0
159.0 59455.42604143 26.0 24.128847122192383 0.0
160.0 59455.426747360005 42.0 32.27583312988281 0.0
161.0 59455.42745347 29.0 23.734989166259766 0.0
162.0 59455.428159395 40.0 30.484853744506836 0.0
163.0 59455.428865509995 29.0 24.123136520385742 0.0
164.0 59455.429571429995 40.0 29.36035919189453 0.0
165.0 59455.430277545 33.0 21.730937957763672 0.0
166.0 59455.467488099996 39.0 29.677902221679688 0.0
167.0 59455.46819421 26.0 26.945606231689453 0.0
168.0 59455.468900135 43.0 31.202369689941406 0.0
169.0 59455.46960625 28.0 26.139738082885742 0.0
170.0 59455.47031217 37.0 31.269084930419922 0.0
171.0 59455.471018284996 24.0 23.95426368713379 0.0
172.0 59455.47172421 41.0 28.911161422729492 0.0
173.0 59455.472430320006 29.0 25.265827178955078 0.0
174.0 59455.47313625 39.0 31.315168380737305 0.0
175.0 59455.473842355 22.0 26.091827392578125 0.0
176.0 59455.474548285 38.0 33.50044250488281 0.0
177.0 59455.475254395 25.0 24.62427520751953 0.0
178.0 59455.47596032 39.0 30.156871795654297 0.0
179.0 59455.476666435 25.0 24.31964683532715 0.0
180.0 59455.477372355 38.0 28.82294464111328 0.0
181.0 59455.47807847 25.0 22.60009002685547 0.0
182.0 59455.478784395 37.0 31.42276382446289 0.0
183.0 59455.479490505 25.0 24.71593475341797 0.0
184.0 59455.480196435004 38.0 29.618335723876953 0.0
185.0 59455.48090254 25.0 22.684741973876953 0.0
186.0 59455.48160847 41.0 30.105995178222656 0.0
187.0 59455.482314580004 27.0 23.62745475769043 0.0
188.0 59455.483020505 38.0 31.537616729736328 0.0
189.0 59455.483726620005 28.0 20.382585525512695 0.0
190.0 59455.484432540004 37.0 28.340930938720703 0.0
191.0 59455.485138655 26.0 23.757675170898438 0.0
192.0 59455.48584458 37.0 26.983592987060547 0.0
193.0 59455.486550689995 29.0 22.766698837280273 0.0
194.0 59455.48725662 41.0 29.230722427368164 0.0
195.0 59455.48796273 30.0 24.521442413330078 0.0
196.0 59455.488668655 39.0 31.00223731994629 0.0
197.0 59455.489374765 22.0 24.562129974365234 0.0
198.0 59455.49008069 37.0 29.210290908813477 0.0
199.0 59455.490786805 27.0 19.86666488647461 0.0
200.0 59455.49149273 39.0 27.684537887573242 0.0
201.0 59455.49219884 25.0 25.154563903808594 0.0
202.0 59455.492904765 40.0 29.801727294921875 0.0
203.0 59455.493610875 23.0 27.283952713012695 0.0
204.0 59455.494316805 35.0 28.52349281311035 0.0
205.0 59455.495022915 27.0 25.75151824951172 0.0
206.0 59455.495728840004 42.0 28.884754180908203 0.0
207.0 59455.49643495 29.0 25.201078414916992 0.0
208.0 59455.533657175 38.0 32.98402404785156 0.0
209.0 59455.534363285 29.0 26.955921173095703 0.0
210.0 59455.535069210004 38.0 31.082813262939453 0.0
211.0 59455.535775325 26.0 25.44777488708496 0.0
212.0 59455.536481245 39.0 31.66824722290039 0.0
213.0 59455.537187359994 26.0 25.367307662963867 0.0
214.0 59455.537893285 37.0 27.23779296875 0.0
215.0 59455.538599395004 28.0 24.244367599487305 0.0
216.0 59455.539305325 35.0 32.16057586669922 0.0
217.0 59455.54001143 28.0 24.373167037963867 0.0
218.0 59455.540717359996 43.0 27.077821731567383 0.0
219.0 59455.54142347 26.0 23.2880859375 0.0
220.0 59455.542129395 38.0 29.376041412353516 0.0
221.0 59455.54283551 27.0 21.559017181396484 0.0
222.0 59455.54354143 43.0 26.664684295654297 0.0
223.0 59455.544247544996 32.0 26.265872955322266 0.0
224.0 59455.54495347 38.0 27.869352340698242 0.0
225.0 59455.545659580006 28.0 24.718231201171875 0.0
226.0 59455.54636551 41.0 30.11764907836914 0.0
227.0 59455.547071615 27.0 24.176790237426758 0.0
228.0 59455.547777545 38.0 28.4577693939209 0.0
229.0 59455.548483655 28.0 25.39008140563965 0.0
230.0 59455.54918958 40.0 31.314899444580078 0.0
231.0 59455.549895695 30.0 23.136430740356445 0.0
232.0 59455.550601615 36.0 30.62472152709961 0.0
233.0 59455.55130773 24.0 22.988903045654297 0.0
234.0 59455.552013655004 40.0 28.64208221435547 0.0
235.0 59455.552719765 28.0 22.59991455078125 0.0
236.0 59455.553425695 39.0 28.492176055908203 0.0
237.0 59455.5541318 32.0 27.299970626831055 0.0
238.0 59455.55483773 41.0 28.830856323242188 0.0
239.0 59455.55554384 27.0 26.63515853881836 0.0
240.0 59455.556249764995 40.0 29.914764404296875 0.0
241.0 59455.556955880005 25.0 23.10301971435547 0.0
242.0 59455.557661800005 43.0 28.554594039916992 0.0
243.0 59455.558367915 25.0 21.767093658447266 0.0
244.0 59455.55907384 37.0 28.833829879760742 0.0
245.0 59455.559779949996 24.0 23.99303436279297 0.0
246.0 59455.56048588 39.0 28.25363540649414 0.0
247.0 59455.561191985 28.0 22.118328094482422 0.0
248.0 59455.561897915 41.0 32.49584197998047 0.0
249.0 59455.562604025 26.0 25.31151580810547 0.0
250.0 59455.600555325 40.0 32.56255340576172 0.0
251.0 59455.60126143 25.0 27.907791137695312 0.0
252.0 59455.601967359995 40.0 31.722759246826172 0.0
253.0 59455.60267347 29.0 26.442480087280273 0.0
254.0 59455.603379395005 40.0 31.111804962158203 0.0
255.0 59455.60408551 30.0 24.862808227539062 0.0
256.0 59455.60479143 36.0 30.227825164794922 0.0
257.0 59455.605497545 29.0 24.97869873046875 0.0
258.0 59455.60620347 37.0 31.782508850097656 0.0
259.0 59455.606909580005 27.0 24.822071075439453 0.0
260.0 59455.60761551 37.0 27.59408187866211 0.0
261.0 59455.608321615 29.0 24.74407958984375 0.0
262.0 59455.609027545 43.0 29.32232666015625 0.0
263.0 59455.60973347 28.0 27.37358283996582 0.0
264.0 59455.61043958 38.0 31.44974708557129 0.0
265.0 59455.611145695 28.0 23.156980514526367 0.0
266.0 59455.611851615 41.0 29.828893661499023 0.0
267.0 59455.612557545 23.0 21.437118530273438 0.0
268.0 59455.613263655 41.0 32.256107330322266 0.0
269.0 59455.613969765 29.0 22.802427291870117 0.0
270.0 59455.614675695004 34.0 28.849597930908203 0.0
271.0 59455.6153818 24.0 24.834999084472656 0.0
272.0 59455.61608773 37.0 28.972280502319336 0.0
273.0 59455.61679384 23.0 24.494449615478516 0.0
274.0 59455.617499765 39.0 27.8802547454834 0.0
275.0 59455.618205880004 26.0 23.181991577148438 0.0
276.0 59455.618911800004 42.0 28.938034057617188 0.0
277.0 59455.619617915 24.0 24.863788604736328 0.0
278.0 59455.62032384 43.0 29.327402114868164 0.0
279.0 59455.621029949994 26.0 23.728023529052734 0.0
280.0 59455.621735880006 40.0 28.817428588867188 0.0
281.0 59455.622441985004 23.0 24.55545997619629 0.0
282.0 59455.623147915 38.0 29.904766082763672 0.0
283.0 59455.62385384 27.0 26.47276496887207 0.0
284.0 59455.624559949996 37.0 28.96710777282715 0.0
285.0 59455.625266065 27.0 24.018096923828125 0.0
286.0 59455.625971985 41.0 32.34668731689453 0.0
287.0 59455.626677915 28.0 23.977108001708984 0.0
288.0 59455.627384025 38.0 30.099735260009766 0.0
289.0 59455.628090135 25.0 24.981998443603516 0.0
290.0 59455.670902540005 43.0 31.18199348449707 0.0
291.0 59455.671608655 26.0 24.754215240478516 0.0
292.0 59455.67231458 43.0 29.84772300720215 0.0
293.0 59455.673020505 24.0 26.951702117919922 0.0
294.0 59455.67372662 41.0 29.02882957458496 0.0
295.0 59455.67443273 28.0 27.504859924316406 0.0
296.0 59455.675138655 37.0 26.243549346923828 0.0
297.0 59455.675844765 33.0 25.447410583496094 0.0
298.0 59455.67655069 36.0 27.78715705871582 0.0
299.0 59455.677256805 26.0 26.02291488647461 0.0
300.0 59455.67796273 36.0 29.684757232666016 0.0
301.0 59455.678668655004 27.0 22.677738189697266 0.0
302.0 59455.679374765 42.0 26.74532127380371 0.0
303.0 59455.680080875 27.0 25.132587432861328 0.0
304.0 59455.680786805 43.0 30.524202346801758 0.0
305.0 59455.681492915 26.0 23.24884796142578 0.0
306.0 59455.682198840004 41.0 30.326587677001953 0.0
307.0 59455.68290495 31.0 21.3018798828125 0.0
308.0 59455.683610875 39.0 27.225034713745117 0.0
309.0 59455.684316804996 30.0 22.937192916870117 0.0
310.0 59455.685022915 43.0 30.352001190185547 0.0
311.0 59455.685729025005 26.0 23.537567138671875 0.0
312.0 59455.68643495 39.0 30.459888458251953 0.0
313.0 59455.687140875 27.0 24.790647506713867 0.0
314.0 59455.68784699 39.0 29.802766799926758 0.0
315.0 59455.6885531 28.0 23.32286834716797 0.0
316.0 59455.689259025 40.0 29.37802505493164 0.0
317.0 59455.68996495 24.0 21.95325469970703 0.0
318.0 59455.69067106 43.0 28.503917694091797 0.0
319.0 59455.691377175 29.0 24.947834014892578 0.0
320.0 59455.6920831 41.0 29.627708435058594 0.0
321.0 59455.692789025 24.0 24.087669372558594 0.0
322.0 59455.69349514 39.0 29.185443878173828 0.0
323.0 59455.694201245 27.0 23.718597412109375 0.0
