# %ECSV 1.0
# ---
# datatype:
# - {name: t_mjd, datatype: float64}
# - {name: t_bjd, datatype: float64}
# - {name: t_visit, datatype: float64}
# - {name: t_orbit, datatype: float64}
# - {name: ivisit, datatype: float64}
# - {name: iorbit, datatype: float64}
# - {name: scan, datatype: float64}
# - {name: spec_opt, datatype: float64}
# - {name: var_opt, datatype: float64}
# - {name: spec_box, datatype: float64}
# - {name: var_box, datatype: float64}
# schema: astropy-2.0
t_mjd t_bjd t_visit t_orbit ivisit iorbit scan spec_opt var_opt spec_box var_box
59455.203888655 2459455.7091161143 1.4178257435560226 1.4178257435560226 0.0 0.0 0.0 656265934.777832 672243530.9960938 655811453.6044922 674835834.2421875
59455.20459458 2459455.7098220186 2.4343279749155045 2.4343279749155045 0.0 0.0 1.0 661321045.6572266 677292572.7734375 660828856.2231445 679898128.15625
59455.205300689995 2459455.7105281074 3.4510957449674606 3.4510957449674606 0.0 0.0 0.0 660762510.9174805 676753074.3710938 660301715.543457 679336721.8242188
59455.20600662 2459455.7112340154 4.467603340744972 4.467603340744972 0.0 0.0 1.0 663715241.7285156 679732594.28125 663200225.9370117 682303846.3945312
59455.20671273 2459455.7119401037 5.484370440244675 5.484370440244675 0.0 0.0 0.0 662523495.3964844 678482120.5625 662035487.4970703 681022521.3320312
59455.207418655 2459455.712646005 6.500868648290634 6.500868648290634 0.0 0.0 1.0 664836474.0761719 680851400.6523438 664332972.1381836 683433373.4492188
59455.208124765 2459455.713352092 7.517633736133575 7.517633736133575 0.0 0.0 0.0 663464694.7797852 679471292.0625 662975452.7788086 682009238.6523438
59455.20883069 2459455.7140579927 8.534130603075027 8.534130603075027 0.0 0.0 1.0 665417910.1875 681458466.0585938 664905826.5292969 684032182.1796875
59455.209536805 2459455.7147640823 9.550899714231491 9.550899714231491 0.0 0.0 0.0 663914754.640625 679860795.4960938 663431776.8549805 682400626.2578125
59455.21024273 2459455.715469982 10.567395240068436 10.567395240068436 0.0 0.0 1.0 665754420.8916016 681779449.6640625 665230181.3183594 684364799.3671875
59455.21094884 2459455.716176065 11.584154963493347 11.584154963493347 0.0 0.0 0.0 664322923.8779297 680302733.4921875 663841042.7524414 682852280.1445312
59455.211654765 2459455.716881963 12.600647807121277 12.600647807121277 0.0 0.0 1.0 665994446.8344727 682076794.2382812 665460797.824707 684637989.7851562
59455.212360875 2459455.7175880447 13.617405518889427 13.617405518889427 0.0 0.0 0.0 664458505.5742188 680447856.8671875 663965997.1308594 683006585.265625
59455.213066805 2459455.7182939453 14.63390238583088 14.63390238583088 0.0 0.0 1.0 666189269.934082 682206820.8046875 665657733.6049805 684756835.3476562
59455.213772915 2459455.7190000247 15.650656744837761 15.650656744837761 0.0 0.0 0.0 664649614.5209961 680624190.5273438 664178006.0732422 683197918.4414062
59455.214478840004 2459455.719705919 16.66714422404766 16.66714422404766 0.0 0.0 1.0 666229211.9926758 682238458.6796875 665718236.8735352 684813376.3125
59455.21518495 2459455.7204119964 17.683895900845528 17.683895900845528 0.0 0.0 0.0 664696249.6738281 680655208.4960938 664217179.8007812 683218034.9414062
59455.215890875 2459455.721117888 18.70038002729416 18.70038002729416 0.0 0.0 1.0 666327712.7729492 682346464.1992188 665803447.6577148 684929041.484375
59455.216596989994 2459455.721823969 19.717136397957802 19.717136397957802 0.0 0.0 0.0 664832785.8105469 680821175.6640625 664346937.3349609 683373962.828125
59455.217302915 2459455.722529859 20.733617842197418 20.733617842197418 0.0 0.0 1.0 666280185.7900391 682312930.2929688 665769873.1425781 684910843.7695312
59455.218009025004 2459455.723235932 21.750363484025 21.750363484025 0.0 0.0 0.0 664756605.8339844 680718263.40625 664287245.9013672 683304665.0703125
59455.21871495 2459455.7239418197 22.76684157550335 22.76684157550335 0.0 0.0 1.0 666439783.5527344 682470677.171875 665906058.9614258 685023925.0625
59455.21942106 2459455.7246478912 23.783584535121918 23.783584535121918 0.0 0.0 0.0 664894726.0268555 680858690.4296875 664416233.5625 683416006.0390625
59455.220126989996 2459455.725353782 24.80006732046604 24.80006732046604 0.0 0.0 1.0 666323825.3608398 682301327.9257812 665799324.8720703 684877590.109375
59455.2208331 2459455.7260598517 25.816807597875595 25.816807597875595 0.0 0.0 0.0 664784761.2700195 680759538.40625 664314241.3745117 683350865.078125
59455.221539025 2459455.7267657355 26.833280324935913 26.833280324935913 0.0 0.0 1.0 666229421.0605469 682247041.0703125 665757470.9155273 684884493.921875
59455.22224514 2459455.727471808 27.85002462565899 27.85002462565899 0.0 0.0 0.0 664850719.8334961 680806691.8359375 664382193.4541016 683371616.1601562
59455.22295106 2459455.728177685 28.8664872944355 28.8664872944355 0.0 0.0 1.0 666309547.5966797 682330780.0 665775340.1533203 684909834.2851562
59455.223657174996 2459455.728883756 29.883229583501816 29.883229583501816 0.0 0.0 0.0 664854837.4472656 680811077.9492188 664371672.0292969 683371928.9570312
59455.2243631 2459455.729589636 30.899696946144104 30.899696946144104 0.0 0.0 1.0 666250664.6064453 682292117.21875 665730593.434082 684907511.3710938
59455.225069210006 2459455.7302957005 31.916429847478867 31.916429847478867 0.0 0.0 0.0 664832689.6855469 680815183.0742188 664412922.1044922 683433102.3398438
59455.22577514 2459455.731001584 32.93290190398693 32.93290190398693 0.0 0.0 1.0 666352976.3842773 682422056.2304688 665821937.9760742 684973114.4960938
59455.226481245 2459455.731707642 33.94962541759014 33.94962541759014 0.0 0.0 0.0 664797163.9282227 680740166.8632812 664329924.1416016 683330519.0273438
59455.227187175 2459455.7324135243 34.9660961329937 34.9660961329937 0.0 0.0 1.0 666165574.7485352 682163716.7382812 665636168.3735352 684732418.7460938
59455.227893285 2459455.733119586 35.98282501101494 35.98282501101494 0.0 0.0 0.0 664760356.5126953 680768239.7851562 664272115.3227539 683342378.546875
59455.22859921 2459455.7338254624 36.9992870092392 36.9992870092392 0.0 0.0 1.0 666145061.2246094 682161499.5195312 665624742.6074219 684754056.0859375
59455.229305325 2459455.7345315283 38.01602192223072 38.01602192223072 0.0 0.0 0.0 664703626.1582031 680681822.4296875 664236632.9155273 683284467.4609375
59455.230011245 2459455.735237399 39.032475873827934 39.032475873827934 0.0 0.0 1.0 666165101.6000977 682165882.53125 665649605.5224609 684758255.0507812
59455.23071736 2459455.735943464 40.04920944571495 40.04920944571495 0.0 0.0 0.0 664725111.2314453 680704961.7617188 664242441.2758789 683269102.8085938
59455.231423285004 2459455.7366493386 41.065668761730194 41.065668761730194 0.0 0.0 1.0 666136292.3486328 682145366.8125 665617520.5390625 684729988.7460938
59455.268981245 2459455.7742054434 95.14645971357822 0.0 0.0 1.0 0.0 663188450.3447266 679152854.5664062 662732045.4365234 681744779.84375
59455.269687175 2459455.774911353 96.1629693210125 1.0165096074342728 0.0 1.0 1.0 664043362.465332 680047168.515625 663509578.0102539 682618620.3945312
59455.270393285 2459455.7756174426 97.17973843216896 2.0332787185907364 0.0 1.0 0.0 663650208.2729492 679603724.3710938 663178594.2558594 682178175.7265625
59455.271099210004 2459455.776323346 98.19623932242393 3.0497796088457108 0.0 1.0 1.0 664165712.2495117 680158267.8515625 663638770.1142578 682679310.1054688
59455.271805325 2459455.77702944 99.21301446855068 4.066554754972458 0.0 1.0 0.0 663855393.7680664 679826316.3398438 663366491.5893555 682385267.3671875
59455.272511245 2459455.777735338 100.22950798273087 5.083048269152641 0.0 1.0 1.0 664242562.7001953 680263729.9570312 663719749.6069336 682862429.2265625
59455.273217359994 2459455.77844143 101.2462804466486 6.0998207330703735 0.0 1.0 0.0 664024526.0478516 679999260.3320312 663553498.4394531 682551495.4179688
59455.273923285 2459455.7791473316 102.26277865469456 7.116318941116333 0.0 1.0 1.0 664366677.8862305 680383486.4140625 663851330.862793 682967631.40625
59455.274629395004 2459455.779853418 103.27954307198524 8.13308335840702 0.0 1.0 0.0 664026584.6171875 679995019.5742188 663534516.9956055 682597559.1796875
59455.275335325 2459455.7805593233 104.29604664444923 9.14958693087101 0.0 1.0 1.0 664246560.9199219 680148428.421875 663737292.3208008 682692860.5195312
59455.27604143 2459455.7812654027 105.31280100345612 10.166341289877892 0.0 1.0 0.0 663989799.4624023 679984470.6484375 663515026.6235352 682549656.71875
59455.276747359996 2459455.7819713065 106.32930256426334 11.18284285068512 0.0 1.0 1.0 664355047.402832 680348105.2734375 663832297.5869141 682867422.2070312
59455.27745347 2459455.7826773897 107.34606228768826 12.199602574110031 0.0 1.0 0.0 664047026.4873047 680001068.6601562 663557363.5053711 682556273.6328125
59455.278159395 2459455.7833832866 108.36255379021168 13.216094076633453 0.0 1.0 1.0 664364924.2163086 680433825.078125 663843927.2275391 683040237.2460938
59455.27886551 2459455.784089373 109.37931820750237 14.232858493924141 0.0 1.0 0.0 664061341.7460938 680059913.4296875 663576340.4960938 682615021.515625
59455.27957143 2459455.784795263 110.39579965174198 15.249339938163757 0.0 1.0 1.0 664278996.1274414 680235427.6835938 663762196.6196289 682775572.78125
59455.280277544996 2459455.7855013474 111.41256138682365 16.26610167324543 0.0 1.0 0.0 664067034.3457031 680088634.765625 663569374.4614258 682700985.3203125
59455.28098347 2459455.78620724 112.4290468543768 17.28258714079857 0.0 1.0 1.0 664309086.4785156 680261852.3164062 663804701.6777344 682799898.9453125
59455.281689580006 2459455.7869133176 113.44579853117466 18.299338817596436 0.0 1.0 0.0 663885788.4331055 679901785.0273438 663402356.2797852 682550895.0039062
59455.28239551 2459455.7876192136 114.46228869259357 19.31582897901535 0.0 1.0 1.0 664149114.5957031 680134586.7578125 663624979.4975586 682681832.3515625
59455.283101615 2459455.7883252837 115.47902964055538 20.332569926977158 0.0 1.0 0.0 663989548.2358398 679952759.4492188 663506030.6845703 682516746.5078125
59455.283807545 2459455.7890311778 116.49551711976528 21.349057406187057 0.0 1.0 1.0 664171191.8017578 680126622.3046875 663648504.4116211 682657804.9765625
59455.284513655 2459455.789737251 117.51226276159286 22.36580304801464 0.0 1.0 0.0 663916043.5083008 679935159.8671875 663431970.7216797 682581509.40625
59455.28521958 2459455.790443138 118.52874018251896 23.382280468940735 0.0 1.0 1.0 664234646.9057617 680206446.6484375 663707552.4487305 682738823.2304688
59455.285925695 2459455.7911492144 119.54548984766006 24.39903013408184 0.0 1.0 0.0 663931847.8349609 679915283.0625 663454538.7905273 682468982.2382812
59455.286631615 2459455.791855094 120.5619565397501 25.415496826171875 0.0 1.0 1.0 664098175.2138672 680130340.2304688 663572339.4296875 682685764.546875
59455.28733773 2459455.792561169 121.57870419323444 26.43224447965622 0.0 1.0 0.0 663889202.8681641 679929289.5898438 663407492.5737305 682563692.890625
59455.288043655004 2459455.7932670517 122.59517557919025 27.44871586561203 0.0 1.0 1.0 664188089.440918 680169925.4609375 663670230.8461914 682744969.3984375
59455.288749765 2459455.793973119 123.61191250383854 28.465452790260315 0.0 1.0 0.0 663823597.7333984 679811443.0390625 663324179.6005859 682426769.9296875
59455.289455695 2459455.794679005 124.62838858366013 29.4819288700819 0.0 1.0 1.0 663977382.5576172 679904658.84375 663460730.3984375 682458336.0273438
59455.2901618 2459455.795385066 125.64511612057686 30.498656406998634 0.0 1.0 0.0 663737409.8178711 679726899.9492188 663266644.0556641 682318584.9570312
59455.29086773 2459455.7960909507 126.66159018874168 31.51513047516346 0.0 1.0 1.0 664016975.418457 680030807.8203125 663496931.078125 682628706.0625
59455.29157384 2459455.796797015 127.67832241952419 32.53186270594597 0.0 1.0 0.0 663741019.8706055 679687733.6015625 663239905.4458008 682228364.8632812
59455.292279764995 2459455.797502893 128.69478709995747 33.54832738637924 0.0 1.0 1.0 663984035.7280273 679930344.1171875 663465507.7055664 682460507.40625
59455.292985880005 2459455.7982089603 129.71152402460575 34.56506431102753 0.0 1.0 0.0 663729155.8154297 679732400.171875 663241304.4462891 682298045.7617188
59455.293691800005 2459455.7989148325 130.72797998785973 35.5815202742815 0.0 1.0 1.0 664010141.5288086 680007054.203125 663499078.1157227 682607849.1914062
59455.294397915 2459455.799620899 131.7447155714035 36.59825585782528 0.0 1.0 0.0 663680602.2866211 679673871.8984375 663196062.4199219 682239141.2460938
59455.29510384 2459455.8003267753 132.76117756962776 37.61471785604954 0.0 1.0 1.0 663931463.065918 679888159.3164062 663418821.4316406 682427323.9960938
59455.295809949996 2459455.801032836 133.7779051065445 38.63144539296627 0.0 1.0 0.0 663610401.043457 679631102.4921875 663131622.0571289 682211324.4414062
59455.29651588 2459455.801738716 134.79437246918678 39.64791275560856 0.0 1.0 1.0 663846242.2792969 679844392.3398438 663307537.6069336 682431223.8632812
59455.297221985 2459455.802444771 135.81109128892422 40.66463157534599 0.0 1.0 0.0 663582839.6630859 679516006.2148438 663107893.387207 682071697.203125
59455.297927915 2459455.8031506506 136.82755798101425 41.68109826743603 0.0 1.0 1.0 663876673.440918 679884532.2734375 663344955.7216797 682418600.953125
59455.335150135 2459455.840371036 190.42491294443607 0.0 0.0 2.0 0.0 661530592.8989258 677407126.1210938 661059861.5073242 679902751.8867188
59455.33585625 2459455.8410771303 191.44168876111507 1.0167758166790009 0.0 2.0 1.0 662699271.5917969 678667721.9375 662184842.362793 681137613.625
59455.33656217 2459455.8417830295 192.45818361639977 2.0332706719636917 0.0 2.0 0.0 661916635.7651367 677887536.1757812 661441006.0605469 680394660.9335938
59455.337268285 2459455.8424891233 193.4749587625265 3.050045818090439 0.0 2.0 1.0 662856273.484375 678765126.0898438 662347362.6606445 681234518.5742188
59455.33797421 2459455.8431950263 194.49145898222923 4.0665460377931595 0.0 2.0 0.0 661986913.03125 677868052.8554688 661493235.3984375 680370588.1328125
59455.33868032 2459455.843901114 195.50822541117668 5.083312466740608 0.0 2.0 1.0 662987383.1425781 678894993.125 662473403.6582031 681360780.3710938
59455.339386249994 2459455.8446070217 196.52473233640194 6.099819391965866 0.0 2.0 0.0 661965184.0717773 677857464.5234375 661490103.597168 680391567.6015625
59455.340092355 2459455.8453131034 197.5414900481701 7.116577103734016 0.0 2.0 1.0 662875725.1630859 678802256.6328125 662372814.184082 681314798.6640625
59455.340798285004 2459455.846019009 198.55799429118633 8.13308134675026 0.0 2.0 0.0 662120840.7119141 678057692.640625 661637982.9345703 680565231.4296875
59455.341504395 2459455.8467250946 199.5747573673725 9.14984442293644 0.0 2.0 1.0 662962605.859375 678894768.296875 662434978.8242188 681368479.1875
59455.34221032 2459455.847430994 200.5912522226572 10.16633927822113 0.0 2.0 0.0 662113961.7958984 678121432.03125 661644542.4902344 680663975.4296875
59455.342916435 2459455.848137083 201.6080206632614 11.18310771882534 0.0 2.0 1.0 663040593.7783203 678986396.2304688 662519910.9853516 681465994.9648438
59455.343622355 2459455.848842975 202.6245054602623 12.199592515826225 0.0 2.0 0.0 662205817.0615234 678152060.1914062 661730721.1186523 680661066.1914062
59455.344328470004 2459455.8495490626 203.6412712186575 13.21635827422142 0.0 2.0 1.0 663041478.3691406 678985666.9140625 662524530.0136719 681452040.2539062
59455.345034394995 2459455.8502549585 204.6577613800764 14.232848435640335 0.0 2.0 0.0 662186715.6625977 678131177.4023438 661726673.7026367 680665313.0546875
59455.345740505 2459455.850961039 205.6745170801878 15.249604135751724 0.0 2.0 1.0 662997335.4970703 678940727.4296875 662484244.8608398 681423757.8554688
59455.346446434996 2459455.8516669376 206.69101126492023 16.26609832048416 0.0 2.0 0.0 662103453.2382812 678003593.484375 661627308.2358398 680532318.8125
59455.347152539995 2459455.852373011 207.70775690674782 17.282843962311745 0.0 2.0 1.0 663000961.7973633 678954564.875 662471778.9667969 681419099.0429688
59455.347858470006 2459455.853078908 208.72424840927124 18.299335464835167 0.0 2.0 0.0 662077430.4428711 678010958.8671875 661609471.7631836 680543848.8164062
59455.34856458 2459455.8537849844 209.7409987449646 19.316085800528526 0.0 2.0 1.0 662932598.0795898 678866853.515625 662408409.9350586 681340299.0117188
59455.349270505 2459455.8544908743 210.75748018920422 20.332567244768143 0.0 2.0 0.0 662034054.3554688 677957787.8710938 661565007.8383789 680487245.4921875
59455.34997662 2459455.8551969533 211.77423387765884 21.34932093322277 0.0 2.0 1.0 662853525.8291016 678784491.5820312 662320002.1958008 681248883.703125
59455.350682539996 2459455.855902836 212.79070526361465 22.36579231917858 0.0 2.0 0.0 662003980.0419922 677939574.2773438 661528782.8056641 680477040.8242188
59455.351388655 2459455.8566089137 213.80745694041252 23.382543995976448 0.0 2.0 1.0 662899011.0556641 678840966.1171875 662377120.1142578 681308474.4179688
59455.35209458 2459455.8573147994 214.82393234968185 24.39901940524578 0.0 2.0 0.0 661984731.3496094 677881367.5546875 661504067.2226562 680410881.5234375
59455.35280069 2459455.8580208695 215.84067329764366 25.415760353207588 0.0 2.0 1.0 662867894.2109375 678804468.2109375 662333383.8149414 681266542.6601562
59455.35350662 2459455.8587267585 216.85715340077877 26.432240456342697 0.0 2.0 0.0 661883188.8959961 677769589.0117188 661406316.0205078 680314104.3320312
59455.35421273 2459455.8594328267 217.87389166653156 27.44897872209549 0.0 2.0 1.0 662826308.5478516 678743183.3984375 662319233.3325195 681230450.9882812
59455.354918655 2459455.8601387087 218.89036171138287 28.465448766946793 0.0 2.0 0.0 661881755.996582 677808771.3671875 661392517.8696289 680340716.8632812
59455.355624765 2459455.8608447756 219.9070979654789 29.482185021042824 0.0 2.0 1.0 662762388.7973633 678749498.9257812 662244225.1748047 681298708.4101562
59455.35633069 2459455.8615506557 220.92356532812119 30.498652383685112 0.0 2.0 0.0 661902032.581543 677837790.9296875 661420502.2412109 680354187.109375
59455.357036805 2459455.8622567253 221.94030560553074 31.515392661094666 0.0 2.0 1.0 662672193.1318359 678641693.0429688 662179738.8164062 681153233.90625
59455.35774273 2459455.8629626045 222.95677162706852 32.531858682632446 0.0 2.0 0.0 661824289.0307617 677765894.2070312 661359072.8647461 680314194.0976562
59455.358448839994 2459455.863668668 223.97350318729877 33.5485902428627 0.0 2.0 1.0 662784672.8969727 678719662.8945312 662262751.3857422 681174077.8476562
59455.359154765 2459455.8643745454 224.98996652662754 34.56505358219147 0.0 2.0 0.0 661840537.6220703 677795207.6875 661360056.4716797 680324836.0078125
59455.359860875 2459455.8650806076 226.00669607520103 35.58178313076496 0.0 2.0 1.0 662792110.7290039 678785629.2460938 662265413.8295898 681245211.9726562
59455.360566805 2459455.865786489 227.02316544950008 36.59825250506401 0.0 2.0 0.0 661798420.1225586 677714224.3710938 661308077.0092773 680239531.5820312
59455.361272915005 2459455.8664925494 228.03989231586456 37.61497937142849 0.0 2.0 1.0 662653880.7075195 678565564.9492188 662134567.6831055 681039387.7695312
59455.361978839996 2459455.8671984253 229.05635364353657 38.631440699100494 0.0 2.0 0.0 661801497.7470703 677737973.0585938 661343393.8989258 680277732.0351562
59455.36268495 2459455.8679044857 230.07308050990105 39.64816756546497 0.0 2.0 1.0 662646934.6513672 678561700.3203125 662111004.8833008 681033321.4257812
59455.363390875 2459455.8686103607 231.08954049646854 40.66462755203247 0.0 2.0 0.0 661783142.2753906 677703753.8867188 661329293.2553711 680252347.3007812
59455.36409699 2459455.869316425 232.1062733978033 41.68136045336723 0.0 2.0 1.0 662540934.7568359 678459102.5976562 662024367.2993164 680940051.0820312
59455.40133069 2459455.9065482863 285.7201534509659 0.0 0.0 3.0 0.0 660154648.2553711 676139499.734375 659707495.2729492 678743269.5546875
59455.402036805 2459455.9072543806 286.7369292676449 1.0167758166790009 0.0 3.0 1.0 661052599.4731445 676993906.1679688 660526632.9912109 679511842.0703125
59455.40274273 2459455.9079602845 287.7534308284521 2.033277377486229 0.0 3.0 0.0 660629750.0224609 676600539.3828125 660156412.0673828 679180107.4179688
59455.40344884 2459455.9086663737 288.7701992690563 3.050045818090439 0.0 3.0 1.0 661341752.1235352 677340326.1015625 660831827.9267578 679930601.5625
59455.404154765 2459455.9093722766 289.78669948875904 4.0665460377931595 0.0 3.0 0.0 660746296.5751953 676681753.2539062 660267330.9233398 679255408.7773438
59455.404860875 2459455.9100783644 290.8034659177065 5.083312466740608 0.0 3.0 1.0 661292444.9257812 677268919.4960938 660788542.5761719 679818139.0273438
59455.405566805 2459455.9107842715 291.8199721723795 6.099818721413612 0.0 3.0 0.0 660933643.4663086 676953806.1601562 660451976.3574219 679511848.015625
59455.406272915 2459455.9114903584 292.83673726022243 7.116583809256554 0.0 3.0 1.0 661315221.6088867 677270831.6757812 660802655.0209961 679832256.5585938
59455.406978839994 2459455.912196259 293.8532341271639 8.133080676198006 0.0 3.0 0.0 660803103.0019531 676714301.125 660329235.5751953 679305333.2226562
59455.40768495 2459455.9129023445 294.86999720335007 9.149843752384186 0.0 3.0 1.0 661387959.6142578 677334428.328125 660877771.7431641 679878907.6132812
59455.408390875 2459455.9136082437 295.88649205863476 10.166338607668877 0.0 3.0 0.0 660847486.7353516 676787825.3828125 660372992.4931641 679386511.1210938
59455.40909699 2459455.914314332 296.90325915813446 11.183105707168579 0.0 3.0 1.0 661392715.0131836 677386765.484375 660868162.3623047 679974178.3671875
59455.409802915005 2459455.91502023 297.91975267231464 12.199599221348763 0.0 3.0 0.0 660834093.2109375 676805981.0117188 660362706.2919922 679416549.140625
59455.410509025 2459455.915726312 298.9365103840828 13.216356933116913 0.0 3.0 1.0 661465501.6630859 677413939.359375 660943717.2792969 679943772.5820312
59455.41121495 2459455.916432208 299.9530005455017 14.232847094535828 0.0 3.0 0.0 660906895.0424805 676862040.5429688 660445243.7368164 679457560.3359375
59455.411921060004 2459455.917138288 300.96975557506084 15.249602124094963 0.0 3.0 1.0 661321797.5361328 677305590.3203125 660795818.1225586 679862079.6992188
59455.41262699 2459455.917844187 301.98625043034554 16.266096979379654 0.0 3.0 0.0 660833000.1943359 676756934.9804688 660357872.2661133 679334816.9960938
59455.4133331 2459455.9185502646 303.0030021071434 17.28284865617752 0.0 3.0 1.0 661194919.3564453 677128047.5859375 660672705.2836914 679674854.765625
59455.414039024996 2459455.9192561572 304.01948757469654 18.29933412373066 0.0 3.0 0.0 660599050.2573242 676585074.53125 660124536.2973633 679160667.484375
59455.414745140006 2459455.919962238 305.0362439453602 19.316090494394302 0.0 3.0 1.0 660955878.4140625 676929089.6367188 660432737.6958008 679470900.5507812
59455.415451060006 2459455.920668123 306.052718013525 20.332564562559128 0.0 3.0 0.0 660214725.5229492 676139700.2695312 659748676.8896484 678731789.0585938
59455.416157175 2459455.921374202 307.06947170197964 21.349318251013756 0.0 3.0 1.0 660455598.1044922 676430365.46875 659921530.8642578 678975874.0703125
59455.4168631 2459455.9220800903 308.0859511345625 22.36579768359661 0.0 3.0 0.0 659841752.7392578 675801246.4257812 659358905.4604492 678404083.7851562
59455.417569209996 2459455.922786162 309.10269409418106 23.38254064321518 0.0 3.0 1.0 660264420.1513672 676269836.6171875 659765033.4492188 678893890.0664062
59455.41827514 2459455.923492053 310.11917755007744 24.399024099111557 0.0 3.0 0.0 659583923.6816406 675569467.7148438 659093297.3920898 678153847.3789062
59455.418981245 2459455.9241981176 311.1359104514122 25.41575700044632 0.0 3.0 1.0 660032971.6137695 675998587.4960938 659525586.0078125 678546726.5585938
59455.419687175 2459455.924904007 312.15239122509956 26.432237774133682 0.0 3.0 0.0 659481937.4995117 675384749.4101562 659003156.0703125 677956470.84375
59455.420393285 2459455.925610075 313.1691288203001 27.44897536933422 0.0 3.0 1.0 659959303.8876953 675950739.0742188 659438562.5888672 678553954.4257812
59455.42109921 2459455.926315957 314.18559953570366 28.465446084737778 0.0 3.0 0.0 659363607.3256836 675274412.7695312 658883698.2563477 677864469.765625
59455.421805325 2459455.9270220282 315.20234182477 29.482188373804092 0.0 3.0 1.0 659958410.6181641 675988526.4023438 659453637.8134766 678602101.2148438
59455.422511245 2459455.927727904 316.218803152442 30.498649701476097 0.0 3.0 0.0 659489592.9423828 675439746.703125 659005082.3295898 677994683.4179688
59455.42321736 2459455.9284339733 317.2355427592993 31.515389308333397 0.0 3.0 1.0 659843421.6069336 675835524.7070312 659342294.1054688 678396074.8359375
59455.423923285 2459455.9291398525 318.25200878083706 32.53185532987118 0.0 3.0 0.0 659313564.1323242 675282658.1289062 658836846.253418 677874092.515625
59455.424629395 2459455.9298459156 319.26873967051506 33.54858621954918 0.0 3.0 1.0 659797487.1616211 675781451.4140625 659277668.28125 678378796.1601562
59455.425335325 2459455.930551798 320.2852103859186 34.565056934952736 0.0 3.0 0.0 659328211.0996094 675260413.8007812 658846942.9321289 677829504.1953125
59455.42604143 2459455.931257855 321.3019325584173 35.58177910745144 0.0 3.0 1.0 659645544.8022461 675560096.3320312 659132031.1694336 678092206.9648438
59455.426747360005 2459455.931963736 322.3184012621641 36.598247811198235 0.0 3.0 0.0 659119941.9111328 675087926.375 658631247.1738281 677689437.1328125
59455.42745347 2459455.9326697974 323.3351294696331 37.61497601866722 0.0 3.0 1.0 659562023.1772461 675543187.8164062 659037571.9160156 678091658.0703125
59455.428159395 2459455.9333756734 324.3515907973051 38.631437346339226 0.0 3.0 0.0 659046484.1801758 674999164.2070312 658562873.9467773 677596482.2382812
59455.428865509995 2459455.9340817383 325.3683243691921 39.64817091822624 0.0 3.0 1.0 659554514.3964844 675508497.9882812 659028634.4125977 678041911.265625
59455.429571429995 2459455.934787608 326.38477697968483 40.66462352871895 0.0 3.0 0.0 658989826.0161133 674935881.671875 658517058.6572266 677532835.3164062
59455.430277545 2459455.9354936727 327.4015098810196 41.68135643005371 0.0 3.0 1.0 659658870.1967773 675665213.7265625 659114066.703125 678172517.4765625
59455.467488099996 2459455.9727023863 380.98205745220184 0.0 0.0 4.0 0.0 657259669.953125 673257622.7304688 656796496.4916992 675901464.8007812
59455.46819421 2459455.9734084755 381.99882589280605 1.01676844060421 0.0 4.0 1.0 657758604.1699219 673790962.0546875 657251032.0253906 676433892.859375
59455.468900135 2459455.9741143794 383.0153274536133 2.033270001411438 0.0 4.0 0.0 657617074.0146484 673573303.25 657129736.1772461 676209932.90625
59455.46960625 2459455.974820473 384.03210259974 3.050045147538185 0.0 4.0 1.0 658011052.6074219 674012167.1601562 657481508.6875 676613799.78125
59455.47031217 2459455.9755263715 385.0485961139202 4.0665386617183685 0.0 4.0 0.0 657732102.1992188 673734589.9921875 657274678.9594727 676401256.1953125
59455.471018284996 2459455.976232464 386.0653692483902 5.0833117961883545 0.0 4.0 1.0 658163242.7885742 674150159.03125 657645487.9003906 676752127.609375
59455.47172421 2459455.976938366 387.0818681269884 6.099810674786568 0.0 4.0 0.0 657870416.7368164 673861106.1484375 657386259.9379883 676498533.2695312
59455.472430320006 2459455.9776444524 388.0986325442791 7.116575092077255 0.0 4.0 1.0 658103288.9208984 674059334.1328125 657583975.9824219 676668592.8476562
59455.47313625 2459455.9783503585 389.1151374578476 8.133080005645752 0.0 4.0 0.0 657868262.012207 673848716.3789062 657389726.7167969 676499220.671875
59455.473842355 2459455.9790564384 390.13189248740673 9.149835035204887 0.0 4.0 1.0 658143441.6269531 674104569.6054688 657641263.3491211 676728657.4570312
59455.474548285 2459455.9797623428 391.1483947187662 10.16633726656437 0.0 4.0 0.0 657913565.7119141 673881273.53125 657436237.0864258 676527511.875
59455.475254395 2459455.9804684264 392.1651551127434 11.183097660541534 0.0 4.0 1.0 658207025.9384766 674204734.3671875 657698054.0766602 676818664.6445312
59455.47596032 2459455.981174324 393.1816479563713 12.199590504169464 0.0 4.0 0.0 657886062.2158203 673902743.8945312 657403971.8242188 676561365.4921875
59455.476666435 2459455.981880411 394.19841304421425 13.216355592012405 0.0 4.0 1.0 658325212.8139648 674326963.515625 657807771.0786133 676910242.453125
59455.477372355 2459455.982586302 395.2148958295584 14.23283837735653 0.0 4.0 0.0 657998901.7832031 674017146.4804688 657528265.8813477 676665195.3828125
59455.47807847 2459455.983292387 396.2316582351923 15.249600782990456 0.0 4.0 1.0 658290357.7900391 674268029.4609375 657770642.6865234 676874518.3203125
59455.478784395 2459455.9839982805 397.24814504384995 16.266087591648102 0.0 4.0 0.0 657998500.9614258 673947170.9804688 657528233.1484375 676591388.3476562
59455.479490505 2459455.984704359 398.2648980617523 17.282840609550476 0.0 4.0 1.0 658330800.3588867 674320265.8671875 657810185.4980469 676932871.1171875
59455.480196435004 2459455.985410256 399.28138956427574 18.2993321120739 0.0 4.0 0.0 658026425.3701172 674000778.9492188 657568394.4589844 676664349.0664062
59455.48090254 2459455.986116327 400.29813185334206 19.316074401140213 0.0 4.0 1.0 658236125.1938477 674215943.4257812 657719324.6225586 676849435.8007812
59455.48160847 2459455.986822222 401.31462067365646 20.33256322145462 0.0 4.0 0.0 657975663.2436523 673961052.5078125 657491089.0273438 676613807.6523438
59455.482314580004 2459455.9875282957 402.3313669860363 21.349309533834457 0.0 4.0 1.0 658284018.1660156 674269609.359375 657768519.625 676873081.8046875
59455.483020505 2459455.9882341833 403.34784507751465 22.365787625312805 0.0 4.0 0.0 658010942.6225586 673996894.96875 657539116.1264648 676662194.9101562
59455.483726620005 2459455.988940261 404.3645967543125 23.382539302110672 0.0 4.0 1.0 658320584.621582 674337522.375 657811930.5571289 676963169.1132812
59455.484432540004 2459455.9896461414 405.38106478750706 24.399007335305214 0.0 4.0 0.0 657991973.7197266 673943867.0742188 657526591.6376953 676598333.515625
59455.485138655 2459455.9903522166 406.39781311154366 25.415755659341812 0.0 4.0 1.0 658273662.2294922 674231768.4453125 657767931.5454102 676843522.5585938
59455.48584458 2459455.9910581005 407.414285838604 26.43222838640213 0.0 4.0 0.0 658034700.4731445 674049842.0117188 657587530.824707 676744331.4414062
59455.486550689995 2459455.9917641687 408.43102410435677 27.448966652154922 0.0 4.0 1.0 658328818.1230469 674308449.6171875 657807350.7583008 676906244.9375
59455.48725662 2459455.9924700554 409.4475008547306 28.465443402528763 0.0 4.0 0.0 658033956.0820312 674045224.015625 657555296.753418 676688689.296875
59455.48796273 2459455.993176122 410.46423710882664 29.482179656624794 0.0 4.0 1.0 658255515.7041016 674248200.15625 657744896.0947266 676879089.6054688
59455.488668655 2459455.9938820023 411.4807044714689 30.498647019267082 0.0 4.0 0.0 658034098.7207031 674053798.671875 657550982.3046875 676705099.0546875
59455.489374765 2459455.994588067 412.4974373728037 31.515379920601845 0.0 4.0 1.0 658194222.125 674159753.7851562 657699738.5791016 676785181.7304688
59455.49008069 2459455.9952939455 413.5139027237892 32.53184527158737 0.0 4.0 0.0 657970513.8295898 673964690.4570312 657501310.1958008 676607116.453125
59455.490786805 2459455.996000014 414.530640989542 33.548583537340164 0.0 4.0 1.0 658253876.4008789 674265987.1445312 657732119.59375 676863609.9023438
59455.49149273 2459455.9967058916 415.547104999423 34.565047547221184 0.0 4.0 0.0 657966285.1264648 673969410.03125 657491825.6743164 676610710.5351562
59455.49219884 2459455.9974119533 416.56383387744427 35.581776425242424 0.0 4.0 1.0 658105672.7509766 674106423.8789062 657607860.4511719 676762366.6601562
59455.492904765 2459455.9981178297 417.5802958756685 36.59823842346668 0.0 4.0 0.0 657904552.5854492 673874293.875 657424197.6479492 676526514.9296875
59455.493610875 2459455.998823891 418.5970240831375 37.61496663093567 0.0 4.0 1.0 658082625.4931641 674087932.4804688 657566253.668457 676717864.3867188
59455.494316805 2459455.9995297715 419.61349211633205 38.63143466413021 0.0 4.0 0.0 657925937.6801758 673945947.2929688 657466610.0039062 676606399.8046875
59455.495022915 2459456.0002358314 420.6302183121443 39.648160859942436 0.0 4.0 1.0 658090228.2246094 674098486.1523438 657563634.7470703 676711632.6015625
59455.495728840004 2459456.0009417064 421.6466782987118 40.66462084650993 0.0 4.0 0.0 657857580.7167969 673850571.3828125 657364828.5014648 676487646.84375
59455.49643495 2459456.0016477657 422.66340382397175 41.681346371769905 0.0 4.0 1.0 658065665.0893555 674031121.9335938 657543239.0932617 676643624.9414062
59455.533657175 2459456.038868145 476.26075007021427 0.0 0.0 5.0 0.0 655843691.4887695 671768452.7226562 655378260.9189453 674322439.0546875
59455.534363285 2459456.0395742343 477.2775185108185 1.01676844060421 0.0 5.0 1.0 656955754.3276367 672861212.3984375 656439229.2177734 675382616.9570312
59455.535069210004 2459456.040280138 478.2940200716257 2.033270001411438 0.0 5.0 0.0 656379136.0952148 672287753.7421875 655901694.8564453 674807838.65625
59455.535775325 2459456.040986231 479.31079387664795 3.0500438064336777 0.0 5.0 1.0 657194001.4155273 673131972.0078125 656683683.0019531 675694889.171875
59455.536481245 2459456.0416921293 480.32728739082813 4.066537320613861 0.0 5.0 0.0 656414157.7963867 672332220.421875 655933124.4711914 674873761.765625
59455.537187359994 2459456.0423982223 481.3440611958504 5.083311125636101 0.0 5.0 1.0 657354664.0385742 673298392.8710938 656820184.8588867 675816149.671875
59455.537893285 2459456.0431041243 482.3605600744486 6.099810004234314 0.0 5.0 0.0 656604292.4150391 672547262.875 656154875.7919922 675100947.6054688
59455.538599395004 2459456.0438102107 483.3773244917393 7.1165744215250015 0.0 5.0 1.0 657280033.4145508 673247140.9648438 656749999.1523438 675804743.1328125
59455.539305325 2459456.0445161164 484.3938287347555 8.133078664541245 0.0 5.0 0.0 656590100.4882812 672484436.0664062 656120078.1303711 675032713.5742188
59455.54001143 2459456.0452221963 485.41058376431465 9.14983369410038 0.0 5.0 1.0 657421026.4628906 673378898.03125 656901496.671875 675924333.109375
59455.540717359996 2459456.0459281006 486.42708599567413 10.166335925459862 0.0 5.0 0.0 656623390.9282227 672612713.125 656139770.621582 675157570.8789062
59455.54142347 2459456.0466341837 487.44384571909904 11.183095648884773 0.0 5.0 1.0 657533805.3354492 673518422.265625 657027048.1137695 676066206.7460938
59455.542129395 2459456.0473400815 488.460338562727 12.199588492512703 0.0 5.0 0.0 656773827.6313477 672715015.3671875 656306319.2290039 675262919.3242188
59455.54283551 2459456.0480461684 489.4771036505699 13.216353580355644 0.0 5.0 1.0 657579754.9228516 673540140.0234375 657053184.5551758 676062424.4492188
59455.54354143 2459456.048752059 490.49358643591404 14.232836365699768 0.0 5.0 0.0 656881667.1044922 672819289.640625 656403694.0063477 675354767.3007812
59455.544247544996 2459456.0494581438 491.5103481709957 15.24959810078144 0.0 5.0 1.0 657574760.4038086 673566351.5742188 657039604.6538086 676109828.296875
59455.54495347 2459456.050164038 492.5268356502056 16.26608557999134 0.0 5.0 0.0 656813935.9897461 672740039.5234375 656351995.2636719 675289885.453125
59455.545659580006 2459456.050870116 493.54358799755573 17.28283792734146 0.0 5.0 1.0 657625729.8505859 673572546.2148438 657105246.3227539 676102985.4492188
59455.54636551 2459456.051576013 494.5600801706314 18.299330100417137 0.0 5.0 0.0 656864455.652832 672781233.2148438 656389211.4316406 675327949.6289062
59455.547071615 2459456.052282084 495.57682178914547 19.316071718931198 0.0 5.0 1.0 657558756.4970703 673522396.34375 657045194.6113281 676098888.6015625
59455.547777545 2459456.052987979 496.5933106094599 20.332560539245605 0.0 5.0 0.0 656842344.2900391 672747068.0859375 656367057.7270508 675276038.2304688
59455.548483655 2459456.053694052 497.61005625128746 21.34930618107319 0.0 5.0 1.0 657567797.9003906 673505315.1132812 657049558.684082 676053190.640625
59455.54918958 2459456.0543999407 498.6265356838703 22.365785613656044 0.0 5.0 0.0 656797916.8720703 672722016.8164062 656327007.0874023 675272041.59375
59455.549895695 2459456.0551060173 499.6432860195637 23.382535949349403 0.0 5.0 1.0 657548241.0405273 673491437.6054688 657014265.0917969 676023306.7851562
59455.550601615 2459456.0558118983 500.65975472331047 24.3990046530962 0.0 5.0 0.0 656791309.1835938 672696747.0976562 656336134.0297852 675263024.9296875
59455.55130773 2459456.056517973 501.6765023767948 25.415752306580544 0.0 5.0 1.0 657654821.4951172 673604517.8554688 657144852.2661133 676164544.0546875
59455.552013655004 2459456.057223857 502.69297510385513 26.43222503364086 0.0 5.0 0.0 657172699.5908203 673140870.9570312 656696661.6118164 675659572.09375
59455.552719765 2459456.0579299247 503.7097126990557 27.4489626288414 0.0 5.0 1.0 657883754.0073242 673852721.1601562 657367308.6489258 676416362.234375
59455.553425695 2459456.058635812 504.72619011998177 28.465440049767494 0.0 5.0 0.0 657313075.1582031 673259965.8046875 656840866.4726562 675814241.6601562
59455.5541318 2459456.059341873 505.74291832745075 29.48216825723648 0.0 5.0 1.0 658227555.831543 674199011.1445312 657708363.3369141 676752685.3398438
59455.55483773 2459456.0600477583 506.75939306616783 30.49864299595356 0.0 5.0 0.0 657732210.3466797 673675153.7421875 657249078.6757812 676200611.5898438
59455.55554384 2459456.0607538233 507.77612663805485 31.515376567840576 0.0 5.0 1.0 658565292.8959961 674492719.2226562 658049106.6030273 677038697.8710938
59455.556249764995 2459456.0614597024 508.79259265959263 32.53184258937836 0.0 5.0 0.0 657863348.9082031 673808266.4609375 657394903.1225586 676368253.4570312
59455.556955880005 2459456.06216577 509.80933025479317 33.548580184578896 0.0 5.0 1.0 658695312.7734375 674635731.328125 658183675.0449219 677181980.9335938
59455.557661800005 2459456.062871643 510.8257868885994 34.565036818385124 0.0 5.0 0.0 658006720.6064453 673936779.46875 657512695.3344727 676432440.8125
59455.558367915 2459456.0635777097 511.8425231426954 35.581773072481155 0.0 5.0 1.0 658608207.6860352 674525738.4765625 658090527.550293 677070923.625
59455.55907384 2459456.0642835856 512.8589844703674 36.59823440015316 0.0 5.0 0.0 657930442.0830078 673826744.546875 657459707.3974609 676365863.0585938
59455.559779949996 2459456.064989647 513.8757126778364 37.61496260762215 0.0 5.0 1.0 658649390.5683594 674612152.3320312 658135675.3671875 677167467.7070312
59455.56048588 2459456.0656955275 514.892180711031 38.63143064081669 0.0 5.0 0.0 657851868.6049805 673790475.8828125 657387527.2631836 676343200.03125
59455.561191985 2459456.0664015827 515.9089002013206 39.64815013110638 0.0 5.0 1.0 658591679.574707 674516195.1289062 658069119.331543 677053782.0546875
59455.561897915 2459456.0671074623 516.9253668934107 40.66461682319641 0.0 5.0 0.0 657835917.8354492 673751677.921875 657373953.1689453 676307669.3945312
59455.562604025 2459456.067813522 517.9420930892229 41.68134301900864 0.0 5.0 1.0 658537347.7861328 674509965.9257812 658018165.4257812 677087196.171875
59455.600555325 2459456.1057629506 572.5892700254917 0.0 0.0 6.0 0.0 656448685.3583984 672400809.4960938 655977144.8208008 675055663.4960938
59455.60126143 2459456.106469034 573.6060304194689 1.0167603939771652 0.0 6.0 1.0 657032446.1899414 673019101.3203125 656517278.1538086 675577674.546875
59455.601967359995 2459456.1071749427 574.6225386857986 2.0332686603069305 0.0 6.0 0.0 656943136.5517578 672915420.4375 656472707.3867188 675566992.9921875
59455.60267347 2459456.107881031 575.6393057852983 3.050035759806633 0.0 6.0 1.0 657248621.6708984 673216644.1367188 656720014.1582031 675758141.6445312
59455.603379395005 2459456.108586933 576.6558046638966 4.066534638404846 0.0 6.0 0.0 657092249.2133789 673018679.2851562 656618096.9394531 675668991.6171875
59455.60408551 2459456.1092930255 577.6725777983665 5.083307772874832 0.0 6.0 1.0 657342232.4335938 673276942.2304688 656822974.2783203 675814311.109375
59455.60479143 2459456.1099989214 578.6890679597855 6.099797934293747 0.0 6.0 0.0 657240948.8588867 673234690.7578125 656774609.9023438 675879025.640625
59455.605497545 2459456.110705012 579.7058384120464 7.116568386554718 0.0 6.0 1.0 657327874.9121094 673268979.171875 656794412.8657227 675822236.5273438
59455.60620347 2459456.111410912 580.7223346084356 8.133064582943916 0.0 6.0 0.0 657222948.0493164 673231606.8867188 656752098.5043945 675894520.0273438
59455.606909580005 2459456.112116996 581.739095672965 9.149825647473335 0.0 6.0 1.0 657456260.0429688 673402383.7109375 656944685.5986328 675948248.390625
59455.60761551 2459456.1128228996 582.75559656322 10.16632653772831 0.0 6.0 0.0 657364965.7382812 673411967.578125 656908718.1455078 676072070.5117188
59455.608321615 2459456.113528977 583.7723482400179 11.183078214526176 0.0 6.0 1.0 657416533.7446289 673342182.765625 656901460.5478516 675901005.5117188
59455.609027545 2459456.1142348787 584.7888464480639 12.199576422572136 0.0 6.0 0.0 657262254.6459961 673237879.2265625 656771931.9555664 675877248.1835938
59455.60973347 2459456.114940774 585.8053359389305 13.216065913438797 0.0 6.0 1.0 657426051.7900391 673353552.5898438 656905171.7026367 675895466.2304688
59455.61043958 2459456.115646854 586.8220909684896 14.232820942997932 0.0 6.0 0.0 657353774.9633789 673321036.6757812 656880520.6982422 675967846.4765625
59455.611145695 2459456.116352938 587.8388520330191 15.249582007527351 0.0 6.0 1.0 657470064.1748047 673441430.21875 656945104.6606445 675983297.1132812
59455.611851615 2459456.1170588257 588.8553301244974 16.2660600990057 0.0 6.0 0.0 657231565.3271484 673191319.8085938 656748858.5952148 675823690.1992188
59455.612557545 2459456.1177647226 589.8718216270208 17.28255160152912 0.0 6.0 1.0 657420071.0097656 673408760.3320312 656927799.3271484 675971201.3085938
59455.613263655 2459456.1184707982 590.8885706216097 18.299300596117973 0.0 6.0 0.0 657196498.0117188 673171038.8828125 656719852.578125 675777087.4492188
59455.613969765 2459456.1191768735 591.9053189456463 19.31604892015457 0.0 6.0 1.0 657341082.715332 673312549.2773438 656828048.5078125 675897064.3046875
59455.614675695004 2459456.119882767 592.9218057543039 20.332535728812218 0.0 6.0 0.0 657215669.3330078 673210894.125 656762399.0458984 675885082.125
59455.6153818 2459456.120588835 593.9385433495045 21.349273324012756 0.0 6.0 1.0 657354580.0170898 673304328.8203125 656830841.6367188 675850296.3359375
59455.61608773 2459456.1212947266 594.9550274759531 22.365757450461388 0.0 6.0 0.0 657210200.71875 673179129.9960938 656739532.3291016 675838539.5742188
59455.61679384 2459456.1220007977 595.9717697650194 23.382499739527702 0.0 6.0 1.0 657333313.9648438 673268664.6445312 656827644.6176758 675823790.9335938
59455.617499765 2459456.1227066824 596.9882438331842 24.398973807692528 0.0 6.0 0.0 657313302.2294922 673313711.2109375 656841736.9755859 675961567.4257812
59455.618205880004 2459456.123412756 598.0049894750118 25.41571944952011 0.0 6.0 1.0 657291132.5444336 673247057.4375 656780893.4506836 675808520.3632812
59455.618911800004 2459456.124118634 599.0214541554451 26.432184129953384 0.0 6.0 0.0 657224561.7841797 673225796.5273438 656746088.7177734 675884691.1796875
59455.619617915 2459456.124824706 600.0381977856159 27.448927760124207 0.0 6.0 1.0 657251188.3505859 673148457.5703125 656748981.3808594 675712169.5507812
59455.62032384 2459456.125530587 601.0546664893627 28.465396463871002 0.0 6.0 0.0 657298398.8642578 673290640.9335938 656810481.9741211 675924071.5898438
59455.621029949994 2459456.1262366525 602.071400731802 29.482130706310272 0.0 6.0 1.0 657227360.6328125 673171616.4453125 656710388.5888672 675742288.1992188
59455.621735880006 2459456.1269425373 603.0878747999668 30.498604774475098 0.0 6.0 0.0 657129280.9023438 673120123.8554688 656656643.621582 675773020.6992188
59455.622441985004 2459456.127648596 604.1045996546745 31.515329629182816 0.0 6.0 1.0 657317008.0517578 673284875.5859375 656810084.8486328 675847624.1914062
59455.623147915 2459456.128354479 605.1210710406303 32.531801015138626 0.0 6.0 0.0 657117284.2666016 673129352.0976562 656653198.1386719 675802036.9609375
59455.62385384 2459456.1290603564 606.1375343799591 33.54826435446739 0.0 6.0 1.0 657179002.1450195 673132366.609375 656663868.0766602 675699912.5117188
59455.624559949996 2459456.129766418 607.1542632579803 34.56499323248863 0.0 6.0 0.0 657106223.4638672 673071813.3945312 656644640.9086914 675737226.4101562
59455.625266065 2459456.1304724845 608.1709988415241 35.58172881603241 0.0 6.0 1.0 657238258.472168 673144995.9140625 656710512.9970703 675685335.25
59455.625971985 2459456.1311783553 609.1874527931213 36.59818276762962 0.0 6.0 0.0 657131756.1103516 673089012.3085938 656651388.8022461 675741323.6289062
59455.626677915 2459456.131884236 610.2039208263159 37.614650800824165 0.0 6.0 1.0 657232587.7158203 673191326.4023438 656709886.2612305 675728379.6132812
59455.627384025 2459456.132590296 611.2206476926804 38.631377667188644 0.0 6.0 0.0 657068039.855957 673063904.4492188 656598967.5571289 675728914.5351562
59455.628090135 2459456.1332963556 612.2373732179403 39.648103192448616 0.0 6.0 1.0 657132414.0439453 673106863.75 656615177.1259766 675674055.2304688
59455.670902540005 2459456.176106704 673.8842748105526 0.0 0.0 7.0 0.0 654855178.9882812 670813632.5507812 654379364.8979492 673476325.8125
59455.671608655 2459456.1768127945 674.9010452628136 1.016770452260971 0.0 7.0 1.0 656259323.2641602 672169185.75 655736592.8930664 674648198.4453125
59455.67231458 2459456.1775186947 675.9175414592028 2.0332666486501694 0.0 7.0 0.0 655351550.3071289 671267626.9765625 654878248.6821289 673828863.8164062
59455.673020505 2459456.1782245934 676.9340356439352 3.0497608333826065 0.0 7.0 1.0 656449354.0478516 672399937.1132812 655941487.0585938 674903728.9296875
59455.67372662 2459456.178930682 677.9508034139872 4.066528603434563 0.0 7.0 0.0 655537708.0454102 671439796.6601562 655058654.7675781 673964964.9609375
59455.67443273 2459456.1796367643 678.9675617963076 5.083286985754967 0.0 7.0 1.0 656518516.262207 672416683.421875 656011617.8334961 674919679.2929688
59455.675138655 2459456.180342661 679.984053298831 6.099778488278389 0.0 7.0 0.0 655658755.6689453 671576972.8007812 655207849.4384766 674131539.1679688
59455.675844765 2459456.1810487416 681.0008089989424 7.116534188389778 0.0 7.0 1.0 656641178.409668 672577886.1367188 656106784.8764648 675037741.9492188
59455.67655069 2459456.1817546366 682.0172978192568 8.133023008704185 0.0 7.0 0.0 655725611.5576172 671647721.734375 655264902.6376953 674191838.8945312
59455.677256805 2459456.18246072 683.034058213234 9.14978340268135 0.0 7.0 1.0 656509581.1518555 672417863.6289062 656010787.3134766 674936812.5664062
59455.67796273 2459456.1831666133 684.0505443513393 10.166269540786743 0.0 7.0 0.0 655660903.4277344 671545869.453125 655195459.1416016 674090013.9960938
59455.678668655004 2459456.183872505 685.067028477788 11.182753667235374 0.0 7.0 1.0 656767457.1362305 672719565.5625 656245202.3754883 675213678.8515625
59455.679374765 2459456.1845785812 686.0837781429291 12.19950333237648 0.0 7.0 0.0 655816968.9160156 671745082.828125 655352725.9619141 674293621.4570312
59455.680080875 2459456.1852846555 687.1005251258612 13.21625031530857 0.0 7.0 1.0 656738249.5649414 672659680.9921875 656236803.7236328 675154220.8554688
59455.680786805 2459456.18599055 688.1170132756233 14.232738465070724 0.0 7.0 0.0 655856542.1733398 671822023.9765625 655378281.1962891 674359011.9882812
59455.681492915 2459456.1866966225 689.1337575763464 15.2494827657938 0.0 7.0 1.0 656712149.6884766 672647424.234375 656194415.1894531 675130165.6601562
59455.682198840004 2459456.1874025096 690.1502349972725 16.265960186719894 0.0 7.0 0.0 655750328.0629883 671658695.0585938 655283901.3212891 674216571.640625
59455.68290495 2459456.1881085797 691.1669759452343 17.2827011346817 0.0 7.0 1.0 656809176.3027344 672719914.390625 656288262.2285156 675193281.9453125
59455.683610875 2459456.188814465 692.1834506839514 18.29917587339878 0.0 7.0 0.0 655815836.159668 671733739.9960938 655357513.7250977 674283218.5507812
59455.684316804996 2459456.189520354 693.1999307870865 19.31565597653389 0.0 7.0 1.0 656670576.9882812 672562460.6289062 656142686.2797852 675054636.0664062
59455.685022915 2459456.1902264217 694.216668382287 20.33239357173443 0.0 7.0 0.0 655784916.5253906 671720024.1835938 655303953.5375977 674266680.5390625
59455.685729025005 2459456.1909324885 695.233404636383 21.34912982583046 0.0 7.0 1.0 656655238.3369141 672603994.421875 656151592.4482422 675116681.4570312
59455.68643495 2459456.19163837 696.2498740106821 22.36559920012951 0.0 7.0 0.0 655771447.2104492 671711886.90625 655314796.7397461 674332906.734375
59455.687140875 2459456.19234425 697.2663413733244 23.382066562771797 0.0 7.0 1.0 656623396.0170898 672556193.296875 656128826.828125 675074222.1796875
59455.68784699 2459456.19305032 698.283081650734 24.39880684018135 0.0 7.0 0.0 655703650.0239258 671580940.2851562 655238574.9301758 674126496.921875
59455.6885531 2459456.193756384 699.2998138815165 25.41553907096386 0.0 7.0 1.0 656665102.5854492 672620611.2421875 656134339.6796875 675103932.6992188
59455.689259025 2459456.1944622616 700.3162778913975 26.43200308084488 0.0 7.0 0.0 655710587.9990234 671636831.0585938 655244355.4179688 674179236.5078125
59455.68996495 2459456.1951681394 701.3327419012785 27.4484670907259 0.0 7.0 1.0 656604986.1108398 672525798.4140625 656094652.8349609 675019237.4921875
59455.69067106 2459456.1958742016 702.349471449852 28.465196639299393 0.0 7.0 0.0 655780724.9897461 671692361.7148438 655304617.434082 674221984.6953125
59455.691377175 2459456.1965802675 703.3662063628435 29.481931552290916 0.0 7.0 1.0 656527056.0107422 672400730.0664062 656014134.7143555 674894826.578125
59455.6920831 2459456.1972861434 704.3826676905155 30.49839287996292 0.0 7.0 0.0 655686207.8398438 671602059.8203125 655203962.2353516 674135684.1015625
59455.692789025 2459456.197992019 705.3991283476353 31.514853537082672 0.0 7.0 1.0 656429066.9038086 672327477.2539062 655937288.2338867 674864947.4609375
59455.69349514 2459456.198698084 706.4158619195223 32.53158710896969 0.0 7.0 0.0 655622254.7548828 671531201.3007812 655164194.175293 674083114.953125
59455.694201245 2459456.1994041386 707.4325807392597 33.54830592870712 0.0 7.0 1.0 656497658.7709961 672462277.6445312 655986832.0917969 674985914.4804688
