================== ===== ====== ====== ======== ================== ================== ================== ==== ======== ==================
         filenames instr ivisit iorbit iexp_orb              t_mjd            t_visit            t_orbit scan      exp              t_bjd
================== ===== ====== ====== ======== ================== ================== ================== ==== ======== ==================
ie4h07d0q_ima.fits F164N      0      0       -1 59455.202904025005                0.0                0.0   -1 0.833445  2459455.708131513
ie4h07d1q_ima.fits  G141      0      0        0    59455.203888655 1.4178257435560226 1.4178257435560226    0 4.970405 2459455.7091161143
ie4h07d2q_ima.fits  G141      0      0        1     59455.20459458 2.4343279749155045 2.4343279749155045    1 4.970405 2459455.7098220186
ie4h07d3q_ima.fits  G141      0      0        2 59455.205300689995 3.4510957449674606 3.4510957449674606    0 4.970405 2459455.7105281074
ie4h07d4q_ima.fits  G141      0      0        3     59455.20600662  4.467603340744972  4.467603340744972    1 4.970405 2459455.7112340154
ie4h07d5q_ima.fits  G141      0      0        4     59455.20671273  5.484370440244675  5.484370440244675    0 4.970405 2459455.7119401037
ie4h07d6q_ima.fits  G141      0      0        5    59455.207418655  6.500868648290634  6.500868648290634    1 4.970405  2459455.712646005
ie4h07d8q_ima.fits  G141      0      0        6    59455.208124765  7.517633736133575  7.517633736133575    0 4.970405  2459455.713352092
ie4h07d9q_ima.fits  G141      0      0        7     59455.20883069  8.534130603075027  8.534130603075027    1 4.970405 2459455.7140579927
ie4h07daq_ima.fits  G141      0      0        8    59455.209536805  9.550899714231491  9.550899714231491    0 4.970405 2459455.7147640823
ie4h07dbq_ima.fits  G141      0      0        9     59455.21024273 10.567395240068436 10.567395240068436    1 4.970405  2459455.715469982
ie4h07dcq_ima.fits  G141      0      0       10     59455.21094884 11.584154963493347 11.584154963493347    0 4.970405  2459455.716176065
ie4h07ddq_ima.fits  G141      0      0       11    59455.211654765 12.600647807121277 12.600647807121277    1 4.970405  2459455.716881963
ie4h07deq_ima.fits  G141      0      0       12    59455.212360875 13.617405518889427 13.617405518889427    0 4.970405 2459455.7175880447
ie4h07dfq_ima.fits  G141      0      0       13    59455.213066805  14.63390238583088  14.63390238583088    1 4.970405 2459455.7182939453
ie4h07dgq_ima.fits  G141      0      0       14    59455.213772915 15.650656744837761 15.650656744837761    0 4.970405 2459455.7190000247
ie4h07dhq_ima.fits  G141      0      0       15 59455.214478840004  16.66714422404766  16.66714422404766    1 4.970405  2459455.719705919
ie4h07diq_ima.fits  G141      0      0       16     59455.21518495 17.683895900845528 17.683895900845528    0 4.970405 2459455.7204119964
ie4h07djq_ima.fits  G141      0      0       17    59455.215890875  18.70038002729416  18.70038002729416    1 4.970405  2459455.721117888
ie4h07dkq_ima.fits  G141      0      0       18 59455.216596989994 19.717136397957802 19.717136397957802    0 4.970405  2459455.721823969
ie4h07dlq_ima.fits  G141      0      0       19    59455.217302915 20.733617842197418 20.733617842197418    1 4.970405  2459455.722529859
ie4h07dmq_ima.fits  G141      0      0       20 59455.218009025004    21.750363484025    21.750363484025    0 4.970405  2459455.723235932
ie4h07dnq_ima.fits  G141      0      0       21     59455.21871495  22.76684157550335  22.76684157550335    1 4.970405 2459455.7239418197
ie4h07doq_ima.fits  G141      0      0       22     59455.21942106 23.783584535121918 23.783584535121918    0 4.970405 2459455.7246478912
ie4h07dpq_ima.fits  G141      0      0       23 59455.220126989996  24.80006732046604  24.80006732046604    1 4.970405  2459455.725353782
ie4h07dqq_ima.fits  G141      0      0       24      59455.2208331 25.816807597875595 25.816807597875595    0 4.970405 2459455.7260598517
ie4h07drq_ima.fits  G141      0      0       25    59455.221539025 26.833280324935913 26.833280324935913    1 4.970405 2459455.7267657355
ie4h07dsq_ima.fits  G141      0      0       26     59455.22224514  27.85002462565899  27.85002462565899    0 4.970405  2459455.727471808
ie4h07dtq_ima.fits  G141      0      0       27     59455.22295106   28.8664872944355   28.8664872944355    1 4.970405  2459455.728177685
ie4h07duq_ima.fits  G141      0      0       28 59455.223657174996 29.883229583501816 29.883229583501816    0 4.970405  2459455.728883756
ie4h07dvq_ima.fits  G141      0      0       29      59455.2243631 30.899696946144104 30.899696946144104    1 4.970405  2459455.729589636
ie4h07dwq_ima.fits  G141      0      0       30 59455.225069210006 31.916429847478867 31.916429847478867    0 4.970405 2459455.7302957005
ie4h07dxq_ima.fits  G141      0      0       31     59455.22577514  32.93290190398693  32.93290190398693    1 4.970405  2459455.731001584
ie4h07dyq_ima.fits  G141      0      0       32    59455.226481245  33.94962541759014  33.94962541759014    0 4.970405  2459455.731707642
ie4h07dzq_ima.fits  G141      0      0       33    59455.227187175   34.9660961329937   34.9660961329937    1 4.970405 2459455.7324135243
ie4h07e0q_ima.fits  G141      0      0       34    59455.227893285  35.98282501101494  35.98282501101494    0 4.970405  2459455.733119586
ie4h07e1q_ima.fits  G141      0      0       35     59455.22859921   36.9992870092392   36.9992870092392    1 4.970405 2459455.7338254624
ie4h07e2q_ima.fits  G141      0      0       36    59455.229305325  38.01602192223072  38.01602192223072    0 4.970405 2459455.7345315283
ie4h07e3q_ima.fits  G141      0      0       37    59455.230011245 39.032475873827934 39.032475873827934    1 4.970405  2459455.735237399
ie4h07e4q_ima.fits  G141      0      0       38     59455.23071736  40.04920944571495  40.04920944571495    0 4.970405  2459455.735943464
ie4h07e5q_ima.fits  G141      0      0       39 59455.231423285004 41.065668761730194 41.065668761730194    1 4.970405 2459455.7366493386
ie4h08e9q_ima.fits  G141      0      1        0    59455.268981245  95.14645971357822                0.0    0 4.970405 2459455.7742054434
ie4h08eaq_ima.fits  G141      0      1        1    59455.269687175   96.1629693210125 1.0165096074342728    1 4.970405  2459455.774911353
ie4h08ebq_ima.fits  G141      0      1        2    59455.270393285  97.17973843216896 2.0332787185907364    0 4.970405 2459455.7756174426
ie4h08ecq_ima.fits  G141      0      1        3 59455.271099210004  98.19623932242393 3.0497796088457108    1 4.970405  2459455.776323346
ie4h08edq_ima.fits  G141      0      1        4    59455.271805325  99.21301446855068  4.066554754972458    0 4.970405   2459455.77702944
ie4h08eeq_ima.fits  G141      0      1        5    59455.272511245 100.22950798273087  5.083048269152641    1 4.970405  2459455.777735338
ie4h08efq_ima.fits  G141      0      1        6 59455.273217359994  101.2462804466486 6.0998207330703735    0 4.970405   2459455.77844143
ie4h08egq_ima.fits  G141      0      1        7    59455.273923285 102.26277865469456  7.116318941116333    1 4.970405 2459455.7791473316
ie4h08ehq_ima.fits  G141      0      1        8 59455.274629395004 103.27954307198524   8.13308335840702    0 4.970405  2459455.779853418
ie4h08eiq_ima.fits  G141      0      1        9    59455.275335325 104.29604664444923   9.14958693087101    1 4.970405 2459455.7805593233
ie4h08ejq_ima.fits  G141      0      1       10     59455.27604143 105.31280100345612 10.166341289877892    0 4.970405 2459455.7812654027
ie4h08ekq_ima.fits  G141      0      1       11 59455.276747359996 106.32930256426334  11.18284285068512    1 4.970405 2459455.7819713065
ie4h08elq_ima.fits  G141      0      1       12     59455.27745347 107.34606228768826 12.199602574110031    0 4.970405 2459455.7826773897
ie4h08emq_ima.fits  G141      0      1       13    59455.278159395 108.36255379021168 13.216094076633453    1 4.970405 2459455.7833832866
ie4h08enq_ima.fits  G141      0      1       14     59455.27886551 109.37931820750237 14.232858493924141    0 4.970405  2459455.784089373
ie4h08eoq_ima.fits  G141      0      1       15     59455.27957143 110.39579965174198 15.249339938163757    1 4.970405  2459455.784795263
ie4h08epq_ima.fits  G141      0      1       16 59455.280277544996 111.41256138682365  16.26610167324543    0 4.970405 2459455.7855013474
ie4h08eqq_ima.fits  G141      0      1       17     59455.28098347  112.4290468543768  17.28258714079857    1 4.970405   2459455.78620724
ie4h08erq_ima.fits  G141      0      1       18 59455.281689580006 113.44579853117466 18.299338817596436    0 4.970405 2459455.7869133176
ie4h08esq_ima.fits  G141      0      1       19     59455.28239551 114.46228869259357  19.31582897901535    1 4.970405 2459455.7876192136
ie4h08etq_ima.fits  G141      0      1       20    59455.283101615 115.47902964055538 20.332569926977158    0 4.970405 2459455.7883252837
ie4h08euq_ima.fits  G141      0      1       21    59455.283807545 116.49551711976528 21.349057406187057    1 4.970405 2459455.7890311778
ie4h08evq_ima.fits  G141      0      1       22    59455.284513655 117.51226276159286  22.36580304801464    0 4.970405  2459455.789737251
ie4h08ewq_ima.fits  G141      0      1       23     59455.28521958 118.52874018251896 23.382280468940735    1 4.970405  2459455.790443138
ie4h08exq_ima.fits  G141      0      1       24    59455.285925695 119.54548984766006  24.39903013408184    0 4.970405 2459455.7911492144
ie4h08eyq_ima.fits  G141      0      1       25    59455.286631615  120.5619565397501 25.415496826171875    1 4.970405  2459455.791855094
ie4h08ezq_ima.fits  G141      0      1       26     59455.28733773 121.57870419323444  26.43224447965622    0 4.970405  2459455.792561169
ie4h08f0q_ima.fits  G141      0      1       27 59455.288043655004 122.59517557919025  27.44871586561203    1 4.970405 2459455.7932670517
ie4h08f1q_ima.fits  G141      0      1       28    59455.288749765 123.61191250383854 28.465452790260315    0 4.970405  2459455.793973119
ie4h08f2q_ima.fits  G141      0      1       29    59455.289455695 124.62838858366013   29.4819288700819    1 4.970405  2459455.794679005
ie4h08f3q_ima.fits  G141      0      1       30      59455.2901618 125.64511612057686 30.498656406998634    0 4.970405  2459455.795385066
ie4h08f4q_ima.fits  G141      0      1       31     59455.29086773 126.66159018874168  31.51513047516346    1 4.970405 2459455.7960909507
ie4h08f5q_ima.fits  G141      0      1       32     59455.29157384 127.67832241952419  32.53186270594597    0 4.970405  2459455.796797015
ie4h08f6q_ima.fits  G141      0      1       33 59455.292279764995 128.69478709995747  33.54832738637924    1 4.970405  2459455.797502893
ie4h08f7q_ima.fits  G141      0      1       34 59455.292985880005 129.71152402460575  34.56506431102753    0 4.970405 2459455.7982089603
ie4h08f8q_ima.fits  G141      0      1       35 59455.293691800005 130.72797998785973   35.5815202742815    1 4.970405 2459455.7989148325
ie4h08f9q_ima.fits  G141      0      1       36    59455.294397915  131.7447155714035  36.59825585782528    0 4.970405  2459455.799620899
ie4h08faq_ima.fits  G141      0      1       37     59455.29510384 132.76117756962776  37.61471785604954    1 4.970405 2459455.8003267753
ie4h08fbq_ima.fits  G141      0      1       38 59455.295809949996  133.7779051065445  38.63144539296627    0 4.970405  2459455.801032836
ie4h08fcq_ima.fits  G141      0      1       39     59455.29651588 134.79437246918678  39.64791275560856    1 4.970405  2459455.801738716
ie4h08fdq_ima.fits  G141      0      1       40    59455.297221985 135.81109128892422  40.66463157534599    0 4.970405  2459455.802444771
ie4h08feq_ima.fits  G141      0      1       41    59455.297927915 136.82755798101425  41.68109826743603    1 4.970405 2459455.8031506506
ie4h09fgq_ima.fits  G141      0      2        0    59455.335150135 190.42491294443607                0.0    0 4.970405  2459455.840371036
ie4h09fhq_ima.fits  G141      0      2        1     59455.33585625 191.44168876111507 1.0167758166790009    1 4.970405 2459455.8410771303
ie4h09fiq_ima.fits  G141      0      2        2     59455.33656217 192.45818361639977 2.0332706719636917    0 4.970405 2459455.8417830295
ie4h09fjq_ima.fits  G141      0      2        3    59455.337268285  193.4749587625265  3.050045818090439    1 4.970405 2459455.8424891233
ie4h09fkq_ima.fits  G141      0      2        4     59455.33797421 194.49145898222923 4.0665460377931595    0 4.970405 2459455.8431950263
ie4h09flq_ima.fits  G141      0      2        5     59455.33868032 195.50822541117668  5.083312466740608    1 4.970405  2459455.843901114
ie4h09fmq_ima.fits  G141      0      2        6 59455.339386249994 196.52473233640194  6.099819391965866    0 4.970405 2459455.8446070217
ie4h09fnq_ima.fits  G141      0      2        7    59455.340092355  197.5414900481701  7.116577103734016    1 4.970405 2459455.8453131034
ie4h09foq_ima.fits  G141      0      2        8 59455.340798285004 198.55799429118633   8.13308134675026    0 4.970405  2459455.846019009
ie4h09fpq_ima.fits  G141      0      2        9    59455.341504395  199.5747573673725   9.14984442293644    1 4.970405 2459455.8467250946
ie4h09fqq_ima.fits  G141      0      2       10     59455.34221032  200.5912522226572  10.16633927822113    0 4.970405  2459455.847430994
ie4h09frq_ima.fits  G141      0      2       11    59455.342916435  201.6080206632614  11.18310771882534    1 4.970405  2459455.848137083
ie4h09fsq_ima.fits  G141      0      2       12    59455.343622355  202.6245054602623 12.199592515826225    0 4.970405  2459455.848842975
ie4h09ftq_ima.fits  G141      0      2       13 59455.344328470004  203.6412712186575  13.21635827422142    1 4.970405 2459455.8495490626
ie4h09fuq_ima.fits  G141      0      2       14 59455.345034394995  204.6577613800764 14.232848435640335    0 4.970405 2459455.8502549585
ie4h09fvq_ima.fits  G141      0      2       15    59455.345740505  205.6745170801878 15.249604135751724    1 4.970405  2459455.850961039
ie4h09fwq_ima.fits  G141      0      2       16 59455.346446434996 206.69101126492023  16.26609832048416    0 4.970405 2459455.8516669376
ie4h09fxq_ima.fits  G141      0      2       17 59455.347152539995 207.70775690674782 17.282843962311745    1 4.970405  2459455.852373011
ie4h09fyq_ima.fits  G141      0      2       18 59455.347858470006 208.72424840927124 18.299335464835167    0 4.970405  2459455.853078908
ie4h09fzq_ima.fits  G141      0      2       19     59455.34856458  209.7409987449646 19.316085800528526    1 4.970405 2459455.8537849844
ie4h09g0q_ima.fits  G141      0      2       20    59455.349270505 210.75748018920422 20.332567244768143    0 4.970405 2459455.8544908743
ie4h09g1q_ima.fits  G141      0      2       21     59455.34997662 211.77423387765884  21.34932093322277    1 4.970405 2459455.8551969533
ie4h09g2q_ima.fits  G141      0      2       22 59455.350682539996 212.79070526361465  22.36579231917858    0 4.970405  2459455.855902836
ie4h09g3q_ima.fits  G141      0      2       23    59455.351388655 213.80745694041252 23.382543995976448    1 4.970405 2459455.8566089137
ie4h09g4q_ima.fits  G141      0      2       24     59455.35209458 214.82393234968185  24.39901940524578    0 4.970405 2459455.8573147994
ie4h09g5q_ima.fits  G141      0      2       25     59455.35280069 215.84067329764366 25.415760353207588    1 4.970405 2459455.8580208695
ie4h09g6q_ima.fits  G141      0      2       26     59455.35350662 216.85715340077877 26.432240456342697    0 4.970405 2459455.8587267585
ie4h09g7q_ima.fits  G141      0      2       27     59455.35421273 217.87389166653156  27.44897872209549    1 4.970405 2459455.8594328267
ie4h09g8q_ima.fits  G141      0      2       28    59455.354918655 218.89036171138287 28.465448766946793    0 4.970405 2459455.8601387087
ie4h09g9q_ima.fits  G141      0      2       29    59455.355624765  219.9070979654789 29.482185021042824    1 4.970405 2459455.8608447756
ie4h09gaq_ima.fits  G141      0      2       30     59455.35633069 220.92356532812119 30.498652383685112    0 4.970405 2459455.8615506557
ie4h09gbq_ima.fits  G141      0      2       31    59455.357036805 221.94030560553074 31.515392661094666    1 4.970405 2459455.8622567253
ie4h09gcq_ima.fits  G141      0      2       32     59455.35774273 222.95677162706852 32.531858682632446    0 4.970405 2459455.8629626045
ie4h09gdq_ima.fits  G141      0      2       33 59455.358448839994 223.97350318729877   33.5485902428627    1 4.970405  2459455.863668668
ie4h09geq_ima.fits  G141      0      2       34    59455.359154765 224.98996652662754  34.56505358219147    0 4.970405 2459455.8643745454
ie4h09gfq_ima.fits  G141      0      2       35    59455.359860875 226.00669607520103  35.58178313076496    1 4.970405 2459455.8650806076
ie4h09ggq_ima.fits  G141      0      2       36    59455.360566805 227.02316544950008  36.59825250506401    0 4.970405  2459455.865786489
ie4h09ghq_ima.fits  G141      0      2       37 59455.361272915005 228.03989231586456  37.61497937142849    1 4.970405 2459455.8664925494
ie4h09giq_ima.fits  G141      0      2       38 59455.361978839996 229.05635364353657 38.631440699100494    0 4.970405 2459455.8671984253
ie4h09gjq_ima.fits  G141      0      2       39     59455.36268495 230.07308050990105  39.64816756546497    1 4.970405 2459455.8679044857
ie4h09gkq_ima.fits  G141      0      2       40    59455.363390875 231.08954049646854  40.66462755203247    0 4.970405 2459455.8686103607
ie4h09glq_ima.fits  G141      0      2       41     59455.36409699  232.1062733978033  41.68136045336723    1 4.970405  2459455.869316425
ie4h10gnq_ima.fits  G141      0      3        0     59455.40133069  285.7201534509659                0.0    0 4.970405 2459455.9065482863
ie4h10goq_ima.fits  G141      0      3        1    59455.402036805  286.7369292676449 1.0167758166790009    1 4.970405 2459455.9072543806
ie4h10gpq_ima.fits  G141      0      3        2     59455.40274273  287.7534308284521  2.033277377486229    0 4.970405 2459455.9079602845
ie4h10gqq_ima.fits  G141      0      3        3     59455.40344884  288.7701992690563  3.050045818090439    1 4.970405 2459455.9086663737
ie4h10grq_ima.fits  G141      0      3        4    59455.404154765 289.78669948875904 4.0665460377931595    0 4.970405 2459455.9093722766
ie4h10gsq_ima.fits  G141      0      3        5    59455.404860875  290.8034659177065  5.083312466740608    1 4.970405 2459455.9100783644
ie4h10gtq_ima.fits  G141      0      3        6    59455.405566805  291.8199721723795  6.099818721413612    0 4.970405 2459455.9107842715
ie4h10guq_ima.fits  G141      0      3        7    59455.406272915 292.83673726022243  7.116583809256554    1 4.970405 2459455.9114903584
ie4h10gvq_ima.fits  G141      0      3        8 59455.406978839994  293.8532341271639  8.133080676198006    0 4.970405  2459455.912196259
ie4h10gwq_ima.fits  G141      0      3        9     59455.40768495 294.86999720335007  9.149843752384186    1 4.970405 2459455.9129023445
ie4h10gxq_ima.fits  G141      0      3       10    59455.408390875 295.88649205863476 10.166338607668877    0 4.970405 2459455.9136082437
ie4h10gyq_ima.fits  G141      0      3       11     59455.40909699 296.90325915813446 11.183105707168579    1 4.970405  2459455.914314332
ie4h10gzq_ima.fits  G141      0      3       12 59455.409802915005 297.91975267231464 12.199599221348763    0 4.970405   2459455.91502023
ie4h10h0q_ima.fits  G141      0      3       13    59455.410509025  298.9365103840828 13.216356933116913    1 4.970405  2459455.915726312
ie4h10h1q_ima.fits  G141      0      3       14     59455.41121495  299.9530005455017 14.232847094535828    0 4.970405  2459455.916432208
ie4h10h2q_ima.fits  G141      0      3       15 59455.411921060004 300.96975557506084 15.249602124094963    1 4.970405  2459455.917138288
ie4h10h3q_ima.fits  G141      0      3       16     59455.41262699 301.98625043034554 16.266096979379654    0 4.970405  2459455.917844187
ie4h10h4q_ima.fits  G141      0      3       17      59455.4133331  303.0030021071434  17.28284865617752    1 4.970405 2459455.9185502646
ie4h10h5q_ima.fits  G141      0      3       18 59455.414039024996 304.01948757469654  18.29933412373066    0 4.970405 2459455.9192561572
ie4h10h6q_ima.fits  G141      0      3       19 59455.414745140006  305.0362439453602 19.316090494394302    1 4.970405  2459455.919962238
ie4h10h7q_ima.fits  G141      0      3       20 59455.415451060006   306.052718013525 20.332564562559128    0 4.970405  2459455.920668123
ie4h10h8q_ima.fits  G141      0      3       21    59455.416157175 307.06947170197964 21.349318251013756    1 4.970405  2459455.921374202
ie4h10h9q_ima.fits  G141      0      3       22      59455.4168631  308.0859511345625  22.36579768359661    0 4.970405 2459455.9220800903
ie4h10haq_ima.fits  G141      0      3       23 59455.417569209996 309.10269409418106  23.38254064321518    1 4.970405  2459455.922786162
ie4h10hbq_ima.fits  G141      0      3       24     59455.41827514 310.11917755007744 24.399024099111557    0 4.970405  2459455.923492053
ie4h10hcq_ima.fits  G141      0      3       25    59455.418981245  311.1359104514122  25.41575700044632    1 4.970405 2459455.9241981176
ie4h10hdq_ima.fits  G141      0      3       26    59455.419687175 312.15239122509956 26.432237774133682    0 4.970405  2459455.924904007
ie4h10heq_ima.fits  G141      0      3       27    59455.420393285  313.1691288203001  27.44897536933422    1 4.970405  2459455.925610075
ie4h10hfq_ima.fits  G141      0      3       28     59455.42109921 314.18559953570366 28.465446084737778    0 4.970405  2459455.926315957
ie4h10hgq_ima.fits  G141      0      3       29    59455.421805325    315.20234182477 29.482188373804092    1 4.970405 2459455.9270220282
ie4h10hhq_ima.fits  G141      0      3       30    59455.422511245   316.218803152442 30.498649701476097    0 4.970405  2459455.927727904
ie4h10hiq_ima.fits  G141      0      3       31     59455.42321736  317.2355427592993 31.515389308333397    1 4.970405 2459455.9284339733
ie4h10hjq_ima.fits  G141      0      3       32    59455.423923285 318.25200878083706  32.53185532987118    0 4.970405 2459455.9291398525
ie4h10hkq_ima.fits  G141      0      3       33    59455.424629395 319.26873967051506  33.54858621954918    1 4.970405 2459455.9298459156
ie4h10hlq_ima.fits  G141      0      3       34    59455.425335325  320.2852103859186 34.565056934952736    0 4.970405  2459455.930551798
ie4h10hmq_ima.fits  G141      0      3       35     59455.42604143  321.3019325584173  35.58177910745144    1 4.970405  2459455.931257855
ie4h10hnq_ima.fits  G141      0      3       36 59455.426747360005  322.3184012621641 36.598247811198235    0 4.970405  2459455.931963736
ie4h10hoq_ima.fits  G141      0      3       37     59455.42745347  323.3351294696331  37.61497601866722    1 4.970405 2459455.9326697974
ie4h10hpq_ima.fits  G141      0      3       38    59455.428159395  324.3515907973051 38.631437346339226    0 4.970405 2459455.9333756734
ie4h10hqq_ima.fits  G141      0      3       39 59455.428865509995  325.3683243691921  39.64817091822624    1 4.970405 2459455.9340817383
ie4h10hrq_ima.fits  G141      0      3       40 59455.429571429995 326.38477697968483  40.66462352871895    0 4.970405  2459455.934787608
ie4h10hsq_ima.fits  G141      0      3       41    59455.430277545  327.4015098810196  41.68135643005371    1 4.970405 2459455.9354936727
ie4h11huq_ima.fits  G141      0      4        0 59455.467488099996 380.98205745220184                0.0    0 4.970405 2459455.9727023863
ie4h11hvq_ima.fits  G141      0      4        1     59455.46819421 381.99882589280605   1.01676844060421    1 4.970405 2459455.9734084755
ie4h11hwq_ima.fits  G141      0      4        2    59455.468900135  383.0153274536133  2.033270001411438    0 4.970405 2459455.9741143794
ie4h11hxq_ima.fits  G141      0      4        3     59455.46960625    384.03210259974  3.050045147538185    1 4.970405  2459455.974820473
ie4h11hyq_ima.fits  G141      0      4        4     59455.47031217  385.0485961139202 4.0665386617183685    0 4.970405 2459455.9755263715
ie4h11hzq_ima.fits  G141      0      4        5 59455.471018284996  386.0653692483902 5.0833117961883545    1 4.970405  2459455.976232464
ie4h11i0q_ima.fits  G141      0      4        6     59455.47172421  387.0818681269884  6.099810674786568    0 4.970405  2459455.976938366
ie4h11i1q_ima.fits  G141      0      4        7 59455.472430320006  388.0986325442791  7.116575092077255    1 4.970405 2459455.9776444524
ie4h11i2q_ima.fits  G141      0      4        8     59455.47313625  389.1151374578476  8.133080005645752    0 4.970405 2459455.9783503585
ie4h11i3q_ima.fits  G141      0      4        9    59455.473842355 390.13189248740673  9.149835035204887    1 4.970405 2459455.9790564384
ie4h11i4q_ima.fits  G141      0      4       10    59455.474548285  391.1483947187662  10.16633726656437    0 4.970405 2459455.9797623428
ie4h11i5q_ima.fits  G141      0      4       11    59455.475254395  392.1651551127434 11.183097660541534    1 4.970405 2459455.9804684264
ie4h11i6q_ima.fits  G141      0      4       12     59455.47596032  393.1816479563713 12.199590504169464    0 4.970405  2459455.981174324
ie4h11i7q_ima.fits  G141      0      4       13    59455.476666435 394.19841304421425 13.216355592012405    1 4.970405  2459455.981880411
ie4h11i8q_ima.fits  G141      0      4       14    59455.477372355  395.2148958295584  14.23283837735653    0 4.970405  2459455.982586302
ie4h11i9q_ima.fits  G141      0      4       15     59455.47807847  396.2316582351923 15.249600782990456    1 4.970405  2459455.983292387
ie4h11iaq_ima.fits  G141      0      4       16    59455.478784395 397.24814504384995 16.266087591648102    0 4.970405 2459455.9839982805
ie4h11ibq_ima.fits  G141      0      4       17    59455.479490505  398.2648980617523 17.282840609550476    1 4.970405  2459455.984704359
ie4h11icq_ima.fits  G141      0      4       18 59455.480196435004 399.28138956427574   18.2993321120739    0 4.970405  2459455.985410256
ie4h11idq_ima.fits  G141      0      4       19     59455.48090254 400.29813185334206 19.316074401140213    1 4.970405  2459455.986116327
ie4h11ieq_ima.fits  G141      0      4       20     59455.48160847 401.31462067365646  20.33256322145462    0 4.970405  2459455.986822222
ie4h11ifq_ima.fits  G141      0      4       21 59455.482314580004  402.3313669860363 21.349309533834457    1 4.970405 2459455.9875282957
ie4h11igq_ima.fits  G141      0      4       22    59455.483020505 403.34784507751465 22.365787625312805    0 4.970405 2459455.9882341833
ie4h11ihq_ima.fits  G141      0      4       23 59455.483726620005  404.3645967543125 23.382539302110672    1 4.970405  2459455.988940261
ie4h11iiq_ima.fits  G141      0      4       24 59455.484432540004 405.38106478750706 24.399007335305214    0 4.970405 2459455.9896461414
ie4h11ijq_ima.fits  G141      0      4       25    59455.485138655 406.39781311154366 25.415755659341812    1 4.970405 2459455.9903522166
ie4h11ikq_ima.fits  G141      0      4       26     59455.48584458   407.414285838604  26.43222838640213    0 4.970405 2459455.9910581005
ie4h11ilq_ima.fits  G141      0      4       27 59455.486550689995 408.43102410435677 27.448966652154922    1 4.970405 2459455.9917641687
ie4h11imq_ima.fits  G141      0      4       28     59455.48725662  409.4475008547306 28.465443402528763    0 4.970405 2459455.9924700554
ie4h11inq_ima.fits  G141      0      4       29     59455.48796273 410.46423710882664 29.482179656624794    1 4.970405  2459455.993176122
ie4h11ioq_ima.fits  G141      0      4       30    59455.488668655  411.4807044714689 30.498647019267082    0 4.970405 2459455.9938820023
ie4h11ipq_ima.fits  G141      0      4       31    59455.489374765  412.4974373728037 31.515379920601845    1 4.970405  2459455.994588067
ie4h11iqq_ima.fits  G141      0      4       32     59455.49008069  413.5139027237892  32.53184527158737    0 4.970405 2459455.9952939455
ie4h11irq_ima.fits  G141      0      4       33    59455.490786805   414.530640989542 33.548583537340164    1 4.970405  2459455.996000014
ie4h11isq_ima.fits  G141      0      4       34     59455.49149273   415.547104999423 34.565047547221184    0 4.970405 2459455.9967058916
ie4h11itq_ima.fits  G141      0      4       35     59455.49219884 416.56383387744427 35.581776425242424    1 4.970405 2459455.9974119533
ie4h11iuq_ima.fits  G141      0      4       36    59455.492904765  417.5802958756685  36.59823842346668    0 4.970405 2459455.9981178297
ie4h11ivq_ima.fits  G141      0      4       37    59455.493610875  418.5970240831375  37.61496663093567    1 4.970405  2459455.998823891
ie4h11iwq_ima.fits  G141      0      4       38    59455.494316805 419.61349211633205  38.63143466413021    0 4.970405 2459455.9995297715
ie4h11ixq_ima.fits  G141      0      4       39    59455.495022915  420.6302183121443 39.648160859942436    1 4.970405 2459456.0002358314
ie4h11iyq_ima.fits  G141      0      4       40 59455.495728840004  421.6466782987118  40.66462084650993    0 4.970405 2459456.0009417064
ie4h11izq_ima.fits  G141      0      4       41     59455.49643495 422.66340382397175 41.681346371769905    1 4.970405 2459456.0016477657
ie4h12j1q_ima.fits  G141      0      5        0    59455.533657175 476.26075007021427                0.0    0 4.970405  2459456.038868145
ie4h12j2q_ima.fits  G141      0      5        1    59455.534363285  477.2775185108185   1.01676844060421    1 4.970405 2459456.0395742343
ie4h12j3q_ima.fits  G141      0      5        2 59455.535069210004  478.2940200716257  2.033270001411438    0 4.970405  2459456.040280138
ie4h12j4q_ima.fits  G141      0      5        3    59455.535775325 479.31079387664795 3.0500438064336777    1 4.970405  2459456.040986231
ie4h12j5q_ima.fits  G141      0      5        4    59455.536481245 480.32728739082813  4.066537320613861    0 4.970405 2459456.0416921293
ie4h12j6q_ima.fits  G141      0      5        5 59455.537187359994  481.3440611958504  5.083311125636101    1 4.970405 2459456.0423982223
ie4h12j7q_ima.fits  G141      0      5        6    59455.537893285  482.3605600744486  6.099810004234314    0 4.970405 2459456.0431041243
ie4h12j8q_ima.fits  G141      0      5        7 59455.538599395004  483.3773244917393 7.1165744215250015    1 4.970405 2459456.0438102107
ie4h12j9q_ima.fits  G141      0      5        8    59455.539305325  484.3938287347555  8.133078664541245    0 4.970405 2459456.0445161164
ie4h12jaq_ima.fits  G141      0      5        9     59455.54001143 485.41058376431465   9.14983369410038    1 4.970405 2459456.0452221963
ie4h12jbq_ima.fits  G141      0      5       10 59455.540717359996 486.42708599567413 10.166335925459862    0 4.970405 2459456.0459281006
ie4h12jcq_ima.fits  G141      0      5       11     59455.54142347 487.44384571909904 11.183095648884773    1 4.970405 2459456.0466341837
ie4h12jdq_ima.fits  G141      0      5       12    59455.542129395   488.460338562727 12.199588492512703    0 4.970405 2459456.0473400815
ie4h12jeq_ima.fits  G141      0      5       13     59455.54283551  489.4771036505699 13.216353580355644    1 4.970405 2459456.0480461684
ie4h12jfq_ima.fits  G141      0      5       14     59455.54354143 490.49358643591404 14.232836365699768    0 4.970405  2459456.048752059
ie4h12jgq_ima.fits  G141      0      5       15 59455.544247544996  491.5103481709957  15.24959810078144    1 4.970405 2459456.0494581438
ie4h12jhq_ima.fits  G141      0      5       16     59455.54495347  492.5268356502056  16.26608557999134    0 4.970405  2459456.050164038
ie4h12jiq_ima.fits  G141      0      5       17 59455.545659580006 493.54358799755573  17.28283792734146    1 4.970405  2459456.050870116
ie4h12jjq_ima.fits  G141      0      5       18     59455.54636551  494.5600801706314 18.299330100417137    0 4.970405  2459456.051576013
ie4h12jkq_ima.fits  G141      0      5       19    59455.547071615 495.57682178914547 19.316071718931198    1 4.970405  2459456.052282084
ie4h12jlq_ima.fits  G141      0      5       20    59455.547777545  496.5933106094599 20.332560539245605    0 4.970405  2459456.052987979
ie4h12jmq_ima.fits  G141      0      5       21    59455.548483655 497.61005625128746  21.34930618107319    1 4.970405  2459456.053694052
ie4h12jnq_ima.fits  G141      0      5       22     59455.54918958  498.6265356838703 22.365785613656044    0 4.970405 2459456.0543999407
ie4h12joq_ima.fits  G141      0      5       23    59455.549895695  499.6432860195637 23.382535949349403    1 4.970405 2459456.0551060173
ie4h12jpq_ima.fits  G141      0      5       24    59455.550601615 500.65975472331047   24.3990046530962    0 4.970405 2459456.0558118983
ie4h12jqq_ima.fits  G141      0      5       25     59455.55130773  501.6765023767948 25.415752306580544    1 4.970405  2459456.056517973
ie4h12jrq_ima.fits  G141      0      5       26 59455.552013655004 502.69297510385513  26.43222503364086    0 4.970405  2459456.057223857
ie4h12jsq_ima.fits  G141      0      5       27    59455.552719765  503.7097126990557   27.4489626288414    1 4.970405 2459456.0579299247
ie4h12jtq_ima.fits  G141      0      5       28    59455.553425695 504.72619011998177 28.465440049767494    0 4.970405  2459456.058635812
ie4h12juq_ima.fits  G141      0      5       29      59455.5541318 505.74291832745075  29.48216825723648    1 4.970405  2459456.059341873
ie4h12jvq_ima.fits  G141      0      5       30     59455.55483773 506.75939306616783  30.49864299595356    0 4.970405 2459456.0600477583
ie4h12jwq_ima.fits  G141      0      5       31     59455.55554384 507.77612663805485 31.515376567840576    1 4.970405 2459456.0607538233
ie4h12jxq_ima.fits  G141      0      5       32 59455.556249764995 508.79259265959263  32.53184258937836    0 4.970405 2459456.0614597024
ie4h12jyq_ima.fits  G141      0      5       33 59455.556955880005 509.80933025479317 33.548580184578896    1 4.970405   2459456.06216577
ie4h12jzq_ima.fits  G141      0      5       34 59455.557661800005  510.8257868885994 34.565036818385124    0 4.970405  2459456.062871643
ie4h12k0q_ima.fits  G141      0      5       35    59455.558367915  511.8425231426954 35.581773072481155    1 4.970405 2459456.0635777097
ie4h12k1q_ima.fits  G141      0      5       36     59455.55907384  512.8589844703674  36.59823440015316    0 4.970405 2459456.0642835856
ie4h12k2q_ima.fits  G141      0      5       37 59455.559779949996  513.8757126778364  37.61496260762215    1 4.970405  2459456.064989647
ie4h12k3q_ima.fits  G141      0      5       38     59455.56048588   514.892180711031  38.63143064081669    0 4.970405 2459456.0656955275
ie4h12k4q_ima.fits  G141      0      5       39    59455.561191985  515.9089002013206  39.64815013110638    1 4.970405 2459456.0664015827
ie4h12k5q_ima.fits  G141      0      5       40    59455.561897915  516.9253668934107  40.66461682319641    0 4.970405 2459456.0671074623
ie4h12k6q_ima.fits  G141      0      5       41    59455.562604025  517.9420930892229  41.68134301900864    1 4.970405  2459456.067813522
ie4h13k8q_ima.fits  G141      0      6        0    59455.600555325  572.5892700254917                0.0    0 4.970405 2459456.1057629506
ie4h13k9q_ima.fits  G141      0      6        1     59455.60126143  573.6060304194689 1.0167603939771652    1 4.970405  2459456.106469034
ie4h13kaq_ima.fits  G141      0      6        2 59455.601967359995  574.6225386857986 2.0332686603069305    0 4.970405 2459456.1071749427
ie4h13kbq_ima.fits  G141      0      6        3     59455.60267347  575.6393057852983  3.050035759806633    1 4.970405  2459456.107881031
ie4h13kcq_ima.fits  G141      0      6        4 59455.603379395005  576.6558046638966  4.066534638404846    0 4.970405  2459456.108586933
ie4h13kdq_ima.fits  G141      0      6        5     59455.60408551  577.6725777983665  5.083307772874832    1 4.970405 2459456.1092930255
ie4h13keq_ima.fits  G141      0      6        6     59455.60479143  578.6890679597855  6.099797934293747    0 4.970405 2459456.1099989214
ie4h13kfq_ima.fits  G141      0      6        7    59455.605497545  579.7058384120464  7.116568386554718    1 4.970405  2459456.110705012
ie4h13kgq_ima.fits  G141      0      6        8     59455.60620347  580.7223346084356  8.133064582943916    0 4.970405  2459456.111410912
ie4h13khq_ima.fits  G141      0      6        9 59455.606909580005   581.739095672965  9.149825647473335    1 4.970405  2459456.112116996
ie4h13kiq_ima.fits  G141      0      6       10     59455.60761551    582.75559656322  10.16632653772831    0 4.970405 2459456.1128228996
ie4h13kjq_ima.fits  G141      0      6       11    59455.608321615  583.7723482400179 11.183078214526176    1 4.970405  2459456.113528977
ie4h13kkq_ima.fits  G141      0      6       12    59455.609027545  584.7888464480639 12.199576422572136    0 4.970405 2459456.1142348787
ie4h13klq_ima.fits  G141      0      6       13     59455.60973347  585.8053359389305 13.216065913438797    1 4.970405  2459456.114940774
ie4h13kmq_ima.fits  G141      0      6       14     59455.61043958  586.8220909684896 14.232820942997932    0 4.970405  2459456.115646854
ie4h13knq_ima.fits  G141      0      6       15    59455.611145695  587.8388520330191 15.249582007527351    1 4.970405  2459456.116352938
ie4h13koq_ima.fits  G141      0      6       16    59455.611851615  588.8553301244974   16.2660600990057    0 4.970405 2459456.1170588257
ie4h13kpq_ima.fits  G141      0      6       17    59455.612557545  589.8718216270208  17.28255160152912    1 4.970405 2459456.1177647226
ie4h13kqq_ima.fits  G141      0      6       18    59455.613263655  590.8885706216097 18.299300596117973    0 4.970405 2459456.1184707982
ie4h13krq_ima.fits  G141      0      6       19    59455.613969765  591.9053189456463  19.31604892015457    1 4.970405 2459456.1191768735
ie4h13ksq_ima.fits  G141      0      6       20 59455.614675695004  592.9218057543039 20.332535728812218    0 4.970405  2459456.119882767
ie4h13ktq_ima.fits  G141      0      6       21      59455.6153818  593.9385433495045 21.349273324012756    1 4.970405  2459456.120588835
ie4h13kuq_ima.fits  G141      0      6       22     59455.61608773  594.9550274759531 22.365757450461388    0 4.970405 2459456.1212947266
ie4h13kvq_ima.fits  G141      0      6       23     59455.61679384  595.9717697650194 23.382499739527702    1 4.970405 2459456.1220007977
ie4h13kwq_ima.fits  G141      0      6       24    59455.617499765  596.9882438331842 24.398973807692528    0 4.970405 2459456.1227066824
ie4h13kxq_ima.fits  G141      0      6       25 59455.618205880004  598.0049894750118  25.41571944952011    1 4.970405  2459456.123412756
ie4h13kyq_ima.fits  G141      0      6       26 59455.618911800004  599.0214541554451 26.432184129953384    0 4.970405  2459456.124118634
ie4h13kzq_ima.fits  G141      0      6       27    59455.619617915  600.0381977856159 27.448927760124207    1 4.970405  2459456.124824706
ie4h13l0q_ima.fits  G141      0      6       28     59455.62032384  601.0546664893627 28.465396463871002    0 4.970405  2459456.125530587
ie4h13l1q_ima.fits  G141      0      6       29 59455.621029949994   602.071400731802 29.482130706310272    1 4.970405 2459456.1262366525
ie4h13l2q_ima.fits  G141      0      6       30 59455.621735880006  603.0878747999668 30.498604774475098    0 4.970405 2459456.1269425373
ie4h13l3q_ima.fits  G141      0      6       31 59455.622441985004  604.1045996546745 31.515329629182816    1 4.970405  2459456.127648596
ie4h13l4q_ima.fits  G141      0      6       32    59455.623147915  605.1210710406303 32.531801015138626    0 4.970405  2459456.128354479
ie4h13l5q_ima.fits  G141      0      6       33     59455.62385384  606.1375343799591  33.54826435446739    1 4.970405 2459456.1290603564
ie4h13l6q_ima.fits  G141      0      6       34 59455.624559949996  607.1542632579803  34.56499323248863    0 4.970405  2459456.129766418
ie4h13l7q_ima.fits  G141      0      6       35    59455.625266065  608.1709988415241  35.58172881603241    1 4.970405 2459456.1304724845
ie4h13l8q_ima.fits  G141      0      6       36    59455.625971985  609.1874527931213  36.59818276762962    0 4.970405 2459456.1311783553
ie4h13l9q_ima.fits  G141      0      6       37    59455.626677915  610.2039208263159 37.614650800824165    1 4.970405  2459456.131884236
ie4h13laq_ima.fits  G141      0      6       38    59455.627384025  611.2206476926804 38.631377667188644    0 4.970405  2459456.132590296
ie4h13lbq_ima.fits  G141      0      6       39    59455.628090135  612.2373732179403 39.648103192448616    1 4.970405 2459456.1332963556
ie4h14ldq_ima.fits  G141      0      7        0 59455.670902540005  673.8842748105526                0.0    0 4.970405  2459456.176106704
ie4h14leq_ima.fits  G141      0      7        1    59455.671608655  674.9010452628136  1.016770452260971    1 4.970405 2459456.1768127945
ie4h14lfq_ima.fits  G141      0      7        2     59455.67231458  675.9175414592028 2.0332666486501694    0 4.970405 2459456.1775186947
ie4h14lgq_ima.fits  G141      0      7        3    59455.673020505  676.9340356439352 3.0497608333826065    1 4.970405 2459456.1782245934
ie4h14lhq_ima.fits  G141      0      7        4     59455.67372662  677.9508034139872  4.066528603434563    0 4.970405  2459456.178930682
ie4h14liq_ima.fits  G141      0      7        5     59455.67443273  678.9675617963076  5.083286985754967    1 4.970405 2459456.1796367643
ie4h14ljq_ima.fits  G141      0      7        6    59455.675138655   679.984053298831  6.099778488278389    0 4.970405  2459456.180342661
ie4h14lkq_ima.fits  G141      0      7        7    59455.675844765  681.0008089989424  7.116534188389778    1 4.970405 2459456.1810487416
ie4h14llq_ima.fits  G141      0      7        8     59455.67655069  682.0172978192568  8.133023008704185    0 4.970405 2459456.1817546366
ie4h14lmq_ima.fits  G141      0      7        9    59455.677256805   683.034058213234   9.14978340268135    1 4.970405   2459456.18246072
ie4h14lnq_ima.fits  G141      0      7       10     59455.67796273  684.0505443513393 10.166269540786743    0 4.970405 2459456.1831666133
ie4h14loq_ima.fits  G141      0      7       11 59455.678668655004   685.067028477788 11.182753667235374    1 4.970405  2459456.183872505
ie4h14lpq_ima.fits  G141      0      7       12    59455.679374765  686.0837781429291  12.19950333237648    0 4.970405 2459456.1845785812
ie4h14lqq_ima.fits  G141      0      7       13    59455.680080875  687.1005251258612  13.21625031530857    1 4.970405 2459456.1852846555
ie4h14lrq_ima.fits  G141      0      7       14    59455.680786805  688.1170132756233 14.232738465070724    0 4.970405   2459456.18599055
ie4h14lsq_ima.fits  G141      0      7       15    59455.681492915  689.1337575763464   15.2494827657938    1 4.970405 2459456.1866966225
ie4h14ltq_ima.fits  G141      0      7       16 59455.682198840004  690.1502349972725 16.265960186719894    0 4.970405 2459456.1874025096
ie4h14luq_ima.fits  G141      0      7       17     59455.68290495  691.1669759452343   17.2827011346817    1 4.970405 2459456.1881085797
ie4h14lvq_ima.fits  G141      0      7       18    59455.683610875  692.1834506839514  18.29917587339878    0 4.970405  2459456.188814465
ie4h14lwq_ima.fits  G141      0      7       19 59455.684316804996  693.1999307870865  19.31565597653389    1 4.970405  2459456.189520354
ie4h14lxq_ima.fits  G141      0      7       20    59455.685022915   694.216668382287  20.33239357173443    0 4.970405 2459456.1902264217
ie4h14lyq_ima.fits  G141      0      7       21 59455.685729025005   695.233404636383  21.34912982583046    1 4.970405 2459456.1909324885
ie4h14lzq_ima.fits  G141      0      7       22     59455.68643495  696.2498740106821  22.36559920012951    0 4.970405   2459456.19163837
ie4h14m0q_ima.fits  G141      0      7       23    59455.687140875  697.2663413733244 23.382066562771797    1 4.970405   2459456.19234425
ie4h14m1q_ima.fits  G141      0      7       24     59455.68784699   698.283081650734  24.39880684018135    0 4.970405   2459456.19305032
ie4h14m2q_ima.fits  G141      0      7       25      59455.6885531  699.2998138815165  25.41553907096386    1 4.970405  2459456.193756384
ie4h14m3q_ima.fits  G141      0      7       26    59455.689259025  700.3162778913975  26.43200308084488    0 4.970405 2459456.1944622616
ie4h14m4q_ima.fits  G141      0      7       27     59455.68996495  701.3327419012785   27.4484670907259    1 4.970405 2459456.1951681394
ie4h14m5q_ima.fits  G141      0      7       28     59455.69067106   702.349471449852 28.465196639299393    0 4.970405 2459456.1958742016
ie4h14m6q_ima.fits  G141      0      7       29    59455.691377175  703.3662063628435 29.481931552290916    1 4.970405 2459456.1965802675
ie4h14m7q_ima.fits  G141      0      7       30      59455.6920831  704.3826676905155  30.49839287996292    0 4.970405 2459456.1972861434
ie4h14m8q_ima.fits  G141      0      7       31    59455.692789025  705.3991283476353 31.514853537082672    1 4.970405  2459456.197992019
ie4h14m9q_ima.fits  G141      0      7       32     59455.69349514  706.4158619195223  32.53158710896969    0 4.970405  2459456.198698084
ie4h14maq_ima.fits  G141      0      7       33    59455.694201245  707.4325807392597  33.54830592870712    1 4.970405 2459456.1994041386
================== ===== ====== ====== ======== ================== ================== ================== ==== ======== ==================
